3,1,-0.02,417.05,34.03,45.61,0.8829,1,1
3,2,-0.67,449.34,42.21,49.46,0.7729,1,1
3,3,103.58,572.79,17.01,30.18,0.6698,1,1
4,1,0.18,417.04,33.61,45.60,0.8829,1,1
4,2,-0.35,449.07,41.41,49.70,0.7729,1,1
4,3,103.53,572.69,17.10,30.26,0.6714,1,1
5,1,-0.01,416.59,32.73,45.30,0.8773,1,1
5,2,-0.49,447.71,40.75,50.26,0.7711,1,1
5,3,103.58,572.63,17.15,30.31,0.6621,1,1
6,1,0.21,416.20,31.79,44.03,0.8664,1,1
6,2,-0.66,445.52,40.25,51.84,0.7817,1,1
6,3,103.51,572.46,17.21,30.47,0.6678,1,1
7,1,0.31,415.57,31.60,43.55,0.8642,1,1
7,2,-1.10,442.67,40.41,54.70,0.7817,1,1
7,3,103.56,572.69,17.12,30.33,0.6611,1,1
8,1,0.20,415.02,31.43,43.14,0.8702,1,1
8,2,-0.48,442.43,38.69,55.02,0.7952,1,1
8,3,103.45,572.57,17.17,30.72,0.6639,1,1
9,1,0.66,414.81,30.43,40.28,0.8613,1,1
9,2,-0.45,440.33,38.35,57.00,0.7976,1,1
9,3,103.32,572.62,17.68,31.78,0.6606,1,1
10,1,0.37,414.77,30.93,40.28,0.8617,1,1
10,2,0.04,440.24,37.33,57.07,0.7985,1,1
10,3,103.48,572.53,17.06,30.92,0.6616,1,1
11,1,0.09,414.43,31.20,40.60,0.8622,1,1
11,2,0.09,439.06,36.57,57.53,0.7996,1,1
11,3,103.49,572.28,16.91,30.72,0.6731,1,1
12,1,0.62,413.47,30.55,38.17,0.8684,1,1
12,2,0.26,438.70,35.24,57.14,0.7964,1,1
12,3,103.53,572.27,16.85,30.65,0.6669,1,1
13,1,0.57,412.84,30.61,36.97,0.8656,1,1
13,2,0.36,437.80,34.15,56.47,0.7893,1,1
13,3,103.61,572.39,16.76,30.51,0.6601,1,1
14,1,0.07,412.06,31.20,37.70,0.8563,1,1
14,2,0.86,436.95,32.64,54.08,0.7869,1,1
14,3,103.35,572.73,17.33,31.45,0.6401,1,1
15,1,0.19,411.06,30.85,36.93,0.8585,1,1
15,2,1.39,436.48,31.54,51.93,0.7715,1,1
15,3,103.36,572.26,17.12,31.23,0.6482,1,1
16,1,0.13,411.02,30.97,36.91,0.8588,1,1
16,2,1.40,436.47,31.53,51.65,0.7695,1,1
16,3,103.28,572.36,17.54,31.99,0.6458,1,1
17,1,-0.00,410.58,31.34,37.53,0.8551,1,1
17,2,1.68,436.31,30.97,49.52,0.7779,1,1
17,3,103.29,572.31,17.61,32.18,0.6472,1,1
18,1,-0.26,410.99,31.83,38.87,0.8506,1,1
18,2,1.46,435.59,32.09,50.63,0.7732,1,1
18,3,103.22,572.27,17.76,32.55,0.6710,1,1
19,1,-0.41,411.44,32.34,40.67,0.8513,1,1
19,2,1.44,435.60,32.41,50.19,0.7879,1,1
19,3,103.34,572.23,17.64,32.34,0.6666,1,1
20,1,-0.49,411.81,32.34,42.27,0.8563,1,1
20,2,2.01,436.08,32.59,49.17,0.7626,1,1
20,3,103.28,572.15,17.69,32.42,0.6624,1,1
21,1,0.13,412.13,32.12,41.95,0.8652,1,1
21,2,2.44,435.99,32.86,48.49,0.7557,1,1
21,3,103.12,572.20,17.80,32.72,0.6862,1,1
22,1,0.15,412.20,32.10,41.88,0.8650,1,1
22,2,2.24,435.96,33.34,48.47,0.7562,1,1
22,3,103.13,572.20,17.76,32.71,0.6838,1,1
23,1,-0.00,411.91,32.76,43.31,0.8705,1,1
23,2,1.22,437.58,35.53,51.00,0.7691,1,1
23,3,103.08,572.09,17.78,32.71,0.6813,1,1
24,1,0.30,412.52,32.20,42.28,0.8741,1,1
24,2,1.34,438.65,35.95,50.91,0.7817,1,1
24,3,103.14,572.07,17.76,32.71,0.6787,1,1
25,1,0.37,412.65,32.51,42.29,0.8752,1,1
25,2,1.89,439.23,35.65,49.58,0.7710,1,1
25,3,103.08,572.14,17.79,32.76,0.6811,1,1
26,1,0.21,412.54,33.03,43.32,0.8750,1,1
26,2,1.80,439.70,37.29,52.07,0.7967,1,1
26,3,103.23,571.94,17.29,31.91,0.6618,1,1
27,1,0.33,412.84,33.51,43.99,0.8790,1,1
27,2,1.74,441.17,37.60,52.34,0.8181,1,1
27,3,103.30,571.66,17.34,32.00,0.6853,1,1
28,1,0.36,412.95,33.44,43.84,0.8788,1,1
28,2,1.70,441.21,37.69,52.40,0.8177,1,1
28,3,103.32,571.56,17.36,32.04,0.6912,1,1
29,1,0.38,413.12,34.84,45.62,0.8772,1,1
29,2,1.97,442.34,38.40,53.71,0.8249,1,1
29,3,103.33,571.66,17.35,32.04,0.6811,1,1
30,1,0.25,412.34,36.02,47.34,0.8931,1,1
30,2,3.30,445.59,37.52,51.90,0.8010,1,1
30,3,103.40,571.88,17.19,31.74,0.6880,1,1
31,1,0.31,412.34,36.56,48.06,0.8985,1,1
31,2,3.69,448.22,36.94,50.07,0.7842,1,1
31,3,103.38,571.70,17.22,31.90,0.6906,1,1
32,1,0.51,412.62,37.08,48.13,0.8919,1,1
32,2,3.46,448.63,37.80,50.60,0.7715,1,1
32,3,103.36,571.63,17.20,31.94,0.6972,1,1
33,1,0.34,413.01,37.94,49.23,0.8864,1,1
33,2,3.99,450.22,37.41,49.11,0.7563,1,1
33,3,103.31,571.57,17.19,32.03,0.6980,1,1
34,1,0.34,413.00,37.97,49.25,0.8864,1,1
34,2,3.77,450.29,37.88,49.05,0.7560,1,1
34,3,103.34,571.59,17.15,32.02,0.6968,1,1
35,1,0.54,412.89,38.65,49.41,0.8772,1,1
35,2,4.43,450.45,37.48,47.77,0.7728,1,1
35,3,103.37,571.65,17.13,32.03,0.6961,1,1
36,1,0.37,412.79,39.32,49.95,0.8732,1,1
36,2,4.70,451.42,37.52,47.03,0.7758,1,1
36,3,103.40,571.60,17.13,32.11,0.6953,1,1
37,1,0.37,412.83,39.69,50.09,0.8668,1,1
37,2,5.26,452.49,37.16,45.63,0.7885,1,1
37,3,103.38,571.60,17.11,32.11,0.6948,1,1
38,1,0.35,413.10,40.05,50.63,0.8617,1,1
38,2,5.51,452.74,37.41,45.32,0.7948,1,1
38,3,103.42,571.60,17.11,32.23,0.6938,1,1
39,1,0.41,413.49,39.99,50.33,0.8598,1,1
39,2,5.40,452.86,37.78,45.28,0.8053,1,1
39,3,103.49,571.55,17.09,32.32,0.6917,1,1
40,1,0.38,413.49,40.11,50.32,0.8597,1,1
40,2,5.29,452.85,38.01,45.28,0.8053,1,1
40,3,103.50,571.55,17.06,32.34,0.6907,1,1
41,1,0.49,413.87,40.24,50.04,0.8572,1,1
41,2,5.76,453.10,37.40,44.05,0.8106,1,1
41,3,103.45,571.66,17.02,32.25,0.6895,1,1
42,1,0.48,413.88,40.70,50.19,0.8567,1,1
42,2,5.84,453.23,37.37,43.45,0.8130,1,1
42,3,103.55,571.61,16.99,32.16,0.6873,1,1
43,1,0.58,414.47,40.89,49.79,0.8541,1,1
43,2,5.90,453.29,37.40,42.96,0.8088,1,1
43,3,103.55,571.56,16.97,32.05,0.6836,1,1
44,1,0.61,414.81,41.00,49.28,0.8531,1,1
44,2,5.71,453.07,38.27,43.95,0.8051,1,1
44,3,103.56,571.55,17.15,32.17,0.6912,1,1
45,1,0.58,414.94,41.36,49.03,0.8542,1,1
45,2,5.75,453.03,38.40,44.18,0.8008,1,1
45,3,103.47,571.45,17.32,32.30,0.6929,1,1
46,1,0.45,414.95,41.65,49.02,0.8542,1,1
46,2,5.76,452.98,38.40,44.24,0.8011,1,1
46,3,103.44,571.45,17.39,32.30,0.6924,1,1
47,1,0.31,414.88,42.22,49.89,0.8509,1,1
47,2,6.05,453.07,38.60,44.26,0.8018,1,1
47,3,103.45,571.51,17.27,32.08,0.6976,1,1
48,1,0.18,415.22,42.37,50.55,0.8481,1,1
48,2,6.16,452.55,39.24,45.32,0.8119,1,1
48,3,103.43,571.27,17.28,32.18,0.6993,1,1
49,1,0.20,415.78,42.37,51.25,0.8531,1,1
49,2,6.31,450.04,40.62,47.49,0.7923,1,1
49,3,103.28,571.10,17.41,32.45,0.6963,1,1
50,1,-0.95,415.60,44.70,57.45,0.8480,1,1
50,2,6.58,450.69,40.28,46.75,0.7885,1,1
50,3,103.30,571.04,17.40,32.49,0.6952,1,1
51,1,-0.30,416.21,43.38,57.98,0.8490,1,1
51,2,6.83,448.84,41.87,48.05,0.7910,1,1
51,3,103.30,571.00,17.44,32.60,0.6879,1,1
52,1,0.15,416.22,42.47,57.97,0.8490,1,1
52,2,6.70,448.75,42.22,48.13,0.7907,1,1
52,3,103.34,571.00,17.42,32.57,0.6905,1,1
53,1,-0.75,416.27,45.01,64.83,0.8446,1,1
53,2,5.90,447.93,43.00,48.83,0.7718,1,1
53,3,103.41,571.03,17.40,32.62,0.6947,1,1
54,1,-0.59,415.92,44.63,67.28,0.8435,1,1
54,2,6.39,447.43,42.53,48.38,0.7706,1,1
54,3,103.42,570.93,17.37,32.63,0.6952,1,1
55,1,-0.29,415.82,43.77,68.18,0.8396,1,1
55,2,7.89,447.85,42.04,48.13,0.7845,1,1
55,3,103.53,570.93,17.30,32.50,0.6973,1,1
56,1,-0.44,415.73,44.44,71.89,0.8399,1,1
56,2,7.36,447.78,42.43,48.50,0.7719,1,1
56,3,103.48,570.97,17.26,32.40,0.6868,1,1
57,1,-0.13,415.72,43.23,71.75,0.8396,1,1
57,2,7.43,447.88,42.34,48.23,0.7706,1,1
57,3,103.58,571.00,17.28,32.26,0.6901,1,1
58,1,0.17,415.70,42.61,71.73,0.8396,1,1
58,2,7.35,447.88,42.43,48.22,0.7702,1,1
58,3,103.56,571.00,17.34,32.26,0.6891,1,1
59,1,0.41,415.71,41.99,70.82,0.8399,1,1
59,2,7.98,447.60,42.71,49.11,0.7382,1,1
59,3,103.50,570.96,17.42,32.31,0.6912,1,1
60,1,0.37,415.73,41.81,70.72,0.8417,1,1
60,2,8.44,447.44,42.21,49.15,0.7269,1,1
60,3,103.34,570.86,17.63,32.74,0.6880,1,1
61,1,0.05,415.40,42.30,72.48,0.8418,1,1
61,2,9.02,447.44,41.98,49.45,0.6993,1,1
61,3,103.11,571.18,17.65,32.94,0.6252,1,1
62,1,-0.23,414.15,42.55,74.58,0.8430,1,1
62,2,8.64,447.54,42.03,49.89,0.6933,1,1
62,3,103.24,571.64,17.26,32.28,0.6442,1,1
63,1,-0.04,413.94,42.35,75.33,0.8428,1,1
63,2,8.49,447.57,41.98,50.05,0.6827,1,1
63,3,103.31,571.63,17.22,32.21,0.6414,1,1
64,1,0.12,413.94,42.05,75.42,0.8430,1,1
64,2,8.44,447.51,41.92,50.15,0.6809,1,1
64,3,103.33,571.62,17.22,32.20,0.6426,1,1
65,1,0.24,414.03,42.10,75.82,0.8432,1,1
65,2,7.64,446.90,42.27,50.53,0.6572,1,1
65,3,103.36,571.62,17.19,32.11,0.6504,1,1
66,1,0.30,414.06,42.03,75.84,0.8444,1,1
66,2,7.46,446.82,42.31,50.45,0.6359,1,1
66,3,103.36,571.49,17.23,32.20,0.6592,1,1
67,1,0.28,414.17,41.95,75.90,0.8449,1,1
67,2,7.11,446.75,42.46,50.44,0.6095,1,1
67,3,103.34,571.51,17.23,32.19,0.6558,1,1
68,1,0.32,414.29,41.49,75.24,0.8467,1,1
68,2,7.29,445.96,42.48,50.40,0.6226,1,1
68,3,103.36,571.67,17.17,32.01,0.6408,1,1
69,1,0.37,414.05,41.09,74.52,0.8480,1,1
69,2,7.17,445.23,42.55,50.29,0.6462,1,1
69,3,103.33,571.61,17.22,32.06,0.6418,1,1
70,1,0.38,414.06,41.06,74.44,0.8478,1,1
70,2,7.17,445.17,42.64,50.26,0.6483,1,1
70,3,103.33,571.61,17.23,32.04,0.6431,1,1
71,1,0.42,413.97,40.77,73.81,0.8473,1,1
71,2,7.20,444.96,42.82,50.53,0.6363,1,1
71,3,103.30,571.61,17.26,32.07,0.6401,1,1
72,1,0.26,413.47,41.24,75.03,0.8499,1,1
72,2,6.89,444.10,43.01,50.77,0.6630,1,1
72,3,103.30,571.70,17.24,31.97,0.6406,1,1
73,1,0.42,413.47,40.70,73.83,0.8482,1,1
73,2,6.80,443.65,43.06,50.75,0.6504,1,1
73,3,103.30,571.77,17.22,31.89,0.6391,1,1
74,1,0.24,413.17,40.85,74.63,0.8494,1,1
74,2,6.50,443.05,43.61,51.60,0.6537,1,1
74,3,103.28,571.78,17.25,31.90,0.6377,1,1
75,1,0.14,413.29,40.78,75.43,0.8503,1,1
75,2,6.68,442.97,43.66,52.03,0.6463,1,1
75,3,103.24,571.67,17.35,32.08,0.6370,1,1
76,1,0.25,413.31,40.56,75.54,0.8503,1,1
76,2,6.76,442.99,43.47,52.10,0.6464,1,1
76,3,103.25,571.65,17.37,32.09,0.6375,1,1
77,1,0.32,413.18,39.93,74.69,0.8507,1,1
77,2,7.29,442.64,42.83,51.64,0.6719,1,1
77,3,103.30,571.68,17.35,32.10,0.6542,1,1
78,1,0.35,412.89,39.83,74.76,0.8511,1,1
78,2,7.39,442.70,42.78,51.94,0.6697,1,1
78,3,103.33,571.74,17.30,32.03,0.6512,1,1
79,1,0.31,412.63,39.85,75.20,0.8520,1,1
79,2,7.22,442.68,42.75,52.05,0.6632,1,1
79,3,103.35,571.83,17.29,32.04,0.6469,1,1
80,1,0.20,412.53,40.00,76.35,0.8537,1,1
80,2,4.59,441.13,43.29,52.68,0.6452,1,1
80,3,103.38,571.81,17.26,31.98,0.6470,1,1
81,1,0.25,412.51,39.84,76.81,0.8541,1,1
81,2,6.66,442.17,43.07,52.60,0.6656,1,1
81,3,103.34,571.91,17.26,31.94,0.6529,1,1
82,1,0.32,412.38,39.68,76.98,0.8544,1,1
82,2,6.94,442.29,42.90,52.53,0.6654,1,1
82,3,103.34,571.91,17.28,31.92,0.6535,1,1
83,1,0.32,412.13,39.73,77.57,0.8552,1,1
83,2,7.38,442.20,42.44,52.23,0.6562,1,1
83,3,103.30,571.86,17.35,32.02,0.6458,1,1
84,1,-0.05,411.89,39.78,80.23,0.8528,1,1
84,2,5.04,440.70,43.97,54.24,0.6416,1,1
84,3,103.30,571.87,17.35,31.99,0.6498,1,1
85,1,0.33,412.59,37.63,77.41,0.8471,1,1
85,2,4.76,440.29,44.16,55.05,0.6654,1,1
85,3,103.26,571.89,17.44,32.14,0.6365,1,1
86,1,2.51,412.42,33.79,62.15,0.8512,1,1
86,2,5.52,440.88,43.41,54.45,0.7435,1,1
86,3,103.21,571.83,17.50,32.21,0.6327,1,1
87,1,2.43,412.93,33.86,55.95,0.8521,1,1
87,2,4.74,439.80,42.29,54.07,0.7678,1,1
87,3,103.14,571.66,17.59,32.28,0.6297,1,1
87,6,1222.64,67.63,16.19,26.50,0.6820,1,1
88,1,1.58,412.94,35.57,55.86,0.8521,1,1
88,2,4.92,439.74,41.80,54.06,0.7676,1,1
88,3,103.16,571.62,17.62,32.23,0.6341,1,1
88,6,1222.72,67.89,16.33,26.40,0.6817,1,1
89,1,2.31,413.08,33.94,48.32,0.8472,1,1
89,2,4.20,439.28,40.24,54.66,0.8066,1,1
89,3,103.21,571.71,17.57,32.02,0.6189,1,1
89,6,1222.37,68.03,17.06,27.99,0.7014,1,1
90,1,2.18,412.71,35.74,46.83,0.8392,1,1
90,2,3.81,442.30,39.83,55.89,0.8221,1,1
90,3,103.18,571.81,17.64,32.11,0.6120,1,1
90,6,1222.61,69.01,17.04,28.34,0.6444,1,1
91,1,2.97,412.06,34.78,40.00,0.8367,1,1
91,2,3.39,444.55,38.32,52.60,0.7934,1,1
91,3,103.18,571.97,17.61,32.03,0.6036,1,1
91,6,1223.09,70.83,17.05,28.73,0.6860,1,1
92,1,2.31,411.57,36.42,37.90,0.8427,1,1
92,2,3.48,444.95,37.06,48.17,0.7926,1,1
92,3,103.21,572.03,17.57,31.96,0.6251,1,1
92,6,1222.27,72.54,17.34,29.24,0.7381,1,1
93,1,1.39,411.74,38.55,38.49,0.8347,1,1
93,2,2.89,445.96,37.88,47.17,0.7925,1,1
93,3,103.10,572.03,18.13,32.79,0.6471,1,1
93,6,1220.25,75.28,18.14,31.04,0.6944,1,1
94,1,0.93,411.73,39.47,38.53,0.8349,1,1
94,2,2.41,446.00,38.85,47.12,0.7924,1,1
94,3,103.06,572.01,18.25,32.89,0.6460,1,1
94,6,1220.19,75.48,18.02,31.18,0.6940,1,1
95,1,0.30,411.48,41.18,40.47,0.8440,1,1
95,2,2.01,446.34,39.69,47.39,0.8102,1,1
95,3,103.07,572.02,18.28,32.89,0.6543,1,1
95,6,1219.91,78.74,16.99,29.39,0.6156,1,1
96,1,0.35,411.55,41.22,40.68,0.8528,1,1
96,2,1.52,446.32,40.16,47.12,0.8203,1,1
96,3,103.15,572.18,18.30,32.91,0.6879,1,1
96,6,1217.82,82.09,17.28,28.79,0.6203,1,1
97,1,0.42,411.64,41.14,40.66,0.8524,1,1
97,2,1.43,446.37,40.51,47.15,0.8189,1,1
97,3,103.11,572.07,18.35,33.06,0.6871,1,1
97,6,1217.30,86.08,16.62,26.54,0.4686,1,1
97,8,1254.84,0.01,24.89,19.83,0.3158,1,1
98,1,0.49,411.61,40.96,40.42,0.8528,1,1
98,2,1.32,446.30,40.74,47.35,0.8197,1,1
98,3,103.14,572.12,18.25,32.94,0.6782,1,1
98,6,1216.56,89.41,17.29,27.03,0.2800,1,1
98,8,1254.46,0.01,25.75,20.51,0.3662,1,1
99,1,0.47,411.62,41.07,40.52,0.8516,1,1
99,2,1.28,446.26,40.79,47.36,0.8197,1,1
99,3,103.14,572.12,18.21,32.91,0.6721,1,1
99,8,1253.67,0.01,26.44,21.06,0.4656,1,1
99,9,1210.60,89.46,22.34,29.79,0.5828,1,1
100,1,0.44,411.57,41.13,40.61,0.8515,1,1
100,2,1.27,446.28,40.83,47.40,0.8200,1,1
100,3,103.14,572.10,18.20,32.93,0.6722,1,1
100,8,1253.55,-0.01,26.55,21.15,0.4653,1,1
100,9,1210.77,89.47,22.09,30.06,0.5882,1,1
101,1,0.42,411.53,41.13,40.67,0.8517,1,1
101,2,1.27,446.27,40.85,47.40,0.8169,1,1
101,3,103.13,572.11,18.18,32.94,0.6724,1,1
101,8,1252.90,0.00,26.83,21.46,0.4802,1,1
101,9,1211.04,90.33,20.16,28.19,0.6702,1,1
102,1,0.36,411.60,41.27,40.98,0.8528,1,1
102,2,1.31,446.63,40.61,47.00,0.8186,1,1
102,3,103.11,571.99,18.26,33.20,0.6750,1,1
102,8,1252.16,0.01,27.15,21.80,0.4724,1,1
102,9,1211.36,90.01,18.34,25.87,0.6075,1,1
103,1,0.40,411.57,41.20,41.00,0.8519,1,1
103,2,1.22,446.64,40.85,47.33,0.8215,1,1
103,3,103.01,572.06,18.29,33.33,0.6822,1,1
103,8,1251.12,1.96,27.33,22.38,0.6182,1,1
104,1,0.42,411.58,41.18,41.04,0.8505,1,1
104,2,1.22,446.58,40.93,47.42,0.8215,1,1
104,3,103.03,572.07,18.25,33.31,0.6808,1,1
104,8,1249.89,2.14,27.35,22.74,0.6194,1,1
105,1,0.44,411.47,40.95,40.81,0.8492,1,1
105,2,1.26,446.58,40.68,47.07,0.8228,1,1
105,3,103.04,572.17,18.20,33.28,0.6843,1,1
105,8,1246.23,1.46,29.02,24.65,0.6222,1,1
106,1,0.43,411.47,40.96,40.84,0.8493,1,1
106,2,1.26,446.60,40.71,47.05,0.8225,1,1
106,3,103.07,572.15,18.18,33.27,0.6833,1,1
106,8,1246.05,1.37,28.82,24.87,0.6226,1,1
107,1,0.41,411.40,40.84,40.75,0.8477,1,1
107,2,1.10,446.35,40.73,47.17,0.8195,1,1
107,3,103.05,572.15,18.16,33.28,0.6852,1,1
107,8,1243.77,1.90,28.95,25.99,0.7353,1,1
107,11,1289.37,113.21,18.81,25.51,0.4781,1,1
108,1,0.43,411.51,40.91,40.87,0.8493,1,1
108,2,1.34,446.72,40.30,46.30,0.8193,1,1
108,3,103.23,572.09,18.09,33.24,0.6850,1,1
108,8,1241.46,1.70,30.11,29.03,0.7845,1,1
109,1,0.49,411.58,40.73,40.61,0.8500,1,1
109,2,1.18,446.60,40.87,46.80,0.8178,1,1
109,3,103.29,572.08,18.01,33.17,0.6831,1,1
109,8,1238.57,2.20,30.30,32.11,0.8084,1,1
110,1,0.52,411.64,40.67,40.44,0.8499,1,1
110,2,1.17,446.59,41.01,46.91,0.8193,1,1
110,3,103.27,572.01,18.02,33.27,0.6804,1,1
110,8,1236.35,2.81,29.75,32.43,0.7652,1,1
111,1,0.56,411.67,40.53,40.09,0.8491,1,1
111,2,1.09,446.35,41.13,47.04,0.8173,1,1
111,3,103.48,572.12,17.22,31.88,0.6345,1,1
111,8,1232.14,4.04,30.37,34.01,0.6536,1,1
112,1,0.51,411.67,40.63,40.08,0.8491,1,1
112,2,1.09,446.34,41.12,47.02,0.8173,1,1
112,3,103.52,572.08,17.12,31.75,0.6359,1,1
112,8,1232.06,4.14,29.74,34.17,0.6541,1,1
113,1,0.52,411.62,40.57,39.91,0.8477,1,1
113,2,1.00,446.21,41.12,47.10,0.8142,1,1
113,3,103.34,572.17,17.75,32.92,0.6431,1,1
113,8,1230.83,4.94,27.93,34.39,0.7814,1,1
113,12,1231.45,0.02,38.75,23.80,0.4386,1,1
114,1,0.57,411.60,40.41,39.56,0.8450,1,1
114,2,1.02,446.05,41.08,47.09,0.8125,1,1
114,3,103.46,572.21,17.11,31.80,0.6442,1,1
114,8,1228.28,6.61,27.67,34.84,0.8232,1,1
114,12,1229.69,0.00,36.73,22.91,0.4827,1,1
115,1,0.79,411.03,39.15,37.59,0.8466,1,1
115,2,1.04,445.48,40.62,46.88,0.8076,1,1
115,3,103.44,572.13,17.09,31.89,0.6583,1,1
115,8,1225.87,8.20,28.47,35.41,0.8212,1,1
115,12,1228.43,-0.00,34.16,21.32,0.3703,1,1
116,1,0.66,410.85,38.57,36.54,0.8370,1,1
116,2,1.90,445.34,40.42,46.98,0.7995,1,1
116,3,103.45,572.00,17.12,32.02,0.6549,1,1
116,8,1223.00,5.04,27.46,35.92,0.8531,1,1
116,12,1222.00,0.01,39.03,25.34,0.5173,1,1
117,1,0.67,411.82,37.84,35.13,0.8407,1,1
117,2,2.27,442.96,38.14,43.76,0.7941,1,1
117,3,103.45,571.98,17.11,32.01,0.6541,1,1
117,8,1222.84,9.14,26.36,34.12,0.8279,1,1
117,12,1220.44,0.00,38.53,26.69,0.6532,1,1
118,1,0.48,411.84,38.22,35.10,0.8408,1,1
118,2,2.15,442.87,38.33,43.62,0.7940,1,1
118,3,103.47,571.97,17.10,31.99,0.6542,1,1
118,8,1222.77,9.25,26.47,34.07,0.8279,1,1
118,12,1221.06,-0.01,37.00,26.81,0.6529,1,1
119,1,-0.28,412.18,39.01,36.87,0.8413,1,1
119,2,1.51,441.10,40.03,47.10,0.7825,1,1
119,3,103.44,571.90,17.15,32.09,0.6568,1,1
119,8,1220.80,9.88,27.26,34.75,0.8301,1,1
119,12,1216.93,-0.00,38.92,28.89,0.6246,1,1
120,1,-1.92,413.34,40.98,43.20,0.8519,1,1
120,2,0.89,438.00,42.40,52.18,0.7587,1,1
120,3,103.44,571.89,17.18,32.13,0.6534,1,1
120,8,1219.93,11.91,26.92,33.75,0.8494,1,1
120,12,1214.98,-0.00,35.25,25.15,0.6996,1,1
121,1,-1.44,414.01,39.18,45.81,0.8607,1,1
121,2,3.08,437.57,39.10,50.19,0.7405,1,1
121,3,103.31,571.41,17.23,31.93,0.6941,1,1
121,8,1218.42,13.61,27.63,35.05,0.8272,1,1
121,12,1213.33,0.00,35.61,25.36,0.7113,1,1
122,1,-1.74,413.00,38.51,51.03,0.8696,1,1
122,2,1.37,436.51,42.99,56.61,0.6992,1,1
122,3,103.21,571.18,17.19,31.68,0.6978,1,1
122,8,1217.47,14.99,28.38,36.45,0.8130,1,1
122,12,1211.30,0.01,38.29,28.13,0.7288,1,1
123,1,-1.58,412.54,38.07,55.70,0.8615,1,1
123,2,0.90,434.22,43.48,57.80,0.6109,1,1
123,3,103.19,571.30,17.21,31.58,0.6971,1,1
123,8,1215.63,16.35,29.09,37.83,0.7784,1,1
123,12,1209.72,0.01,37.97,28.10,0.7320,1,1
124,1,-0.60,412.53,36.13,55.79,0.8614,1,1
124,2,1.03,433.91,43.19,57.94,0.6112,1,1
124,3,103.18,571.30,17.26,31.57,0.6971,1,1
124,8,1215.68,16.40,28.87,37.88,0.7786,1,1
124,12,1209.73,-0.01,37.77,28.08,0.7321,1,1
125,1,-0.92,412.35,37.54,61.46,0.8385,1,1
125,2,1.37,431.56,43.30,58.34,0.5237,1,1
125,3,103.16,571.53,17.22,31.38,0.6891,1,1
125,8,1212.93,18.08,30.08,41.30,0.8032,1,1
125,12,1207.90,0.00,39.12,30.00,0.7488,1,1
126,1,-0.15,411.93,36.70,62.05,0.8255,1,1
126,2,1.83,430.73,43.07,58.16,0.4746,1,1
126,3,103.18,571.61,17.25,31.37,0.6871,1,1
126,8,1212.86,24.78,29.01,39.41,0.8126,1,1
126,12,1206.22,0.33,40.72,32.32,0.7890,1,1
127,1,0.12,411.74,35.89,62.43,0.8208,1,1
127,2,3.39,431.77,41.01,54.77,0.5929,1,1
127,3,103.13,571.31,17.44,31.70,0.7006,1,1
127,8,1212.56,29.20,29.33,39.18,0.8683,1,1
127,12,1207.95,5.99,37.86,29.64,0.7922,1,1
128,1,0.84,411.74,35.05,61.20,0.8317,1,1
128,2,4.32,432.56,40.21,52.71,0.7177,1,1
128,3,103.00,571.11,17.67,32.06,0.6998,1,1
128,8,1212.32,30.59,28.80,38.93,0.8750,1,1
128,12,1207.82,7.88,37.56,29.13,0.8027,1,1
129,1,1.24,410.91,34.54,59.35,0.8439,1,1
129,2,5.51,433.15,38.86,50.14,0.7366,1,1
129,3,102.76,570.33,18.04,32.73,0.7109,1,1
129,8,1213.16,32.69,27.93,37.19,0.8685,1,1
129,12,1208.38,9.52,37.16,29.24,0.7930,1,1
130,1,1.11,410.84,34.81,59.38,0.8437,1,1
130,2,5.41,433.18,39.11,50.01,0.7360,1,1
130,3,102.73,570.27,18.08,32.81,0.7116,1,1
130,8,1213.08,32.72,28.10,37.16,0.8681,1,1
130,12,1208.55,9.58,36.86,29.27,0.7929,1,1
131,1,0.95,410.86,35.00,60.14,0.8378,1,1
131,2,6.03,433.20,38.83,49.64,0.7267,1,1
131,3,102.60,569.85,18.33,33.36,0.7163,1,1
131,8,1212.86,33.83,28.46,37.31,0.8667,1,1
131,12,1208.22,10.06,37.61,29.78,0.8068,1,1
132,1,0.99,410.60,34.57,59.85,0.8250,1,1
132,2,5.56,432.06,38.97,49.64,0.7315,1,1
132,3,102.50,569.95,18.43,33.53,0.7101,1,1
132,8,1213.17,34.41,27.58,36.03,0.8546,1,1
132,12,1207.49,11.15,38.63,32.08,0.8084,1,1
133,1,1.07,411.39,34.54,60.13,0.7965,1,1
133,2,3.75,430.47,41.25,53.26,0.6879,1,1
133,3,102.40,570.10,18.44,33.60,0.7133,1,1
133,8,1212.42,36.42,27.90,35.92,0.8359,1,1
133,12,1207.81,12.70,37.13,31.33,0.8140,1,1
134,1,1.17,411.25,34.83,60.48,0.7749,1,1
134,2,2.83,429.86,42.34,55.66,0.6981,1,1
134,3,102.37,570.07,18.45,33.72,0.7092,1,1
134,8,1210.36,36.50,29.95,38.68,0.7853,1,1
134,12,1206.52,13.55,38.05,32.62,0.8036,1,1
135,1,1.15,410.54,35.74,61.60,0.7919,1,1
135,2,2.61,430.47,42.50,57.18,0.7273,1,1
135,3,102.40,570.07,18.40,33.66,0.7019,1,1
135,8,1209.93,37.91,29.53,37.54,0.7314,1,1
135,12,1205.51,14.59,38.04,32.41,0.8037,1,1
136,1,1.08,410.49,35.92,61.63,0.7921,1,1
136,2,2.92,430.51,41.90,57.26,0.7279,1,1
136,3,102.41,570.05,18.39,33.66,0.7011,1,1
136,8,1209.75,37.98,29.85,37.45,0.7310,1,1
136,12,1205.45,14.65,38.15,32.37,0.8037,1,1
137,1,1.61,409.43,35.95,57.66,0.8386,1,1
137,2,3.44,432.31,39.02,52.71,0.7683,1,1
137,3,102.42,570.08,18.33,33.61,0.6974,1,1
137,8,1208.68,40.00,29.87,36.92,0.7598,1,1
137,12,1203.94,17.25,37.59,31.29,0.7767,1,1
138,1,1.30,408.96,36.75,55.32,0.8547,1,1
138,2,3.00,434.23,38.61,51.02,0.7757,1,1
138,3,102.46,570.13,18.23,33.40,0.6901,1,1
138,8,1206.64,40.49,29.26,35.22,0.7958,1,1
138,12,1203.07,18.35,38.01,31.31,0.7603,1,1
138,15,1278.15,171.82,22.76,22.98,0.5452,1,1
139,1,1.19,408.23,37.50,53.42,0.8567,1,1
139,2,2.24,437.69,40.31,53.77,0.7695,1,1
139,3,102.63,570.54,18.02,32.97,0.6890,1,1
139,8,1202.68,41.56,31.60,38.60,0.7803,1,1
139,12,1201.89,21.82,37.66,30.63,0.7208,1,1
139,15,1270.97,176.15,27.13,28.17,0.4255,1,1
140,1,0.63,408.14,38.38,53.21,0.8727,1,1
140,2,3.11,441.06,39.74,51.67,0.7745,1,1
140,3,102.71,570.69,17.94,32.81,0.6923,1,1
140,8,1201.48,48.10,31.33,38.47,0.8603,1,1
140,12,1197.95,24.76,41.15,35.28,0.7956,1,1
140,15,1265.52,180.50,25.03,28.12,0.6770,1,1
141,1,0.53,407.42,38.94,52.60,0.8771,1,1
141,2,2.44,443.49,40.07,50.91,0.7780,1,1
141,3,102.66,570.70,17.97,32.93,0.6904,1,1
141,8,1199.88,51.23,32.18,40.72,0.8656,1,1
141,12,1196.53,27.40,40.89,35.23,0.8031,1,1
141,15,1261.12,185.09,24.96,28.60,0.4542,1,1
142,1,0.33,407.49,39.36,52.54,0.8772,1,1
142,2,2.17,443.59,40.57,50.80,0.7785,1,1
142,3,102.66,570.71,17.96,33.00,0.6883,1,1
142,8,1200.06,51.29,31.77,40.74,0.8656,1,1
142,12,1196.55,27.47,40.77,35.20,0.8032,1,1
142,15,1260.60,185.89,24.51,28.64,0.4542,1,1
143,1,0.64,408.02,39.12,51.04,0.8743,1,1
143,2,2.60,444.84,40.34,49.64,0.7831,1,1
143,3,102.62,570.64,18.06,33.33,0.6860,1,1
143,8,1197.32,55.44,29.60,37.83,0.8591,1,1
143,12,1191.90,30.39,42.57,37.02,0.8135,1,1
144,1,0.81,408.50,39.02,49.67,0.8653,1,1
144,2,2.69,445.31,40.14,48.64,0.7866,1,1
144,3,102.44,570.72,18.14,33.65,0.6771,1,1
144,8,1193.49,57.05,30.49,38.89,0.8429,1,1
144,12,1188.66,32.57,42.16,37.41,0.8095,1,1
145,1,0.71,409.10,39.53,49.27,0.8682,1,1
145,2,2.80,445.59,39.61,46.98,0.7883,1,1
145,3,102.31,570.73,18.21,33.91,0.6721,1,1
145,8,1190.59,61.14,30.72,37.22,0.8482,1,1
145,12,1184.55,33.66,42.19,36.57,0.8207,1,1
146,1,0.73,409.84,39.96,48.54,0.8723,1,1
146,2,2.26,446.25,40.42,47.77,0.7798,1,1
146,3,102.34,570.72,18.17,33.86,0.6765,1,1
146,8,1186.73,62.39,31.63,37.83,0.7414,1,1
146,12,1181.41,35.71,43.49,37.37,0.8318,1,1
147,1,0.28,409.74,41.36,49.96,0.8825,1,1
147,2,3.86,449.51,39.04,45.64,0.7600,1,1
147,3,102.33,570.65,18.15,33.81,0.6791,1,1
147,8,1181.77,63.74,30.43,35.33,0.7670,1,1
147,12,1175.60,37.10,46.01,42.10,0.8330,1,1
148,1,0.23,409.73,41.47,49.99,0.8825,1,1
148,2,3.82,449.67,39.23,45.52,0.7595,1,1
148,3,102.32,570.63,18.18,33.84,0.6790,1,1
148,8,1181.26,63.79,30.96,35.21,0.7672,1,1
148,12,1176.23,37.12,44.51,42.20,0.8333,1,1
149,1,0.21,409.84,41.87,50.30,0.8786,1,1
149,2,4.18,449.80,38.75,44.37,0.7524,1,1
149,3,102.30,570.71,18.16,33.84,0.6746,1,1
149,8,1177.75,63.81,30.79,35.66,0.7982,1,1
149,12,1174.71,39.38,40.39,37.64,0.8123,1,1
150,1,0.23,409.48,42.86,50.80,0.8786,1,1
150,2,4.63,451.35,37.92,43.03,0.7608,1,1
150,3,102.85,570.98,17.89,33.15,0.6852,1,1
150,8,1173.02,64.39,33.42,38.82,0.7798,1,1
150,12,1170.35,40.91,40.98,37.73,0.8074,1,1
151,1,0.37,410.18,43.28,50.22,0.8774,1,1
151,2,4.97,451.87,37.65,42.46,0.7732,1,1
151,3,102.88,571.03,17.94,33.06,0.6873,1,1
151,8,1169.05,64.50,34.93,42.13,0.7799,1,1
151,12,1166.36,42.74,42.74,39.93,0.7887,1,1
152,1,0.41,411.25,43.53,49.47,0.8710,1,1
152,2,5.44,453.21,37.15,41.47,0.7997,1,1
152,3,102.71,571.08,18.04,33.14,0.6892,1,1
152,8,1167.36,65.51,34.88,43.81,0.8199,1,1
152,12,1164.03,43.36,41.69,37.61,0.8041,1,1
153,1,0.20,411.63,44.13,49.76,0.8662,1,1
153,2,5.76,454.07,36.84,40.67,0.7898,1,1
153,3,102.83,571.32,17.94,32.93,0.6936,1,1
153,8,1165.98,71.28,34.15,44.15,0.8329,1,1
153,12,1161.32,44.97,42.65,37.69,0.7715,1,1
154,1,0.11,411.64,44.31,49.78,0.8662,1,1
154,2,5.66,454.13,37.06,40.62,0.7889,1,1
154,3,102.83,571.33,17.95,32.94,0.6913,1,1
154,8,1166.19,71.43,33.65,44.15,0.8327,1,1
154,12,1160.91,45.03,43.30,37.71,0.7715,1,1
155,1,-0.29,411.16,45.28,51.68,0.8640,1,1
155,2,6.22,455.53,36.29,39.03,0.7784,1,1
155,3,101.96,571.94,18.85,34.43,0.6945,1,1
155,8,1162.49,73.26,34.20,44.60,0.8253,1,1
155,12,1158.26,47.52,42.91,38.48,0.8012,1,1
156,1,-0.01,411.57,44.98,51.54,0.8645,1,1
156,2,6.46,455.96,36.37,38.77,0.7804,1,1
156,3,102.76,572.06,17.66,32.01,0.6868,1,1
156,8,1160.08,77.96,32.05,40.40,0.7867,1,1
156,12,1155.33,51.03,43.36,39.69,0.8376,1,1
157,1,0.23,412.30,44.53,50.61,0.8640,1,1
157,2,6.35,456.30,36.72,39.05,0.7843,1,1
157,3,102.84,571.81,17.68,31.97,0.7028,1,1
157,8,1157.54,81.85,31.78,38.93,0.7912,1,1
157,12,1153.66,54.96,40.87,36.96,0.8508,1,1
158,1,0.11,412.25,44.71,50.73,0.8621,1,1
158,2,6.29,456.42,36.69,39.01,0.7886,1,1
158,3,102.80,571.79,17.74,31.97,0.7068,1,1
158,8,1154.86,85.03,31.32,37.98,0.7793,1,1
158,12,1150.63,58.52,40.71,35.85,0.8251,1,1
158,18,1231.50,213.40,16.35,20.22,0.6601,1,1
159,1,0.08,412.54,44.66,50.57,0.8617,1,1
159,2,6.33,456.31,36.48,38.65,0.7842,1,1
159,3,102.76,571.89,17.85,32.11,0.7020,1,1
159,8,1149.11,85.16,34.92,43.17,0.7998,1,1
159,12,1146.59,62.05,41.92,36.75,0.8425,1,1
159,18,1230.73,212.26,16.95,19.43,0.7802,1,1
160,1,0.06,412.58,44.68,50.54,0.8613,1,1
160,2,6.30,456.29,36.54,38.62,0.7840,1,1
160,3,102.77,571.93,17.87,32.09,0.7016,1,1
160,8,1149.11,85.15,34.68,43.36,0.7996,1,1
160,12,1146.48,62.12,41.99,36.74,0.8432,1,1
160,18,1230.39,212.24,17.63,19.39,0.7806,1,1
161,1,-0.02,412.38,44.94,50.94,0.8616,1,1
161,2,6.24,456.39,37.05,39.20,0.7890,1,1
161,3,102.73,571.90,17.93,32.13,0.7024,1,1
161,8,1145.51,87.01,34.37,43.84,0.7757,1,1
161,12,1143.13,65.34,43.05,38.68,0.8221,1,1
161,18,1230.19,211.86,17.87,18.93,0.7094,1,1
162,1,-0.05,412.70,45.09,51.33,0.8627,1,1
162,2,6.20,457.35,36.93,38.95,0.7821,1,1
162,3,102.77,571.81,17.95,32.12,0.6976,1,1
162,8,1144.12,91.27,34.68,46.16,0.8366,1,1
162,12,1141.54,67.53,42.25,37.33,0.8290,1,1
163,1,0.14,413.65,44.92,50.78,0.8670,1,1
163,2,6.36,457.64,36.50,38.08,0.7790,1,1
163,3,102.72,571.55,18.16,32.49,0.6890,1,1
163,8,1141.56,94.57,35.09,45.97,0.8520,1,1
163,12,1137.83,69.19,44.19,39.21,0.7779,1,1
164,1,0.01,413.53,45.20,51.09,0.8674,1,1
164,2,6.49,457.63,36.58,37.82,0.7834,1,1
164,3,102.73,571.66,18.13,32.41,0.6843,1,1
164,8,1138.68,96.10,34.78,44.94,0.8190,1,1
164,12,1136.23,70.37,44.47,39.76,0.8071,1,1
165,1,0.01,413.58,45.19,51.05,0.8684,1,1
165,2,6.24,457.80,36.68,37.68,0.7782,1,1
165,3,102.17,571.86,19.07,34.08,0.6833,1,1
165,8,1135.90,98.30,34.15,43.93,0.7667,1,1
165,12,1133.93,72.00,46.85,42.58,0.8239,1,1
166,1,0.02,413.61,45.19,51.02,0.8684,1,1
166,2,6.16,457.82,36.82,37.65,0.7787,1,1
166,3,102.11,571.85,19.16,34.23,0.6802,1,1
166,8,1135.74,98.41,34.21,43.85,0.7662,1,1
166,12,1134.06,72.03,46.53,42.66,0.8237,1,1
167,1,0.11,413.89,45.31,50.87,0.8682,1,1
167,2,6.24,457.75,37.02,37.63,0.7882,1,1
167,3,102.74,571.79,18.11,32.48,0.6847,1,1
167,8,1132.50,98.86,34.63,43.88,0.8184,1,1
167,12,1131.46,73.74,46.88,42.61,0.8474,1,1
168,1,0.05,413.85,45.46,50.89,0.8687,1,1
168,2,6.16,457.75,37.36,37.86,0.7867,1,1
168,3,102.92,571.96,17.81,31.95,0.6813,1,1
168,8,1128.75,101.50,33.35,42.51,0.8610,1,1
168,12,1127.77,74.46,47.58,43.53,0.8594,1,1
169,1,0.02,413.77,45.62,51.03,0.8698,1,1
169,2,6.22,457.79,37.20,37.59,0.7958,1,1
169,3,103.05,572.07,17.71,31.76,0.6797,1,1
169,8,1124.68,103.23,32.82,41.65,0.8020,1,1
169,12,1124.80,77.07,47.86,43.39,0.8658,1,1
169,20,1205.02,245.15,25.44,24.92,0.3719,1,1
170,1,-0.01,413.66,45.69,51.15,0.8695,1,1
170,2,6.16,457.80,37.30,37.68,0.7967,1,1
170,3,103.08,572.18,17.67,31.71,0.6771,1,1
170,8,1120.99,105.00,32.55,40.82,0.7637,1,1
170,12,1120.48,78.91,50.55,44.24,0.8586,1,1
170,20,1196.09,254.70,25.90,26.35,0.6923,1,1
171,1,-0.00,413.68,45.67,51.13,0.8699,1,1
171,2,6.06,457.63,36.98,37.06,0.7946,1,1
171,3,103.21,572.11,17.55,31.42,0.6923,1,1
171,8,1116.84,106.39,33.64,41.49,0.7078,1,1
171,12,1114.91,81.16,52.31,45.85,0.8383,1,1
171,20,1187.68,262.08,26.77,27.73,0.5402,1,1
172,1,-0.00,413.68,45.65,51.12,0.8698,1,1
172,2,5.92,457.63,37.19,37.16,0.7942,1,1
172,3,103.20,572.14,17.56,31.40,0.6902,1,1
172,8,1116.35,106.49,34.14,41.55,0.7062,1,1
172,12,1114.78,81.23,52.41,45.97,0.8380,1,1
172,20,1186.63,263.15,26.50,27.93,0.5354,1,1
173,1,0.01,413.70,45.64,51.07,0.8697,1,1
173,2,6.06,457.62,37.04,36.86,0.7961,1,1
173,3,103.14,572.02,17.56,31.39,0.6929,1,1
173,8,1110.22,107.37,35.15,43.24,0.6863,1,1
173,12,1110.70,83.83,53.50,46.11,0.8612,1,1
173,20,1177.49,268.62,26.54,28.47,0.3155,1,1
174,1,0.00,413.72,45.64,51.06,0.8697,1,1
174,2,6.13,457.61,36.85,36.51,0.7918,1,1
174,3,103.13,571.98,17.58,31.42,0.6955,1,1
174,8,1106.46,109.76,35.56,43.62,0.7719,1,1
174,12,1106.23,86.36,53.40,43.62,0.8437,1,1
175,1,-0.03,413.69,45.62,51.10,0.8694,1,1
175,2,6.21,457.51,36.87,36.52,0.7888,1,1
175,3,103.13,571.92,17.58,31.41,0.7030,1,1
175,8,1101.28,115.18,37.96,48.12,0.8271,1,1
175,12,1100.21,89.57,55.93,46.32,0.8272,1,1
176,1,-0.06,413.61,45.47,51.08,0.8688,1,1
176,2,5.99,457.57,36.77,36.30,0.7808,1,1
176,3,103.04,571.75,17.72,31.64,0.7037,1,1
176,8,1096.70,120.38,34.73,44.69,0.8931,1,1
176,12,1094.76,94.78,57.09,46.67,0.8627,1,1
177,1,-0.01,413.68,45.24,50.83,0.8692,1,1
177,2,5.72,457.52,37.12,36.77,0.7793,1,1
177,3,102.73,571.48,18.07,32.29,0.6868,1,1
177,8,1092.56,125.08,34.85,43.61,0.8078,1,1
177,12,1089.49,97.20,58.02,46.90,0.8723,1,1
178,1,-0.00,413.67,45.23,50.83,0.8691,1,1
178,2,5.76,457.51,37.07,36.79,0.7794,1,1
178,3,102.75,571.46,18.08,32.34,0.6869,1,1
178,8,1092.09,125.24,35.56,43.56,0.8078,1,1
178,12,1089.27,97.24,58.30,46.89,0.8722,1,1
179,1,-0.13,412.96,45.27,51.18,0.8675,1,1
179,2,5.45,456.66,38.13,38.20,0.7645,1,1
179,3,102.55,571.35,18.79,33.38,0.6693,1,1
179,8,1088.21,130.26,33.97,40.86,0.6884,1,1
179,12,1083.35,99.06,58.15,48.40,0.8620,1,1
180,1,-0.07,412.16,45.24,51.33,0.8704,1,1
180,2,4.89,455.73,38.32,38.64,0.7673,1,1
180,3,102.68,571.54,18.31,32.49,0.6715,1,1
180,8,1080.79,129.31,35.79,42.64,0.6772,1,1
180,12,1078.61,101.26,56.31,47.53,0.8732,1,1
181,1,-0.23,411.39,44.74,51.38,0.8718,1,1
181,2,4.05,453.88,39.26,40.04,0.7520,1,1
181,3,102.86,571.86,18.77,33.23,0.7375,1,1
181,8,1073.79,127.81,39.65,47.82,0.7545,1,1
181,12,1072.45,103.18,55.65,47.45,0.8510,1,1
182,1,-0.27,411.00,43.91,51.12,0.8712,1,1
182,2,4.14,452.42,39.57,41.03,0.7385,1,1
182,3,102.86,571.82,18.85,33.32,0.7378,1,1
182,8,1069.20,133.06,39.10,47.25,0.8277,1,1
182,12,1065.91,104.52,55.07,46.62,0.8388,1,1
183,1,-0.26,410.72,43.00,50.85,0.8807,1,1
183,2,2.39,449.88,41.41,43.96,0.7320,1,1
183,3,102.88,571.79,18.83,33.25,0.7340,1,1
183,8,1064.09,134.42,39.36,47.77,0.7312,1,1
183,12,1061.61,107.27,53.07,45.62,0.8663,1,1
183,22,1103.51,288.73,22.67,35.99,0.7225,1,1
184,1,-0.12,410.70,42.72,50.89,0.8802,1,1
184,2,2.64,449.75,40.83,44.11,0.7323,1,1
184,3,102.89,571.79,18.86,33.28,0.7356,1,1
184,8,1063.87,134.45,39.25,47.82,0.7302,1,1
184,12,1061.76,107.34,52.66,45.49,0.8665,1,1
184,22,1103.60,289.01,22.35,36.15,0.7208,1,1
185,1,0.20,410.42,41.80,49.38,0.8907,1,1
185,2,1.27,447.13,41.69,45.97,0.7387,1,1
185,3,102.90,572.00,18.78,33.10,0.7399,1,1
185,8,1060.16,138.01,37.61,45.44,0.7792,1,1
185,12,1057.15,109.18,51.06,44.22,0.8614,1,1
185,22,1104.65,296.47,21.20,34.69,0.7666,1,1
186,1,-0.04,409.47,41.21,48.82,0.8953,1,1
186,2,1.15,446.37,41.43,46.21,0.7104,1,1
186,3,102.86,572.23,18.74,32.93,0.7460,1,1
186,8,1056.72,141.35,37.30,44.83,0.8222,1,1
186,12,1053.38,110.41,51.53,46.02,0.8431,1,1
186,22,1109.07,300.63,20.86,34.45,0.7192,1,1
187,1,0.02,409.59,40.31,48.08,0.8804,1,1
187,2,0.85,444.11,41.37,47.14,0.7615,1,1
187,3,102.85,572.27,18.72,32.77,0.7460,1,1
187,8,1053.26,145.24,36.98,44.55,0.8321,1,1
187,12,1049.51,113.76,49.52,43.61,0.8417,1,1
187,22,1114.11,302.31,20.40,34.86,0.7919,1,1
188,1,-0.43,407.97,40.43,49.77,0.8698,1,1
188,2,0.44,442.34,41.45,48.79,0.7842,1,1
188,3,102.61,572.15,18.78,32.96,0.7408,1,1
188,8,1049.51,148.81,35.29,43.61,0.8515,1,1
188,12,1044.66,117.15,49.26,43.12,0.8103,1,1
188,22,1119.51,304.37,20.40,34.12,0.7276,1,1
189,1,-0.02,407.31,39.88,49.55,0.8536,1,1
189,2,0.50,440.81,41.49,50.40,0.7884,1,1
189,3,102.32,572.00,19.08,33.91,0.7216,1,1
189,8,1045.81,152.97,35.29,42.48,0.7985,1,1
189,12,1040.02,120.33,51.36,46.99,0.8374,1,1
189,22,1125.05,306.82,19.46,29.89,0.7868,1,1
190,1,0.09,407.30,39.67,49.55,0.8534,1,1
190,2,0.87,440.74,40.75,50.45,0.7886,1,1
190,3,102.39,571.98,18.93,33.97,0.7218,1,1
190,8,1045.37,153.06,35.94,42.50,0.7985,1,1
190,12,1040.49,120.36,50.26,47.10,0.8373,1,1
190,22,1124.85,306.92,20.23,29.70,0.7869,1,1
191,1,0.11,406.71,40.06,50.30,0.8539,1,1
191,2,0.56,440.08,41.09,51.94,0.7956,1,1
191,3,101.98,571.77,19.37,35.31,0.7028,1,1
191,8,1040.91,155.79,38.27,44.95,0.7711,1,1
191,12,1036.97,124.66,48.42,45.33,0.8398,1,1
191,22,1129.74,309.02,19.36,27.52,0.6738,1,1
192,1,0.31,406.28,40.06,50.02,0.8480,1,1
192,2,0.86,439.00,40.97,52.66,0.7979,1,1
192,3,102.61,571.60,18.09,33.34,0.7011,1,1
192,8,1036.20,159.67,38.28,45.85,0.7978,1,1
192,12,1033.88,129.77,47.86,44.33,0.8526,1,1
192,22,1133.54,309.22,17.30,22.86,0.7274,1,1
193,1,0.40,406.25,40.26,49.76,0.8471,1,1
193,2,1.48,438.37,40.15,51.87,0.7851,1,1
193,3,102.98,571.16,17.65,32.85,0.7157,1,1
193,8,1034.10,166.07,40.13,48.67,0.8128,1,1
193,12,1031.22,134.38,48.61,44.48,0.8322,1,1
193,22,1134.62,307.82,16.80,20.86,0.6652,1,1
194,1,0.58,406.10,40.15,48.62,0.8486,1,1
194,2,1.68,437.96,40.18,52.26,0.7748,1,1
194,3,103.02,571.19,17.51,32.76,0.7099,1,1
194,8,1031.74,170.48,37.49,46.44,0.8274,1,1
194,12,1028.65,139.16,50.47,45.77,0.8269,1,1
194,22,1134.08,306.42,17.14,20.38,0.5867,1,1
195,1,0.41,406.14,40.46,48.57,0.8444,1,1
195,2,3.07,437.43,38.30,50.37,0.7825,1,1
195,3,103.01,571.10,17.50,32.88,0.7137,1,1
195,8,1028.50,173.33,37.05,45.42,0.8354,1,1
195,12,1027.61,143.82,49.45,43.87,0.8410,1,1
195,22,1135.42,307.83,15.37,17.79,0.2716,1,1
196,1,0.31,406.06,40.70,48.62,0.8450,1,1
196,2,3.27,437.38,37.97,50.31,0.7828,1,1
196,3,103.04,571.08,17.45,32.89,0.7136,1,1
196,8,1028.33,173.40,37.22,45.39,0.8354,1,1
196,12,1027.33,143.92,49.96,43.82,0.8410,1,1
196,22,1135.47,308.16,15.25,17.16,0.2671,1,1
197,1,0.26,406.07,40.78,48.66,0.8404,1,1
197,2,3.72,437.18,37.68,50.20,0.7880,1,1
197,3,103.08,570.87,17.50,32.98,0.7028,1,1
197,8,1025.35,174.14,37.01,45.49,0.8113,1,1
197,12,1024.51,145.26,52.57,45.63,0.8808,1,1
197,22,1133.01,309.94,16.65,17.89,0.4477,1,1
198,1,0.24,406.16,40.76,48.63,0.8378,1,1
198,2,3.77,437.22,37.63,50.36,0.7907,1,1
198,3,102.84,571.26,17.64,33.22,0.6968,1,1
198,8,1021.91,175.51,39.58,49.00,0.7676,1,1
198,12,1020.44,145.88,57.43,50.80,0.8813,1,1
199,1,0.18,406.11,40.74,48.77,0.8373,1,1
199,2,2.89,437.45,39.27,52.48,0.7932,1,1
199,3,102.89,571.38,17.55,32.99,0.6847,1,1
199,8,1019.71,178.20,39.97,49.58,0.8025,1,1
199,12,1018.18,147.53,59.07,51.72,0.8626,1,1
200,1,0.26,406.47,40.64,48.69,0.8322,1,1
200,2,3.77,436.82,37.71,50.80,0.7926,1,1
200,3,102.87,571.31,17.53,32.92,0.6867,1,1
200,8,1015.46,180.65,42.43,53.21,0.7642,1,1
200,12,1015.87,151.51,58.98,50.46,0.8655,1,1
200,23,1115.05,330.73,21.04,23.24,0.7189,1,1
201,1,0.30,406.64,40.24,48.15,0.8266,1,1
201,2,3.80,436.24,37.52,51.00,0.7849,1,1
201,3,102.96,571.12,17.49,32.83,0.6981,1,1
201,8,1013.15,183.83,39.90,50.99,0.8081,1,1
201,12,1012.84,153.57,60.97,52.35,0.8863,1,1
201,23,1108.26,340.07,24.01,27.21,0.6109,1,1
202,1,0.30,406.65,40.25,48.13,0.8267,1,1
202,2,3.91,436.22,37.29,50.99,0.7850,1,1
202,3,102.98,571.12,17.50,32.83,0.6975,1,1
202,8,1013.29,183.93,39.42,50.90,0.8079,1,1
202,12,1012.84,153.56,60.93,52.42,0.8864,1,1
202,23,1107.75,341.17,23.82,27.68,0.6096,1,1
203,1,0.24,407.32,40.12,48.15,0.8267,1,1
203,2,4.19,436.76,36.87,50.51,0.7788,1,1
203,3,102.61,571.06,17.85,33.50,0.6737,1,1
203,8,1009.07,184.80,39.94,51.30,0.8295,1,1
203,12,1009.30,156.75,62.16,52.28,0.8689,1,1
203,23,1102.12,352.72,25.27,30.36,0.7236,1,1
204,1,0.27,408.36,40.00,48.22,0.8256,1,1
204,2,3.63,437.15,38.89,53.39,0.8066,1,1
204,3,102.61,570.89,17.92,33.62,0.6538,1,1
204,8,1005.36,186.27,39.87,51.57,0.8180,1,1
204,12,1007.15,160.24,61.39,51.35,0.8541,1,1
204,23,1093.54,362.60,25.46,30.43,0.7789,1,1
205,1,-0.14,408.84,40.13,49.34,0.8323,1,1
205,2,4.01,437.05,37.95,51.77,0.7746,1,1
205,3,102.50,570.85,18.04,33.82,0.6596,1,1
205,8,1002.44,192.44,39.10,50.10,0.7941,1,1
205,12,1004.18,163.55,62.23,51.05,0.8574,1,1
205,23,1083.09,373.74,26.52,33.28,0.6791,1,1
206,1,-0.34,409.63,39.39,49.96,0.8431,1,1
206,2,3.76,437.58,37.72,50.90,0.7632,1,1
206,3,103.04,571.02,17.58,32.64,0.6756,1,1
206,8,1000.03,197.86,38.12,48.14,0.7305,1,1
206,12,999.51,168.74,65.88,52.65,0.8769,1,1
206,23,1069.87,378.77,26.80,35.10,0.6298,1,1
206,24,952.88,350.15,17.38,30.50,0.3790,1,1
207,1,0.44,409.98,37.62,47.39,0.8391,1,1
207,2,3.50,437.98,36.00,48.15,0.7444,1,1
207,3,102.88,571.20,18.43,34.18,0.7050,1,1
207,8,996.29,203.79,40.94,49.76,0.8386,1,1
207,12,994.74,172.20,67.93,54.04,0.8400,1,1
207,23,1060.44,386.21,25.03,34.12,0.6728,1,1
208,1,0.40,409.99,37.72,47.32,0.8390,1,1
208,2,3.39,437.98,36.11,47.98,0.7444,1,1
208,3,102.88,571.21,18.50,34.26,0.7030,1,1
208,8,995.90,203.92,41.62,49.77,0.8386,1,1
208,12,994.53,172.27,68.21,54.08,0.8396,1,1
208,23,1059.96,386.79,24.18,34.02,0.6740,1,1
208,26,943.29,350.90,19.17,32.02,0.7997,1,1
208,27,25.83,553.80,34.79,23.72,0.4181,1,1
209,1,0.55,411.15,36.41,45.17,0.8524,1,1
209,2,2.83,437.81,38.74,51.69,0.7509,1,1
209,3,102.96,571.38,18.32,33.70,0.7181,1,1
209,8,990.39,206.23,43.11,51.89,0.7328,1,1
209,12,991.74,176.97,66.51,51.05,0.8638,1,1
209,23,1049.83,392.02,26.21,38.47,0.6222,1,1
209,26,937.03,349.68,19.00,33.25,0.7700,1,1
210,1,0.40,411.88,35.89,44.39,0.8574,1,1
210,2,2.77,438.71,37.47,49.53,0.7355,1,1
210,3,103.22,570.90,17.64,32.73,0.7210,1,1
210,8,984.45,208.80,43.16,52.56,0.8040,1,1
210,12,984.73,181.50,68.92,53.87,0.8605,1,1
210,26,931.57,348.36,19.31,34.67,0.7117,1,1
211,1,0.12,412.52,34.91,43.56,0.8650,1,1
211,2,3.65,438.79,33.70,43.47,0.7374,1,1
211,3,103.51,571.32,17.24,32.07,0.7215,1,1
211,8,979.37,215.42,41.18,49.95,0.7942,1,1
211,12,980.33,185.74,68.87,53.99,0.8625,1,1
211,26,924.93,352.68,18.93,33.28,0.6525,1,1
212,1,0.49,412.60,34.64,42.74,0.8587,1,1
212,2,3.81,439.05,33.24,42.03,0.7058,1,1
212,3,103.74,571.67,16.81,31.32,0.7096,1,1
212,8,973.16,218.69,41.53,50.88,0.7765,1,1
212,12,974.38,191.32,70.43,56.60,0.8862,1,1
212,26,920.35,358.68,17.96,31.31,0.4974,1,1
213,1,0.40,413.34,34.91,42.75,0.8593,1,1
213,2,2.82,438.19,34.60,43.30,0.7498,1,1
213,3,103.72,571.76,16.65,30.98,0.7100,1,1
213,8,967.11,223.92,41.84,51.21,0.7666,1,1
213,12,967.68,193.75,70.54,57.04,0.8614,1,1
213,26,914.94,365.37,17.52,29.00,0.7654,1,1
213,28,1009.49,410.52,19.80,31.37,0.3031,1,1
214,1,0.34,413.33,35.04,42.75,0.8594,1,1
214,2,2.69,438.15,34.87,43.37,0.7499,1,1
214,3,103.73,571.76,16.66,30.93,0.7093,1,1
214,8,966.84,224.14,41.88,51.22,0.7657,1,1
214,12,967.93,193.86,71.45,58.58,0.8612,1,1
214,26,914.56,365.68,17.88,28.82,0.7633,1,1
214,28,1007.97,411.60,19.72,31.06,0.3034,1,1
214,29,16.32,496.67,24.32,27.54,0.4655,1,1
215,1,0.31,413.95,34.42,41.69,0.8643,1,1
215,2,2.89,439.28,33.53,40.67,0.7647,1,1
215,3,103.47,571.27,17.02,31.79,0.7161,1,1
215,8,959.87,223.08,42.66,53.27,0.7569,1,1
215,12,961.11,195.79,70.57,57.79,0.8717,1,1
215,26,910.20,369.93,18.29,29.60,0.3057,1,1
215,28,1003.28,414.21,21.21,33.60,0.4355,1,1
215,29,14.04,493.72,24.90,28.51,0.5606,1,1
216,1,-0.11,414.54,34.14,41.89,0.8592,1,1
216,2,2.29,439.16,34.20,41.03,0.7639,1,1
216,3,103.17,570.51,17.42,32.73,0.7295,1,1
216,8,954.57,223.80,41.54,52.48,0.8017,1,1
216,12,954.72,198.35,70.94,56.74,0.8733,1,1
216,26,906.67,377.46,17.98,28.98,0.3978,1,1
216,28,1002.91,421.28,21.44,34.50,0.6934,1,1
216,29,12.95,491.77,25.80,30.03,0.6018,1,1
217,1,-0.18,414.89,33.87,42.33,0.8597,1,1
217,2,2.25,439.79,34.17,40.60,0.7543,1,1
217,3,103.16,570.38,17.40,32.73,0.7271,1,1
217,8,948.46,230.50,41.54,53.03,0.8566,1,1
217,12,949.63,203.00,69.41,54.07,0.8466,1,1
217,26,901.33,382.13,19.03,30.43,0.2704,1,1
217,28,1003.75,424.31,22.34,36.73,0.6490,1,1
217,29,14.08,491.27,25.25,29.68,0.7374,1,1
217,30,5.99,555.57,18.89,32.21,0.4586,1,1
218,1,-0.02,414.97,33.66,42.42,0.8604,1,1
218,2,2.32,439.88,34.01,40.15,0.7497,1,1
218,3,103.26,570.06,17.07,32.13,0.7316,1,1
218,8,944.90,236.01,40.07,49.90,0.7828,1,1
218,12,943.00,205.34,71.87,55.83,0.8634,1,1
218,26,895.57,384.69,19.05,30.69,0.5623,1,1
218,28,1006.97,427.27,22.77,38.06,0.5758,1,1
218,29,14.02,491.27,25.23,29.98,0.7458,1,1
218,30,6.28,556.00,18.72,31.69,0.4833,1,1
219,1,0.05,414.88,33.44,42.34,0.8641,1,1
219,2,2.25,440.31,33.80,39.61,0.7528,1,1
219,3,103.22,570.11,17.10,32.15,0.7358,1,1
219,8,939.24,238.33,41.93,51.72,0.7557,1,1
219,12,939.18,208.43,71.12,53.90,0.8488,1,1
219,26,888.73,394.80,18.55,28.67,0.7716,1,1
219,28,1013.84,432.65,21.63,36.03,0.7230,1,1
219,29,14.14,491.33,24.82,29.47,0.7430,1,1
219,30,6.34,555.75,18.78,31.65,0.4165,1,1
220,1,0.11,414.87,33.36,42.28,0.8643,1,1
220,2,2.19,440.33,33.91,39.54,0.7529,1,1
220,3,103.19,570.13,17.13,32.18,0.7306,1,1
220,8,938.84,238.43,42.31,51.83,0.7560,1,1
220,12,938.62,208.48,72.02,53.87,0.8484,1,1
220,26,888.32,395.22,18.81,28.57,0.7722,1,1
220,28,1014.29,432.98,21.62,35.93,0.7287,1,1
220,29,14.15,491.31,24.77,29.43,0.7421,1,1
220,30,6.31,555.56,18.93,31.77,0.4087,1,1
221,1,0.08,414.85,33.30,42.33,0.8651,1,1
221,2,2.18,440.07,34.24,39.86,0.7501,1,1
221,3,103.17,570.00,17.15,32.17,0.7402,1,1
221,8,932.77,241.61,43.57,53.89,0.7667,1,1
221,12,931.66,211.80,75.99,57.90,0.8461,1,1
221,26,881.26,399.14,20.55,31.79,0.6220,1,1
221,28,1020.33,434.01,22.19,36.36,0.5723,1,1
221,29,13.83,491.61,24.69,29.42,0.7096,1,1
221,30,6.20,555.22,19.34,32.34,0.4372,1,1
222,1,0.13,414.99,33.28,42.40,0.8631,1,1
222,2,2.13,440.07,34.65,40.37,0.7492,1,1
222,3,103.15,569.96,17.17,32.20,0.7335,1,1
222,8,928.65,244.94,42.95,52.85,0.8027,1,1
222,12,927.37,216.05,75.26,58.85,0.8704,1,1
222,26,872.67,408.01,20.61,32.36,0.8461,1,1
222,28,1026.12,433.19,22.90,36.11,0.7849,1,1
222,29,14.00,491.63,24.54,29.29,0.7077,1,1
222,30,6.18,555.04,19.55,32.56,0.4438,1,1
223,1,0.16,414.99,33.04,42.13,0.8642,1,1
223,2,2.15,440.07,34.62,40.41,0.7504,1,1
223,3,103.27,570.37,17.04,31.87,0.7388,1,1
223,8,923.09,252.23,42.71,53.15,0.8281,1,1
223,12,922.75,221.98,72.97,58.73,0.8776,1,1
223,26,865.49,417.69,20.57,31.41,0.8365,1,1
223,28,1032.19,435.15,22.37,33.72,0.7594,1,1
223,29,14.34,491.62,24.53,29.19,0.7085,1,1
223,30,6.19,554.67,19.81,32.94,0.4630,1,1
224,1,0.13,414.97,32.97,42.21,0.8630,1,1
224,2,2.27,440.11,34.43,40.22,0.7470,1,1
224,3,103.38,570.50,16.94,31.62,0.7405,1,1
224,8,919.22,257.51,42.73,52.31,0.7805,1,1
224,12,919.20,229.12,73.49,58.36,0.8725,1,1
224,26,858.89,423.25,21.94,34.22,0.7674,1,1
224,28,1037.77,436.90,22.46,31.90,0.7550,1,1
224,29,14.41,491.64,24.49,29.15,0.7077,1,1
224,30,6.13,554.25,19.90,33.09,0.4500,1,1
225,1,0.21,415.15,32.83,41.93,0.8622,1,1
225,2,2.20,439.89,34.43,40.21,0.7508,1,1
225,3,103.42,570.65,16.94,31.52,0.7383,1,1
225,8,913.48,264.77,42.11,51.64,0.7646,1,1
225,12,914.22,234.57,75.10,60.50,0.8575,1,1
225,26,852.28,430.79,22.23,34.32,0.7135,1,1
225,28,1041.37,437.83,21.25,29.00,0.6029,1,1
225,29,14.64,491.48,24.45,28.88,0.7026,1,1
225,30,6.20,554.28,19.91,33.17,0.4422,1,1
226,1,0.20,415.14,32.86,41.93,0.8621,1,1
226,2,2.21,439.86,34.43,40.21,0.7513,1,1
226,3,103.43,570.61,16.95,31.45,0.7377,1,1
226,8,913.25,265.06,42.04,51.64,0.7647,1,1
226,12,914.42,234.64,74.58,60.56,0.8572,1,1
226,26,851.79,431.29,22.42,34.30,0.7158,1,1
226,28,1041.45,437.85,21.78,28.63,0.6030,1,1
226,29,14.62,491.46,24.57,28.86,0.7023,1,1
226,30,6.29,554.22,19.90,33.20,0.4417,1,1
227,1,0.01,415.17,33.20,42.79,0.8612,1,1
227,2,1.81,439.40,34.88,40.83,0.7605,1,1
227,3,103.40,570.72,17.03,31.58,0.7400,1,1
227,8,909.38,269.43,45.23,55.74,0.7791,1,1
227,12,911.19,241.12,72.71,59.42,0.8779,1,1
227,26,847.02,439.81,20.55,32.00,0.8528,1,1
227,28,1042.43,436.84,22.09,26.97,0.6308,1,1
227,29,14.63,491.65,24.87,28.75,0.7169,1,1
227,30,6.40,554.95,19.57,32.57,0.4087,1,1
228,1,0.03,415.22,33.07,43.03,0.8587,1,1
228,2,1.69,438.95,35.17,41.32,0.7640,1,1
228,3,103.38,570.59,17.07,31.72,0.7409,1,1
228,8,905.00,275.06,43.80,55.25,0.8015,1,1
228,12,907.06,248.37,72.73,56.39,0.8809,1,1
228,26,841.53,444.71,20.91,31.20,0.8286,1,1
228,28,1042.16,439.19,21.57,24.90,0.4934,1,1
228,29,14.92,491.65,25.60,29.49,0.7158,1,1
228,30,6.62,555.63,19.21,31.84,0.4192,1,1
229,1,-0.07,414.62,32.98,43.64,0.8605,1,1
229,2,1.42,438.37,36.04,42.78,0.7628,1,1
229,3,103.26,570.53,17.12,31.85,0.7350,1,1
229,8,901.10,282.96,44.25,55.31,0.8411,1,1
229,12,903.41,252.80,73.45,53.54,0.8946,1,1
229,26,836.69,449.31,22.10,33.56,0.6689,1,1
229,28,1038.73,443.75,19.27,21.24,0.5564,1,1
229,29,15.49,492.63,25.31,28.89,0.7263,1,1
229,30,6.74,556.15,19.12,31.57,0.4101,1,1
230,1,0.11,415.01,32.87,43.86,0.8548,1,1
230,2,1.42,438.04,36.27,43.63,0.7614,1,1
230,3,103.23,570.56,17.13,31.89,0.7362,1,1
230,8,898.23,286.26,45.15,57.09,0.8281,1,1
230,12,899.31,256.11,75.87,54.55,0.8669,1,1
230,26,833.65,452.55,20.82,32.24,0.7320,1,1
230,28,1033.39,449.42,20.40,21.96,0.4178,1,1
230,29,15.77,492.92,25.36,28.84,0.7103,1,1
230,30,6.62,556.44,18.98,31.19,0.3868,1,1
231,1,-0.11,415.13,32.90,44.81,0.8518,1,1
231,2,1.02,437.30,36.98,45.24,0.7578,1,1
231,3,103.25,570.76,17.14,31.87,0.7392,1,1
231,8,896.52,292.53,41.99,52.91,0.8305,1,1
231,12,895.06,260.02,78.79,57.19,0.8694,1,1
231,26,832.68,456.17,19.77,30.36,0.7888,1,1
231,29,16.50,492.59,24.90,28.13,0.7158,1,1
231,30,6.47,556.30,18.99,31.05,0.3788,1,1
232,1,0.07,415.19,32.58,44.87,0.8501,1,1
232,2,1.20,437.04,36.84,45.80,0.7542,1,1
232,3,103.25,570.78,17.16,31.88,0.7381,1,1
232,8,896.45,292.68,41.97,52.78,0.8301,1,1
232,12,895.16,260.07,78.50,57.25,0.8693,1,1
232,26,832.63,456.28,19.81,30.28,0.7889,1,1
232,29,16.56,492.52,24.96,28.05,0.7174,1,1
232,30,6.47,556.21,19.06,31.03,0.3790,1,1
233,1,0.19,415.52,32.33,44.72,0.8453,1,1
233,2,1.09,437.02,36.89,46.53,0.7548,1,1
233,3,103.19,570.76,17.23,32.02,0.7381,1,1
233,8,891.42,296.26,45.87,58.46,0.7783,1,1
233,12,893.30,263.75,76.95,55.82,0.8655,1,1
233,26,828.67,459.91,21.00,31.59,0.6394,1,1
233,29,16.66,492.78,24.89,27.75,0.7172,1,1
233,30,6.16,555.72,19.38,31.48,0.3805,1,1
234,1,0.28,415.97,32.10,44.34,0.8432,1,1
234,2,1.19,436.97,36.82,47.10,0.7404,1,1
234,3,103.18,570.72,17.23,32.03,0.7408,1,1
234,8,886.73,296.70,46.24,58.96,0.8167,1,1
234,12,889.30,267.54,78.48,57.37,0.8793,1,1
234,26,827.13,464.72,20.89,31.24,0.7546,1,1
234,29,17.26,493.01,24.71,27.18,0.7349,1,1
234,30,5.98,556.02,19.30,31.22,0.3670,1,1
235,1,0.54,416.60,31.95,43.49,0.8407,1,1
235,2,1.52,437.01,36.35,46.88,0.7435,1,1
235,3,103.14,570.56,17.28,32.11,0.7423,1,1
235,8,882.07,301.83,45.35,59.20,0.8120,1,1
235,12,884.22,272.84,79.72,59.01,0.8816,1,1
235,26,826.09,467.23,21.03,30.69,0.7755,1,1
235,29,16.70,493.16,25.22,27.52,0.7180,1,1
235,30,5.61,555.07,19.66,31.59,0.4176,1,1
236,1,0.32,416.83,32.41,44.08,0.8375,1,1
236,2,1.79,436.70,36.08,46.87,0.7328,1,1
236,3,103.12,570.53,17.32,32.21,0.7409,1,1
236,8,876.93,310.82,41.20,52.84,0.8249,1,1
236,12,879.70,277.70,79.77,59.21,0.8943,1,1
236,26,825.22,469.27,20.15,28.48,0.8050,1,1
236,29,16.64,493.07,25.54,27.74,0.7074,1,1
236,30,5.54,555.03,19.79,31.60,0.4505,1,1
237,1,-0.38,417.01,33.58,47.35,0.8380,1,1
237,2,2.04,436.22,35.79,46.66,0.6696,1,1
237,3,103.18,570.56,17.22,32.00,0.7374,1,1
237,8,873.66,316.09,42.01,54.03,0.8444,1,1
237,12,873.08,280.50,82.82,62.28,0.8756,1,1
237,26,824.50,470.32,19.35,26.14,0.8223,1,1
237,29,16.56,493.58,25.41,27.52,0.7102,1,1
237,30,5.55,555.04,19.77,31.54,0.4274,1,1
238,1,-0.06,417.00,32.96,47.41,0.8383,1,1
238,2,2.13,436.17,35.66,46.63,0.6702,1,1
238,3,103.20,570.54,17.22,31.98,0.7374,1,1
238,8,873.61,316.15,42.00,54.13,0.8451,1,1
238,12,873.31,280.55,82.22,62.17,0.8759,1,1
238,26,824.30,470.33,19.75,26.07,0.8243,1,1
238,29,16.54,493.60,25.46,27.51,0.7099,1,1
238,30,5.59,555.00,19.78,31.54,0.4277,1,1
239,1,0.47,417.14,32.92,47.05,0.8436,1,1
239,2,2.40,438.00,35.12,45.72,0.6793,1,1
239,3,103.15,570.59,17.24,31.98,0.7344,1,1
239,8,868.29,321.09,43.40,54.09,0.8059,1,1
239,12,867.68,286.26,83.04,62.81,0.8808,1,1
239,26,823.26,470.52,19.81,26.15,0.6198,1,1
239,29,15.84,494.22,25.90,27.91,0.6830,1,1
239,30,5.23,554.21,20.22,32.07,0.5207,1,1
240,1,0.41,417.40,33.53,47.87,0.8500,1,1
240,2,2.28,439.31,36.04,46.25,0.6573,1,1
240,3,103.14,570.54,17.30,32.07,0.7382,1,1
240,8,860.71,324.12,45.32,55.61,0.7971,1,1
240,12,863.45,292.42,82.95,63.32,0.8872,1,1
240,29,15.57,493.64,26.18,27.99,0.6775,1,1
240,30,5.13,553.86,20.43,32.32,0.5174,1,1
241,1,0.16,417.77,33.57,48.64,0.8385,1,1
241,2,1.71,439.72,37.40,47.41,0.7028,1,1
241,3,103.15,570.75,17.13,31.98,0.7352,1,1
241,8,852.67,333.88,43.38,52.84,0.7909,1,1
241,12,856.96,300.35,83.19,62.16,0.9081,1,1
241,26,821.69,472.81,19.23,25.35,0.2880,1,1
241,29,14.89,492.43,27.41,29.49,0.6804,1,1
241,30,4.99,553.76,20.54,32.08,0.5305,1,1
242,1,0.13,418.30,33.89,49.88,0.8566,1,1
242,2,1.99,441.43,37.00,46.25,0.6237,1,1
242,3,102.99,570.89,17.14,32.18,0.7208,1,1
242,8,845.46,337.35,43.11,54.14,0.8373,1,1
242,12,848.05,305.30,86.34,65.65,0.8895,1,1
242,29,14.83,492.69,27.38,29.78,0.7137,1,1
242,30,4.75,553.03,20.98,32.56,0.5482,1,1
243,1,1.16,418.63,34.37,48.55,0.8596,1,1
243,2,3.94,443.09,36.54,45.59,0.6537,1,1
243,3,103.04,571.09,17.03,32.06,0.7204,1,1
243,8,838.62,344.44,45.60,57.65,0.7992,1,1
243,12,841.63,311.81,85.49,65.82,0.8791,1,1
243,29,14.49,493.54,26.73,28.90,0.6224,1,1
243,30,4.50,552.98,21.09,32.71,0.5002,1,1
244,1,0.90,418.78,34.96,48.38,0.8584,1,1
244,2,4.15,443.19,36.57,45.56,0.6549,1,1
244,3,103.09,571.07,16.99,32.05,0.7210,1,1
244,8,838.51,344.71,45.50,57.77,0.7993,1,1
244,12,841.79,311.88,85.00,65.83,0.8791,1,1
244,29,14.44,493.59,26.79,28.82,0.6266,1,1
244,30,4.52,552.90,21.12,32.75,0.4974,1,1
245,1,0.90,419.33,36.20,49.65,0.8606,1,1
245,2,4.91,444.81,35.93,44.40,0.6462,1,1
245,3,103.13,571.09,16.88,31.89,0.7179,1,1
245,8,832.00,351.26,43.90,54.46,0.7671,1,1
245,12,834.03,317.07,85.91,66.56,0.9004,1,1
245,29,14.37,494.26,27.29,29.04,0.6498,1,1
245,30,4.43,553.20,21.02,32.55,0.4387,1,1
246,1,1.52,420.80,35.83,47.00,0.8572,1,1
246,2,5.14,446.00,36.55,44.86,0.6893,1,1
246,3,103.16,571.10,16.83,31.87,0.7179,1,1
246,8,823.52,357.62,41.44,51.44,0.7926,1,1
246,12,824.94,321.73,85.85,65.76,0.8883,1,1
246,29,14.75,494.81,26.74,27.93,0.6092,1,1
246,30,4.60,553.22,21.06,32.57,0.4502,1,1
247,1,1.24,421.22,37.02,47.66,0.8506,1,1
247,2,5.43,446.41,37.15,45.52,0.7204,1,1
247,3,103.18,571.06,16.82,31.91,0.7216,1,1
247,8,814.87,362.88,43.62,53.08,0.7863,1,1
247,12,816.83,325.14,88.19,66.94,0.8748,1,1
247,29,14.56,494.91,26.80,27.61,0.4759,1,1
247,30,4.80,553.60,21.06,32.51,0.4228,1,1
247,42,847.91,586.25,26.98,39.14,0.4356,1,1
248,1,1.34,421.94,37.40,47.19,0.8440,1,1
248,2,6.15,448.11,37.12,45.36,0.7272,1,1
248,3,103.17,570.95,16.82,31.97,0.7231,1,1
248,8,807.30,365.47,45.21,53.71,0.8126,1,1
248,12,806.89,328.83,89.77,69.03,0.8869,1,1
248,29,14.62,495.50,27.27,27.78,0.4322,1,1
248,30,5.27,554.35,20.78,32.04,0.4031,1,1
248,42,840.55,593.31,26.06,38.06,0.5548,1,1
249,1,1.16,422.20,37.89,47.18,0.8454,1,1
249,2,6.04,448.61,38.11,46.60,0.7245,1,1
249,3,103.31,570.90,16.69,31.79,0.7260,1,1
249,8,797.63,371.86,43.54,51.90,0.7398,1,1
249,12,797.56,333.68,89.82,67.90,0.8800,1,1
249,29,15.33,495.97,27.02,27.15,0.3183,1,1
249,30,6.09,555.46,20.20,30.90,0.4495,1,1
249,42,838.60,604.86,24.34,35.37,0.7037,1,1
250,1,1.04,422.20,38.16,47.18,0.8453,1,1
250,2,6.06,448.63,38.16,46.68,0.7245,1,1
250,3,103.35,570.88,16.65,31.78,0.7261,1,1
250,8,797.17,372.20,43.34,51.80,0.7399,1,1
250,12,797.11,333.74,90.48,67.89,0.8799,1,1
250,29,15.46,496.03,27.21,26.98,0.3181,1,1
250,30,6.25,555.62,20.18,30.69,0.4497,1,1
250,42,838.51,605.49,24.32,35.22,0.7037,1,1
251,1,1.28,422.38,38.77,47.06,0.8363,1,1
251,2,5.86,449.84,38.11,47.00,0.7812,1,1
251,3,103.13,571.22,16.89,32.19,0.7053,1,1
251,8,788.05,371.24,47.73,58.18,0.7411,1,1
251,12,790.06,338.24,90.50,67.79,0.8798,1,1
251,30,6.48,556.95,20.29,30.50,0.3953,1,1
251,42,838.59,607.37,25.89,38.30,0.6545,1,1
252,1,0.72,422.29,39.38,47.63,0.8355,1,1
252,2,6.32,451.84,37.14,45.23,0.7964,1,1
252,3,103.07,571.19,16.93,32.31,0.7004,1,1
252,8,782.77,381.92,47.90,55.83,0.7195,1,1
252,12,782.43,343.39,90.39,65.33,0.8919,1,1
252,30,7.10,557.14,20.21,30.15,0.3988,1,1
252,42,842.79,611.95,25.46,37.91,0.3414,1,1
253,1,0.73,422.05,39.69,47.79,0.8337,1,1
253,2,6.49,451.74,37.29,45.36,0.8053,1,1
253,3,103.29,571.20,16.87,32.20,0.7072,1,1
253,8,772.42,385.19,45.62,54.83,0.8611,1,1
253,12,773.13,345.54,94.68,70.48,0.8930,1,1
253,30,8.38,557.76,20.34,30.26,0.4443,1,1
253,42,851.21,614.15,25.50,38.69,0.4806,1,1
254,1,0.64,422.02,39.92,48.00,0.8331,1,1
254,2,6.50,451.97,37.47,45.56,0.8119,1,1
254,3,103.35,571.33,16.81,32.03,0.7030,1,1
254,8,765.59,390.23,47.73,58.36,0.8235,1,1
254,12,765.66,349.94,94.09,72.16,0.8789,1,1
254,30,9.31,557.95,20.35,30.38,0.4879,1,1
254,42,858.72,614.63,26.49,40.56,0.6141,1,1
255,1,0.70,422.01,39.98,47.93,0.8323,1,1
255,2,6.31,451.78,37.75,46.02,0.7948,1,1
255,3,103.40,571.36,16.71,31.80,0.7008,1,1
255,8,757.77,397.94,45.63,55.13,0.7678,1,1
255,12,759.02,359.48,91.56,69.33,0.8829,1,1
255,30,10.06,558.06,20.09,30.21,0.4270,1,1
255,42,868.41,614.56,26.95,41.97,0.5826,1,1
256,1,0.68,422.01,40.05,47.94,0.8323,1,1
256,2,6.32,451.72,37.74,46.11,0.7950,1,1
256,3,103.42,571.37,16.74,31.83,0.7004,1,1
256,8,757.25,398.24,45.94,55.01,0.7681,1,1
256,12,758.71,359.56,92.00,69.34,0.8832,1,1
256,30,10.20,558.38,20.01,30.25,0.3925,1,1
256,42,869.89,614.43,26.75,42.16,0.5574,1,1
257,1,0.61,421.91,40.22,48.22,0.8320,1,1
257,2,6.23,451.62,37.81,46.52,0.8070,1,1
257,3,103.51,571.56,16.64,31.55,0.7036,1,1
257,8,752.28,407.63,42.16,50.53,0.7292,1,1
257,12,750.52,362.75,94.12,70.22,0.9048,1,1
257,30,9.95,558.94,19.95,30.16,0.3285,1,1
257,42,877.54,614.96,25.97,39.58,0.7663,1,1
258,1,0.60,422.08,40.28,48.38,0.8303,1,1
258,2,6.31,452.00,37.65,46.26,0.8193,1,1
258,3,103.47,571.58,16.72,31.64,0.7045,1,1
258,8,742.98,411.48,44.27,54.87,0.8525,1,1
258,12,743.93,371.00,93.65,71.38,0.8815,1,1
258,30,9.67,559.81,20.25,30.53,0.2639,1,1
258,42,883.38,615.48,27.38,36.79,0.8150,1,1
259,1,0.91,422.20,39.88,47.36,0.8339,1,1
259,2,6.72,451.64,37.99,47.17,0.8033,1,1
259,3,103.16,572.21,17.51,32.73,0.7032,1,1
259,8,735.76,417.51,44.17,55.39,0.8128,1,1
259,12,737.71,378.53,94.37,72.53,0.8813,1,1
259,42,888.83,619.85,26.45,30.05,0.7747,1,1
260,1,0.57,421.77,40.30,48.31,0.8450,1,1
260,2,6.34,449.65,39.60,49.98,0.7965,1,1
260,3,103.46,572.01,16.67,31.08,0.7052,1,1
260,8,729.22,426.55,44.26,55.39,0.7206,1,1
260,12,731.70,386.26,94.58,71.14,0.9042,1,1
260,30,9.10,560.32,21.83,33.27,0.3052,1,1
260,42,887.87,621.75,26.60,27.70,0.7158,1,1
260,48,650.07,592.69,24.57,39.22,0.8223,1,1
261,1,0.78,421.61,39.51,47.33,0.8467,1,1
261,2,6.26,449.49,38.77,48.98,0.7810,1,1
261,3,103.57,572.32,16.40,30.36,0.6893,1,1
261,8,724.64,434.67,42.92,53.86,0.8280,1,1
261,12,723.91,393.30,97.70,72.36,0.8901,1,1
261,30,9.17,559.79,22.74,35.18,0.3576,1,1
261,42,886.75,626.55,27.16,27.37,0.3858,1,1
261,48,646.36,598.36,23.91,39.98,0.7913,1,1
262,1,0.77,421.59,39.51,47.32,0.8469,1,1
262,2,6.27,449.39,38.69,48.92,0.7813,1,1
262,3,103.60,572.28,16.44,30.28,0.6938,1,1
262,8,724.57,435.00,42.76,53.67,0.8280,1,1
262,12,723.48,393.41,98.39,72.35,0.8901,1,1
262,30,9.36,559.61,22.73,35.60,0.3556,1,1
262,42,885.91,627.46,28.18,27.39,0.3846,1,1
262,48,646.64,598.48,23.15,40.03,0.7918,1,1
263,1,0.66,419.19,40.60,48.77,0.8526,1,1
263,2,4.18,446.63,39.68,50.16,0.3061,1,1
263,3,103.55,572.08,16.62,30.68,0.6967,1,1
263,8,716.83,439.72,44.51,55.20,0.8185,1,1
263,12,717.71,397.73,100.30,75.17,0.8726,1,1
263,42,874.91,635.21,29.60,26.02,0.6829,1,1
263,48,646.12,601.98,21.93,38.57,0.7883,1,1
264,1,0.17,419.68,40.53,49.84,0.8538,1,1
264,3,103.31,572.55,17.46,32.20,0.7097,1,1
264,8,710.42,445.13,44.44,54.26,0.8036,1,1
264,12,712.88,403.97,97.43,73.09,0.8911,1,1
264,48,647.35,605.40,21.76,38.02,0.8020,1,1
265,1,0.73,419.57,39.27,48.03,0.8541,1,1
265,2,7.34,448.24,39.11,50.04,0.7326,1,1
265,3,103.32,572.36,16.92,30.96,0.7322,1,1
265,8,703.42,451.72,42.21,52.75,0.7828,1,1
265,12,704.60,408.84,99.29,72.13,0.8870,1,1
265,48,647.57,608.34,23.34,40.41,0.7974,1,1
266,1,0.22,418.76,40.16,49.97,0.8536,1,1
266,2,8.07,451.01,36.91,47.18,0.7255,1,1
266,3,102.56,572.18,17.47,32.05,0.6885,1,1
266,8,698.06,459.53,41.55,50.71,0.8158,1,1
266,12,698.47,412.70,100.36,72.93,0.8919,1,1
266,48,647.18,614.86,23.16,40.73,0.7658,1,1
267,1,0.27,418.16,39.99,50.26,0.8410,1,1
267,2,4.47,444.20,40.89,53.38,0.7406,1,1
267,3,102.60,572.49,18.02,32.90,0.6382,1,1
267,8,689.63,460.64,44.08,55.45,0.8568,1,1
267,12,691.16,419.09,103.04,76.24,0.8766,1,1
267,48,645.75,623.50,22.52,40.32,0.7983,1,1
268,1,0.40,418.14,39.76,50.27,0.8409,1,1
268,2,4.55,443.79,40.60,53.72,0.7406,1,1
268,3,102.64,572.40,18.14,33.02,0.6316,1,1
268,8,689.76,460.68,43.55,55.50,0.8568,1,1
268,12,691.54,419.24,102.17,76.24,0.8770,1,1
268,48,645.89,623.94,22.20,40.17,0.7996,1,1
269,1,0.36,417.09,38.80,49.00,0.8418,1,1
269,2,4.11,441.89,39.73,52.97,0.7552,1,1
269,3,102.68,573.99,17.57,31.45,0.6498,1,1
269,8,681.55,466.37,41.94,52.43,0.7930,1,1
269,12,683.37,424.17,101.94,76.05,0.8830,1,1
269,48,641.65,629.43,22.41,43.40,0.7846,1,1
269,57,52.27,583.10,34.06,26.80,0.4487,1,1
270,1,0.12,416.79,38.18,48.54,0.8394,1,1
270,2,2.02,439.27,39.55,53.33,0.7214,1,1
270,3,102.90,573.63,17.57,31.23,0.6461,1,1
270,8,672.77,471.51,43.64,53.62,0.7977,1,1
270,12,675.21,429.90,102.54,74.38,0.8900,1,1
270,48,636.11,635.04,21.67,42.03,0.6938,1,1
270,57,49.63,584.62,33.41,26.12,0.4001,1,1
271,1,0.21,416.64,37.30,47.72,0.8232,1,1
271,2,2.80,437.56,37.03,50.00,0.7378,1,1
271,3,102.93,573.40,17.74,31.62,0.6501,1,1
271,8,666.78,479.45,42.93,52.85,0.7933,1,1
271,12,667.75,435.16,105.00,77.49,0.8866,1,1
271,48,632.74,638.93,21.26,39.99,0.8119,1,1
271,57,47.24,584.83,31.21,24.28,0.2926,1,1
272,1,0.31,416.09,36.15,46.48,0.8222,1,1
272,2,3.06,436.82,36.29,49.10,0.7336,1,1
272,3,102.96,573.25,17.77,31.73,0.6553,1,1
272,8,659.51,489.55,42.09,50.33,0.8201,1,1
272,12,657.10,441.57,107.05,78.75,0.8662,1,1
272,48,631.20,639.42,20.04,36.06,0.7416,1,1
272,57,46.62,584.45,30.00,22.83,0.4416,1,1
273,1,0.88,414.68,34.93,44.03,0.8236,1,1
273,2,2.78,436.88,36.37,49.10,0.6990,1,1
273,3,102.99,573.13,17.81,31.86,0.6293,1,1
273,8,651.06,497.13,42.74,50.09,0.6657,1,1
273,12,646.71,445.83,110.91,80.82,0.8870,1,1
273,48,631.49,635.25,21.93,37.05,0.8232,1,1
273,57,45.23,584.32,30.98,22.61,0.5740,1,1
274,1,0.51,414.69,35.69,44.95,0.8217,1,1
274,2,2.80,436.93,36.48,49.21,0.7035,1,1
274,3,103.05,573.08,17.82,31.99,0.6370,1,1
274,8,650.01,497.75,43.55,50.08,0.6662,1,1
274,12,646.38,445.93,111.32,80.76,0.8870,1,1
274,48,631.23,635.22,22.59,36.98,0.8228,1,1
274,57,44.69,584.27,31.91,22.56,0.5771,1,1
275,1,0.60,414.47,35.00,43.79,0.8222,1,1
275,2,2.84,436.99,36.16,48.59,0.6978,1,1
275,3,102.98,573.30,17.79,31.94,0.6384,1,1
275,8,640.99,504.10,42.89,49.71,0.4802,1,1
275,12,641.17,455.55,107.22,77.50,0.9005,1,1
275,57,44.79,584.43,32.54,22.60,0.5984,1,1
276,1,0.90,413.99,33.44,40.82,0.8317,1,1
276,2,2.92,435.60,35.62,47.98,0.7313,1,1
276,3,102.96,573.31,17.76,31.84,0.6414,1,1
276,8,631.58,514.13,43.09,48.17,0.7895,1,1
276,12,628.43,460.92,110.63,81.63,0.8876,1,1
276,57,44.09,584.19,33.34,22.89,0.5648,1,1
277,1,0.63,413.75,32.50,39.23,0.8330,1,1
277,2,2.89,435.80,36.14,49.69,0.7483,1,1
277,3,103.02,573.67,17.70,31.56,0.6642,1,1
277,8,618.94,519.02,45.24,50.60,0.6306,1,1
277,12,618.62,468.08,109.78,82.10,0.8972,1,1
277,57,43.71,584.00,33.81,22.93,0.5735,1,1
278,1,0.47,413.38,32.72,39.37,0.8341,1,1
278,2,2.29,437.37,37.14,50.91,0.7677,1,1
278,3,102.84,573.68,17.83,31.77,0.6882,1,1
278,8,607.80,525.32,45.33,50.97,0.4756,1,1
278,12,607.48,475.90,109.29,80.90,0.8868,1,1
278,57,43.17,583.97,34.26,22.94,0.5538,1,1
279,1,0.63,412.54,32.32,38.41,0.8315,1,1
279,2,2.07,437.64,37.08,50.84,0.7565,1,1
279,3,102.78,573.55,17.94,32.05,0.6907,1,1
279,8,593.36,527.03,46.83,53.88,0.7210,1,1
279,12,595.62,480.09,108.94,81.04,0.8905,1,1
279,57,42.99,584.06,34.86,23.21,0.4578,1,1
279,65,628.57,784.32,27.31,42.15,0.7650,1,1
280,1,0.54,412.52,32.52,38.40,0.8315,1,1
280,2,2.09,437.65,37.08,50.84,0.7566,1,1
280,3,102.82,573.48,17.92,32.08,0.6890,1,1
280,8,592.78,527.12,46.32,54.06,0.7174,1,1
280,12,595.58,480.12,108.74,81.09,0.8910,1,1
280,57,42.97,584.02,35.12,23.26,0.4551,1,1
280,65,628.00,784.51,27.88,42.07,0.7654,1,1
281,1,0.20,412.08,32.86,39.04,0.8265,1,1
281,2,1.75,436.01,36.60,51.32,0.7610,1,1
281,3,102.60,573.30,17.99,32.25,0.6900,1,1
281,8,579.49,531.80,46.55,53.48,0.7597,1,1
281,12,578.78,483.33,113.66,84.90,0.8772,1,1
281,57,43.93,583.72,35.24,23.69,0.6666,1,1
281,65,622.35,790.10,29.99,47.07,0.8194,1,1
282,1,0.03,412.45,33.07,39.74,0.8340,1,1
282,2,1.43,435.75,35.82,50.48,0.7632,1,1
282,3,102.48,572.34,18.31,33.00,0.6637,1,1
282,8,569.59,539.05,43.55,49.49,0.6609,1,1
282,12,568.82,487.96,112.41,86.24,0.8985,1,1
282,57,41.30,581.53,37.39,24.79,0.7209,1,1
282,65,623.00,796.75,28.09,44.05,0.8577,1,1
283,1,0.14,412.55,33.44,40.35,0.8531,1,1
283,2,1.70,436.49,34.61,48.03,0.7754,1,1
283,3,102.18,571.71,18.40,33.28,0.6354,1,1
283,12,553.93,493.80,115.35,85.31,0.9169,1,1
283,57,41.23,580.09,37.13,24.69,0.7278,1,1
283,65,626.86,802.00,26.82,43.45,0.8053,1,1
284,1,-0.14,412.21,34.08,41.95,0.8760,1,1
284,2,1.67,438.65,34.05,46.07,0.7609,1,1
284,3,102.17,571.76,17.90,32.67,0.6632,1,1
284,12,542.38,497.97,115.67,87.45,0.8970,1,1
284,57,40.54,579.69,36.58,24.37,0.7086,1,1
284,65,630.42,807.16,29.66,49.02,0.8273,1,1
285,1,-0.25,412.49,35.46,45.26,0.8856,1,1
285,2,2.03,442.68,33.60,43.93,0.7608,1,1
285,3,102.17,571.77,17.72,32.54,0.6626,1,1
285,12,528.57,506.62,118.21,86.95,0.8990,1,1
285,57,39.81,578.73,35.37,24.28,0.7408,1,1
285,65,634.01,809.12,29.34,47.98,0.5574,1,1
286,1,0.01,412.51,34.96,45.28,0.8857,1,1
286,2,1.72,442.86,34.27,43.83,0.7606,1,1
286,3,102.23,571.69,17.65,32.57,0.6633,1,1
286,12,527.82,506.67,119.45,86.96,0.8988,1,1
286,57,40.11,578.66,34.66,24.27,0.7415,1,1
286,65,634.56,809.25,29.56,47.78,0.5580,1,1
287,1,-0.03,412.53,35.70,47.25,0.8945,1,1
287,2,1.23,446.39,35.88,44.05,0.7962,1,1
287,3,102.14,571.76,17.60,32.57,0.6553,1,1
287,12,518.99,511.77,120.27,89.22,0.8677,1,1
287,57,38.92,578.23,32.42,23.33,0.6962,1,1
287,65,641.56,810.67,33.10,49.47,0.8128,1,1
288,1,0.01,412.46,36.25,48.32,0.8964,1,1
288,2,1.50,447.97,36.15,43.62,0.7383,1,1
288,3,102.20,571.63,17.65,32.74,0.6641,1,1
288,12,504.90,519.16,120.28,89.52,0.8887,1,1
288,57,35.10,577.48,31.42,23.00,0.5435,1,1
288,65,647.70,811.91,34.68,48.13,0.8369,1,1
289,1,0.21,412.56,36.08,47.63,0.8952,1,1
289,2,1.70,448.58,36.43,43.23,0.7374,1,1
289,3,102.37,571.05,17.78,32.97,0.6859,1,1
289,12,496.52,528.11,116.95,86.52,0.8546,1,1
289,57,32.50,577.73,30.27,22.32,0.4204,1,1
289,65,652.30,811.84,35.00,44.77,0.8403,1,1
290,1,0.14,412.61,36.26,47.72,0.8968,1,1
290,2,1.75,448.63,37.00,43.31,0.7333,1,1
290,3,102.55,570.81,17.85,32.99,0.6732,1,1
290,12,482.79,535.44,122.28,90.08,0.8167,1,1
290,57,29.69,575.99,31.00,23.28,0.4469,1,1
290,65,656.20,813.98,35.20,42.37,0.8036,1,1
291,1,-0.06,412.52,36.59,49.41,0.8997,1,1
291,2,1.31,447.33,38.05,44.26,0.7402,1,1
291,3,102.60,570.82,17.89,32.94,0.6683,1,1
291,12,475.31,546.42,120.84,88.86,0.8691,1,1
291,57,28.87,577.69,29.08,22.21,0.5309,1,1
291,65,656.40,817.24,36.95,41.39,0.8195,1,1
292,1,0.11,412.53,36.22,49.46,0.8997,1,1
292,2,1.22,447.23,38.28,44.33,0.7405,1,1
292,3,102.58,570.85,17.92,32.94,0.6665,1,1
292,12,475.17,546.61,120.91,88.84,0.8689,1,1
292,57,28.90,577.95,28.43,22.02,0.5281,1,1
292,65,655.71,817.31,38.41,41.37,0.8199,1,1
293,1,0.31,411.75,35.80,48.34,0.9010,1,1
293,2,1.17,446.75,38.42,44.33,0.7324,1,1
293,3,102.49,570.85,17.95,32.89,0.6840,1,1
293,12,463.69,556.95,121.31,89.96,0.8672,1,1
293,57,30.72,579.03,27.44,21.23,0.5559,1,1
293,65,655.24,823.62,36.46,37.58,0.8132,1,1
294,1,0.18,411.87,35.74,48.15,0.9014,1,1
294,2,0.92,446.74,38.50,44.34,0.7452,1,1
294,3,102.35,570.97,17.94,32.76,0.7007,1,1
294,12,452.80,567.49,122.89,89.85,0.9014,1,1
294,57,32.21,579.50,29.57,22.60,0.6417,1,1
294,65,652.50,829.21,37.49,37.16,0.7867,1,1
295,1,0.22,411.91,35.92,48.16,0.8985,1,1
295,2,0.98,446.31,38.69,44.45,0.7630,1,1
295,3,102.14,570.50,18.17,33.15,0.7100,1,1
295,12,445.84,577.26,121.61,90.80,0.8690,1,1
295,57,38.48,581.73,28.77,22.15,0.6593,1,1
295,65,649.39,839.66,36.56,33.91,0.7447,1,1
296,1,0.42,413.19,36.55,48.09,0.8971,1,1
296,2,0.75,446.25,39.66,45.85,0.7755,1,1
296,3,102.40,571.64,17.75,32.21,0.6823,1,1
296,12,434.77,586.83,122.77,92.59,0.8431,1,1
296,57,40.35,582.19,28.88,22.14,0.6355,1,1
296,65,635.24,851.14,41.57,34.85,0.8117,1,1
296,73,407.90,815.53,22.84,46.27,0.4369,1,1
297,1,0.34,414.06,37.55,48.90,0.8943,1,1
297,2,1.38,447.48,39.63,46.24,0.7360,1,1
297,3,102.47,571.05,17.86,32.36,0.7149,1,1
297,12,427.07,594.77,122.07,91.21,0.8650,1,1
297,57,41.74,582.78,27.71,21.28,0.5901,1,1
297,65,618.50,861.54,48.11,36.94,0.8455,1,1
297,73,403.97,823.52,22.75,44.65,0.7390,1,1
298,1,0.26,414.07,37.70,48.90,0.8945,1,1
298,2,1.55,447.55,39.40,46.28,0.7360,1,1
298,3,102.48,571.00,17.88,32.38,0.7149,1,1
298,12,426.70,594.89,122.56,91.19,0.8651,1,1
298,57,41.96,582.82,27.53,21.17,0.5904,1,1
298,65,617.55,861.95,49.92,36.80,0.8459,1,1
298,73,403.63,823.80,23.16,44.58,0.7380,1,1
299,1,0.59,414.08,38.18,48.20,0.8836,1,1
299,2,3.29,450.60,37.63,43.79,0.7362,1,1
299,3,102.67,570.92,17.90,32.42,0.7110,1,1
299,12,414.22,601.97,127.45,96.25,0.8395,1,1
299,57,39.28,582.37,27.90,20.76,0.7001,1,1
299,65,599.40,875.42,53.45,41.61,0.7835,1,1
299,73,404.76,826.95,23.34,44.47,0.7080,1,1
300,1,0.42,414.10,39.17,48.82,0.8710,1,1
300,2,4.00,451.88,37.31,43.06,0.7624,1,1
300,3,102.66,570.79,17.92,32.51,0.7243,1,1
300,12,405.60,609.97,124.59,95.35,0.8894,1,1
300,57,38.55,582.38,29.15,21.50,0.7417,1,1
300,65,587.38,895.14,42.40,41.83,0.8829,1,1
300,73,409.77,829.09,23.70,44.11,0.7718,1,1
301,1,0.37,414.78,39.74,49.41,0.8701,1,1
301,2,3.98,452.57,38.44,44.32,0.7324,1,1
301,3,102.59,571.01,17.73,32.13,0.7196,1,1
301,12,396.32,617.23,125.55,95.00,0.8936,1,1
301,57,38.09,582.88,29.74,22.09,0.6689,1,1
301,65,567.01,907.60,47.48,47.63,0.4303,1,1
301,73,415.99,833.98,23.86,43.93,0.7915,1,1
302,1,0.34,414.78,40.44,50.02,0.8628,1,1
302,2,5.16,453.67,37.30,42.34,0.7513,1,1
302,3,102.62,570.61,17.87,32.29,0.7309,1,1
302,12,383.74,624.92,128.91,99.07,0.8679,1,1
302,57,37.84,583.37,28.31,21.09,0.6036,1,1
303,1,0.53,414.74,41.25,50.10,0.8577,1,1
303,2,6.78,455.32,35.85,40.03,0.7775,1,1
303,3,102.78,570.53,17.96,32.42,0.7408,1,1
303,12,373.30,632.26,128.99,97.70,0.8590,1,1
303,57,37.34,583.84,27.92,20.78,0.5503,1,1
304,1,0.35,414.76,41.63,50.08,0.8577,1,1
304,2,6.72,455.37,36.07,39.87,0.7769,1,1
304,3,102.81,570.50,18.01,32.49,0.7417,1,1
304,12,372.64,632.40,129.91,97.66,0.8589,1,1
304,57,36.74,583.71,28.01,20.72,0.5406,1,1
305,1,0.28,414.56,42.31,50.15,0.8650,1,1
305,2,6.68,456.75,36.14,39.41,0.7702,1,1
305,3,102.92,570.73,18.05,32.41,0.7360,1,1
305,12,359.41,638.89,131.58,99.45,0.8195,1,1
305,57,33.63,582.67,27.96,20.31,0.4780,1,1
306,1,0.41,415.41,43.18,50.18,0.8638,1,1
306,2,7.38,457.60,35.61,38.34,0.7755,1,1
306,3,102.94,570.83,17.96,32.15,0.7262,1,1
306,12,347.23,648.01,132.82,102.37,0.8547,1,1
306,57,32.79,582.66,26.82,19.08,0.3776,1,1
307,1,0.43,416.76,43.68,49.97,0.8625,1,1
307,2,7.86,458.26,35.02,37.04,0.7845,1,1
307,3,102.89,570.90,17.97,32.15,0.7187,1,1
307,12,337.18,656.76,130.13,99.91,0.7879,1,1
307,57,31.79,582.42,26.88,18.69,0.4576,1,1
308,1,0.13,417.02,44.52,50.93,0.8616,1,1
308,2,7.57,458.70,36.29,38.57,0.7677,1,1
308,3,102.95,570.74,18.03,32.27,0.7240,1,1
308,12,324.61,665.81,131.74,103.56,0.8861,1,1
308,57,31.70,582.62,27.21,18.62,0.4091,1,1
309,1,0.17,416.87,44.95,51.25,0.8639,1,1
309,2,8.32,459.24,36.43,38.89,0.7627,1,1
309,3,103.07,570.84,17.87,32.06,0.7259,1,1
309,12,312.01,675.39,132.10,103.86,0.7167,1,1
309,57,31.49,583.17,27.17,18.32,0.3536,1,1
310,1,0.15,416.84,45.06,51.30,0.8638,1,1
310,2,8.50,459.25,36.33,38.89,0.7637,1,1
310,3,103.12,570.83,17.81,32.01,0.7250,1,1
310,12,311.21,675.98,132.08,103.87,0.7208,1,1
310,57,31.41,583.23,27.28,18.13,0.3557,1,1
311,1,0.04,417.14,45.27,51.78,0.8657,1,1
311,2,8.18,460.02,36.32,38.52,0.7786,1,1
311,3,103.17,570.97,17.74,31.89,0.7282,1,1
311,12,299.62,683.87,129.78,102.45,0.8667,1,1
311,57,31.29,583.35,27.79,18.19,0.4327,1,1
312,1,0.12,417.88,45.35,51.94,0.8632,1,1
312,2,8.51,460.36,37.01,38.74,0.7904,1,1
312,3,103.25,571.01,17.73,31.82,0.7307,1,1
312,12,284.94,691.75,132.39,105.85,0.8710,1,1
312,57,30.34,583.74,29.38,19.09,0.4526,1,1
313,1,0.21,418.53,45.21,51.59,0.8632,1,1
313,2,7.92,461.14,37.93,39.52,0.7910,1,1
313,3,103.23,571.07,17.75,31.82,0.7294,1,1
313,12,270.59,698.97,130.09,104.91,0.8491,1,1
313,57,29.98,583.95,29.95,19.33,0.4488,1,1
314,1,0.15,418.84,45.05,51.35,0.8623,1,1
314,2,7.76,461.24,38.09,39.62,0.7769,1,1
314,3,103.18,570.91,17.85,31.96,0.7258,1,1
314,12,258.67,705.11,123.59,100.78,0.8959,1,1
314,57,29.43,583.87,30.35,19.46,0.4908,1,1
315,1,0.23,419.31,45.00,51.07,0.8605,1,1
315,2,7.78,461.42,38.21,39.80,0.7886,1,1
315,3,103.12,570.91,17.91,32.08,0.7203,1,1
315,12,241.09,709.44,124.25,99.85,0.8795,1,1
315,57,29.31,583.65,30.57,19.54,0.4721,1,1
316,1,0.20,419.36,45.11,51.04,0.8610,1,1
316,2,7.87,461.39,38.20,39.83,0.7909,1,1
316,3,103.14,570.89,17.92,32.10,0.7212,1,1
316,12,240.44,709.47,125.04,99.79,0.8797,1,1
316,57,29.18,583.52,30.79,19.61,0.4733,1,1
317,1,0.09,419.33,45.21,51.23,0.8622,1,1
317,2,7.85,461.43,38.03,39.47,0.7812,1,1
317,3,103.05,571.00,17.94,32.24,0.7165,1,1
317,12,222.90,713.42,129.76,107.32,0.8653,1,1
317,57,29.03,583.62,30.73,19.48,0.4545,1,1
318,1,0.08,419.39,45.15,51.29,0.8621,1,1
318,2,7.78,461.62,38.35,39.87,0.7908,1,1
318,3,103.07,571.01,17.89,32.16,0.7199,1,1
318,12,211.10,720.17,124.40,103.54,0.8761,1,1
318,57,29.25,583.48,30.96,19.49,0.4887,1,1
319,1,0.16,419.43,45.18,51.27,0.8625,1,1
319,2,7.87,461.67,38.20,39.63,0.7917,1,1
319,3,103.07,571.07,17.87,32.18,0.7215,1,1
319,12,194.77,726.18,121.57,101.13,0.8275,1,1
319,57,29.66,583.42,31.18,19.52,0.4521,1,1
320,1,0.16,419.47,45.17,51.21,0.8618,1,1
320,2,7.99,461.40,38.24,39.25,0.8002,1,1
320,3,103.03,571.02,17.88,32.23,0.7242,1,1
320,12,181.94,731.79,119.27,99.33,0.8927,1,1
320,57,30.06,583.44,31.77,19.77,0.4284,1,1
321,1,0.17,419.44,45.21,51.17,0.8614,1,1
321,2,7.78,461.46,38.33,39.09,0.8015,1,1
321,3,103.01,570.99,17.88,32.26,0.7263,1,1
321,12,167.41,738.00,122.77,105.18,0.8884,1,1
321,57,30.38,583.59,31.90,19.72,0.3916,1,1
322,1,0.16,419.44,45.23,51.16,0.8617,1,1
322,2,7.72,461.44,38.46,39.10,0.8012,1,1
322,3,103.03,570.98,17.87,32.28,0.7259,1,1
322,12,167.95,738.06,121.43,105.31,0.8885,1,1
322,57,30.46,583.58,32.07,19.71,0.3929,1,1
323,1,0.11,419.41,45.34,51.36,0.8609,1,1
323,2,7.65,461.30,38.51,38.83,0.8011,1,1
323,3,103.02,570.97,17.85,32.20,0.7291,1,1
323,12,156.15,745.89,118.07,102.70,0.8910,1,1
323,57,30.59,583.85,32.56,19.86,0.4596,1,1
324,1,0.16,419.44,45.28,51.23,0.8608,1,1
324,2,7.48,461.22,38.69,38.86,0.8045,1,1
324,3,103.01,570.93,17.87,32.29,0.7296,1,1
324,12,144.05,752.46,117.41,102.13,0.8289,1,1
324,57,30.67,583.93,32.87,19.85,0.4594,1,1
325,1,0.14,419.48,45.21,51.15,0.8606,1,1
325,2,7.37,461.22,38.74,38.87,0.8029,1,1
325,3,103.00,570.92,17.90,32.35,0.7287,1,1
325,12,131.35,759.59,116.00,100.65,0.7914,1,1
325,57,30.67,583.98,33.24,19.87,0.4648,1,1
326,1,0.34,419.77,44.95,50.36,0.8622,1,1
326,2,7.59,460.62,38.32,38.72,0.7976,1,1
326,3,102.94,570.93,17.97,32.46,0.7255,1,1
326,12,120.24,769.25,118.42,102.89,0.7841,1,1
326,57,30.88,584.11,33.27,19.77,0.4082,1,1
327,1,0.21,419.21,45.19,50.39,0.8626,1,1
327,2,7.38,459.86,38.27,39.05,0.7981,1,1
327,3,102.96,570.94,18.00,32.47,0.7264,1,1
327,12,107.44,776.99,117.06,102.20,0.8635,1,1
327,57,30.82,584.15,33.40,19.71,0.4379,1,1
328,1,0.17,419.21,45.28,50.37,0.8625,1,1
328,2,7.47,459.83,38.03,39.03,0.7990,1,1
328,3,102.99,570.92,18.00,32.44,0.7273,1,1
328,12,107.35,777.12,116.79,102.15,0.8638,1,1
328,57,30.75,584.09,33.59,19.71,0.4407,1,1
329,1,-0.17,417.68,45.38,51.13,0.8632,1,1
329,2,7.46,459.41,37.46,38.35,0.7973,1,1
329,3,102.93,570.92,18.05,32.52,0.7253,1,1
329,12,94.43,784.72,119.95,105.42,0.5419,1,1
329,57,30.98,584.22,33.69,19.71,0.4077,1,1
330,1,-0.08,417.03,44.61,50.67,0.8624,1,1
330,2,6.54,458.96,37.51,38.57,0.7815,1,1
330,3,102.95,570.89,18.01,32.46,0.7252,1,1
330,12,80.28,791.06,121.53,107.72,0.4108,1,1
330,57,31.58,584.38,33.38,19.62,0.3899,1,1
331,1,0.19,417.16,43.98,49.65,0.8613,1,1
331,2,6.19,457.90,38.17,39.71,0.7926,1,1
331,3,102.99,570.91,17.96,32.36,0.7281,1,1
331,12,70.04,797.32,116.66,104.71,0.5547,1,1
331,57,31.20,584.39,33.50,19.60,0.3901,1,1
332,1,0.30,416.90,43.70,48.92,0.8637,1,1
332,2,5.57,456.69,39.36,41.11,0.7708,1,1
332,3,102.97,570.75,18.01,32.42,0.7298,1,1
332,12,61.70,800.79,112.59,103.77,0.6493,1,1
332,57,31.26,584.48,33.37,19.41,0.3209,1,1
333,1,-0.12,416.37,43.90,49.97,0.8630,1,1
333,2,4.74,454.36,40.78,42.94,0.7367,1,1
333,3,102.94,570.70,18.09,32.57,0.7331,1,1
334,1,0.05,416.38,43.55,49.98,0.8629,1,1
334,2,4.83,454.22,40.62,43.04,0.7370,1,1
334,3,102.94,570.71,18.11,32.61,0.7321,1,1
335,1,0.04,416.03,42.91,50.00,0.8681,1,1
335,2,3.57,451.85,42.31,45.77,0.7043,1,1
335,3,102.68,570.93,18.18,32.89,0.7152,1,1
336,1,0.12,415.30,42.37,49.84,0.8706,1,1
336,2,3.21,451.62,41.44,45.77,0.7327,1,1
336,3,102.56,571.01,18.20,33.08,0.7103,1,1
337,1,0.11,415.03,41.71,49.65,0.8702,1,1
337,2,3.05,450.32,41.24,46.69,0.7605,1,1
337,3,102.57,571.18,18.09,32.98,0.7049,1,1
338,1,0.21,415.42,40.69,49.02,0.8712,1,1
338,2,3.23,449.52,40.81,47.30,0.7683,1,1
338,3,102.53,571.10,18.15,33.16,0.7045,1,1
338,12,8.46,816.24,109.95,106.09,0.4684,1,1
339,1,0.20,415.19,40.14,48.92,0.8733,1,1
339,2,3.88,449.23,39.69,46.93,0.7767,1,1
339,3,102.53,570.98,18.17,33.07,0.7086,1,1
339,12,-1.34,817.69,107.32,108.07,0.5254,1,1
340,1,0.34,415.32,39.89,48.80,0.8727,1,1
340,2,4.14,449.19,39.18,46.93,0.7766,1,1
340,3,102.51,570.96,18.21,33.06,0.7091,1,1
340,12,-1.52,817.87,104.51,108.35,0.5235,1,1
341,1,0.49,415.34,39.61,48.08,0.8712,1,1
341,2,5.01,449.30,37.79,45.10,0.7861,1,1
341,3,102.54,570.80,18.29,33.09,0.7303,1,1
341,12,-5.46,820.15,102.13,107.90,0.4196,1,1
342,1,0.27,415.34,39.41,47.97,0.8757,1,1
342,2,4.63,450.20,37.32,43.80,0.7792,1,1
342,3,102.93,571.16,17.92,32.25,0.7133,1,1
342,12,-4.09,820.69,88.62,107.68,0.8056,1,1
343,1,0.08,415.16,39.22,48.27,0.8806,1,1
343,2,4.48,451.53,36.88,42.43,0.7631,1,1
343,3,103.16,571.58,17.70,31.71,0.7172,1,1
343,12,-8.15,809.28,88.68,120.79,0.7725,1,1
344,1,0.03,415.63,38.64,48.21,0.8818,1,1
344,2,4.23,453.22,37.02,41.85,0.7673,1,1
344,3,103.25,571.72,17.64,31.56,0.7470,1,1
344,12,-6.95,800.83,80.22,129.86,0.8293,1,1
345,1,0.14,416.09,37.69,47.46,0.8843,1,1
345,2,3.73,453.15,37.32,41.87,0.7646,1,1
345,3,103.28,571.55,17.65,31.67,0.7534,1,1
345,12,-4.59,801.09,66.75,125.29,0.8521,1,1
346,1,0.22,416.07,37.53,47.45,0.8845,1,1
346,2,3.64,453.17,37.49,41.84,0.7658,1,1
346,3,103.31,571.56,17.62,31.64,0.7530,1,1
346,12,-2.34,800.91,62.10,125.37,0.8520,1,1
347,1,0.41,417.10,36.88,46.15,0.8823,1,1
347,2,4.03,455.43,36.58,40.18,0.7755,1,1
347,3,103.33,571.35,17.59,31.72,0.7400,1,1
347,12,-3.60,801.19,54.59,120.68,0.8308,1,1
348,1,0.36,417.95,36.60,45.67,0.8780,1,1
348,2,3.62,455.22,36.86,39.88,0.7744,1,1
348,3,103.13,571.01,17.82,32.24,0.7369,1,1
348,12,-5.55,800.07,49.44,122.00,0.7915,1,1
349,1,0.48,418.58,36.28,44.64,0.8774,1,1
349,2,2.56,455.10,38.61,41.96,0.7567,1,1
349,3,103.28,571.06,17.53,31.75,0.7435,1,1
349,12,-4.75,808.00,39.42,110.05,0.7868,1,1
350,1,0.47,419.05,36.20,44.16,0.8745,1,1
350,2,1.53,451.21,40.44,44.61,0.7142,1,1
350,3,103.25,571.19,17.47,31.57,0.7475,1,1
350,12,-4.83,813.24,30.18,93.71,0.7285,1,1
351,1,0.37,419.48,36.86,44.92,0.8683,1,1
351,2,2.37,451.70,38.43,42.39,0.7084,1,1
351,3,103.23,571.24,17.48,31.50,0.7494,1,1
351,12,-5.53,831.41,23.65,79.77,0.6113,1,1
352,1,0.36,419.51,36.87,44.89,0.8684,1,1
352,2,2.43,451.73,38.28,42.22,0.7088,1,1
352,3,103.22,571.20,17.54,31.54,0.7504,1,1
352,12,-4.64,833.40,21.33,78.39,0.6078,1,1
352,91,18.37,559.32,18.13,36.03,0.5904,1,1
353,1,0.15,419.76,37.12,45.51,0.8659,1,1
353,2,2.86,454.38,37.07,40.54,0.7097,1,1
353,3,103.18,571.24,17.58,31.52,0.7504,1,1
353,91,18.97,558.37,17.63,35.30,0.6042,1,1
354,1,0.52,420.61,36.77,44.50,0.8627,1,1
354,2,4.20,457.27,35.92,38.94,0.7104,1,1
354,3,103.17,571.21,17.61,31.55,0.7506,1,1
354,91,19.37,558.35,17.19,34.63,0.5818,1,1
355,1,0.04,421.01,38.17,46.79,0.8505,1,1
355,2,5.16,459.19,35.15,37.58,0.7397,1,1
355,3,103.14,571.21,17.62,31.57,0.7512,1,1
355,91,19.53,558.36,16.96,34.32,0.5669,1,1
356,1,0.17,421.12,38.11,47.06,0.8510,1,1
356,2,4.62,458.14,35.93,38.15,0.7411,1,1
356,3,103.10,571.00,17.64,31.63,0.7577,1,1
356,91,19.48,558.19,17.06,34.73,0.5461,1,1
357,1,0.48,421.05,37.64,46.13,0.8506,1,1
357,2,4.66,458.15,35.85,37.88,0.7392,1,1
357,3,103.18,570.78,17.66,31.77,0.7677,1,1
357,91,19.65,558.40,16.88,34.49,0.3971,1,1
358,1,0.42,421.04,37.77,46.09,0.8507,1,1
358,2,4.61,458.12,35.97,37.89,0.7398,1,1
358,3,103.19,570.68,17.65,31.85,0.7691,1,1
358,91,19.76,558.50,16.81,34.45,0.4051,1,1
359,1,0.32,420.90,37.96,46.29,0.8524,1,1
359,2,4.47,458.03,35.95,37.76,0.7260,1,1
359,3,103.30,570.64,17.59,31.86,0.7742,1,1
359,91,19.88,558.74,16.68,34.26,0.3900,1,1
360,1,0.44,421.01,37.84,45.90,0.8548,1,1
360,2,4.24,457.68,36.81,38.82,0.7554,1,1
360,3,103.38,570.79,17.66,31.89,0.7694,1,1
360,91,19.53,559.56,16.79,34.48,0.3856,1,1
361,1,0.51,420.78,37.67,45.30,0.8541,1,1
361,2,4.88,457.81,36.12,38.06,0.7613,1,1
361,3,103.54,570.97,17.49,31.47,0.7639,1,1
361,91,18.47,559.65,17.05,34.56,0.2865,1,1
362,1,0.44,420.69,37.79,45.24,0.8536,1,1
362,2,4.84,457.42,36.18,38.17,0.7585,1,1
362,3,103.44,571.45,17.64,31.64,0.7432,1,1
362,91,17.55,559.24,17.63,35.21,0.3208,1,1
363,1,0.34,420.77,38.10,45.78,0.8515,1,1
363,2,4.34,457.21,36.97,39.22,0.7971,1,1
363,3,103.41,571.58,17.67,31.62,0.7402,1,1
363,91,17.14,560.57,17.58,34.36,0.2749,1,1
364,1,0.38,420.79,38.04,45.78,0.8512,1,1
364,2,4.37,457.19,36.91,39.27,0.7971,1,1
364,3,103.40,571.58,17.70,31.60,0.7402,1,1
365,1,-0.01,419.55,38.85,47.64,0.8527,1,1
365,2,4.37,457.47,36.67,39.01,0.7942,1,1
365,3,103.45,571.70,17.64,31.44,0.7378,1,1
366,1,0.05,419.69,38.78,48.27,0.8534,1,1
366,2,4.04,456.55,37.50,40.26,0.7629,1,1
366,3,103.39,571.71,17.69,31.50,0.7357,1,1
367,1,0.06,419.13,38.77,48.93,0.8554,1,1
367,2,4.80,458.03,36.79,39.52,0.7216,1,1
367,3,103.35,571.55,17.74,31.69,0.7364,1,1
368,1,0.22,418.93,38.62,49.03,0.8545,1,1
368,2,4.46,457.64,37.16,39.96,0.7711,1,1
368,3,103.44,571.53,17.76,31.88,0.7351,1,1
369,1,0.31,418.80,38.42,48.83,0.8561,1,1
369,2,4.62,457.53,37.51,40.51,0.7791,1,1
369,3,103.10,571.89,18.65,33.22,0.7463,1,1
370,1,0.31,418.77,38.37,48.83,0.8568,1,1
370,2,4.69,457.53,37.42,40.52,0.7789,1,1
370,3,103.05,571.91,18.78,33.29,0.7463,1,1
370,93,-0.09,446.55,41.66,50.19,0.2631,1,1
371,1,0.23,418.81,38.82,49.67,0.8573,1,1
371,2,4.11,456.44,38.48,41.89,0.7683,1,1
371,3,102.60,571.33,19.36,34.15,0.7204,1,1
371,93,-0.51,445.65,42.61,51.49,0.2658,1,1
372,1,0.59,418.56,38.58,48.71,0.8574,1,1
372,2,5.10,456.65,38.55,42.81,0.7849,1,1
372,3,102.38,571.33,18.65,33.25,0.7165,1,1
373,1,0.29,419.16,39.33,49.84,0.8517,1,1
373,2,5.77,457.34,37.59,41.96,0.7882,1,1
373,3,102.53,572.44,18.53,32.96,0.6428,1,1
374,1,0.74,420.37,39.61,49.15,0.8506,1,1
374,2,6.42,458.44,36.76,40.43,0.7631,1,1
374,3,102.92,572.08,17.49,31.43,0.6324,1,1
375,1,0.38,420.59,40.46,50.12,0.8485,1,1
375,2,6.40,459.85,36.04,38.65,0.7461,1,1
375,3,103.00,571.95,17.16,31.01,0.6442,1,1
375,94,51.20,584.98,34.37,23.90,0.3486,1,1
376,1,0.35,420.59,40.51,50.14,0.8486,1,1
376,2,6.10,459.92,36.59,38.55,0.7459,1,1
376,3,103.06,571.94,17.04,30.96,0.6445,1,1
376,94,51.34,585.11,34.39,23.86,0.3445,1,1
377,1,0.43,420.70,40.76,49.72,0.8520,1,1
377,2,7.30,462.17,32.84,33.50,0.6578,1,1
377,3,102.95,571.85,17.14,31.25,0.6426,1,1
377,94,52.64,585.09,33.71,23.29,0.2797,1,1
378,1,0.23,420.94,41.71,50.91,0.8548,1,1
378,2,6.39,461.34,36.05,35.90,0.7154,1,1
378,3,102.80,571.53,17.24,31.51,0.6449,1,1
378,94,53.40,584.51,34.81,23.67,0.2704,1,1
379,1,0.17,421.46,42.36,52.01,0.8584,1,1
379,2,6.20,461.38,36.67,35.64,0.7184,1,1
379,3,102.57,571.18,17.26,31.66,0.6077,1,1
379,94,53.54,583.72,35.57,24.02,0.3174,1,1
380,1,0.37,422.08,42.43,51.73,0.8615,1,1
380,2,5.98,461.33,37.64,36.01,0.7124,1,1
380,3,102.34,570.51,17.29,31.50,0.6039,1,1
380,94,53.27,583.47,36.99,24.35,0.2671,1,1
381,1,0.33,422.06,42.74,51.86,0.8585,1,1
381,2,6.17,461.47,38.09,36.14,0.7297,1,1
381,3,102.03,570.66,17.50,31.66,0.5738,1,1
381,94,53.77,582.70,40.18,24.57,0.5627,1,1
382,1,0.25,422.03,42.86,51.94,0.8585,1,1
382,2,6.06,461.48,38.25,36.07,0.7271,1,1
382,3,101.92,570.65,17.66,31.79,0.5791,1,1
382,94,52.97,582.60,42.22,24.62,0.5592,1,1
383,1,0.29,422.11,42.94,51.96,0.8572,1,1
383,2,5.90,461.70,38.72,36.32,0.7443,1,1
383,3,102.21,570.50,17.84,31.86,0.6275,1,1
383,94,49.80,580.67,43.96,24.88,0.2969,1,1
384,1,0.29,422.02,43.01,51.96,0.8557,1,1
384,2,5.83,461.55,39.05,36.55,0.7567,1,1
384,3,101.90,570.18,18.15,32.05,0.6538,1,1
384,94,48.94,579.67,45.02,24.61,0.3427,1,1
385,1,0.23,421.91,43.11,52.15,0.8552,1,1
385,2,6.05,461.48,39.21,36.64,0.7692,1,1
385,3,101.77,570.17,18.13,31.69,0.6523,1,1
385,94,47.00,577.92,47.43,25.44,0.3203,1,1
386,1,0.45,422.27,43.20,51.84,0.8568,1,1
386,2,6.49,461.48,39.30,36.80,0.7887,1,1
386,3,101.76,570.09,18.24,31.64,0.6611,1,1
386,94,47.67,578.42,47.00,24.67,0.3041,1,1
387,1,0.46,422.38,43.38,51.67,0.8570,1,1
387,2,7.17,461.37,39.16,37.12,0.7928,1,1
387,3,101.97,570.09,18.22,31.36,0.6757,1,1
387,94,48.69,579.30,46.11,23.75,0.2966,1,1
388,1,0.38,422.38,43.54,51.66,0.8570,1,1
388,2,7.33,461.36,38.88,37.13,0.7930,1,1
388,3,101.95,570.05,18.32,31.37,0.6763,1,1
388,94,48.70,579.54,46.41,23.52,0.2990,1,1
389,1,0.40,422.33,43.90,51.86,0.8574,1,1
389,2,8.33,461.36,38.49,37.24,0.8000,1,1
389,3,101.73,570.22,18.48,31.54,0.6567,1,1
389,94,49.06,579.58,47.13,23.64,0.2582,1,1
390,1,0.39,422.26,44.18,51.93,0.8579,1,1
390,2,8.40,461.30,38.27,37.33,0.7949,1,1
390,3,101.36,570.45,18.64,31.70,0.6439,1,1
390,94,48.60,579.39,49.00,24.14,0.2570,1,1
391,1,0.39,422.03,44.47,52.07,0.8547,1,1
391,2,8.94,460.97,38.28,37.80,0.8036,1,1
391,3,101.83,570.35,18.58,31.69,0.6522,1,1
391,94,48.66,579.37,50.63,24.59,0.3950,1,1
392,1,0.26,421.55,44.67,52.31,0.8559,1,1
392,2,8.77,461.06,37.96,37.57,0.7947,1,1
392,3,101.31,570.42,18.95,32.40,0.6011,1,1
392,94,50.34,579.68,50.26,24.65,0.5840,1,1
393,1,0.45,421.18,44.88,52.09,0.8578,1,1
393,2,9.10,460.93,37.54,37.16,0.7887,1,1
393,3,101.22,570.28,18.92,32.42,0.5739,1,1
393,94,57.76,581.03,43.68,23.29,0.7352,1,1
394,1,0.39,421.22,45.08,52.00,0.8582,1,1
394,2,9.10,460.86,37.56,37.21,0.7897,1,1
394,3,101.23,570.28,18.88,32.42,0.5733,1,1
394,94,58.80,581.09,41.94,23.23,0.7369,1,1
395,1,0.37,421.38,45.12,51.80,0.8585,1,1
395,2,9.56,460.46,37.12,37.00,0.7806,1,1
395,3,101.94,570.21,18.49,31.81,0.6295,1,1
395,94,59.75,582.86,39.63,22.42,0.7681,1,1
396,1,0.49,421.59,44.98,51.08,0.8570,1,1
396,2,9.12,460.34,37.15,37.08,0.7899,1,1
396,3,102.07,570.47,18.25,31.36,0.6301,1,1
396,94,58.74,584.75,40.22,23.72,0.7586,1,1
397,1,0.49,421.30,45.18,50.75,0.8525,1,1
397,2,9.51,459.83,37.12,37.38,0.8003,1,1
397,3,102.82,571.09,17.66,30.50,0.6764,1,1
397,94,64.66,587.47,37.18,22.09,0.6188,1,1
398,1,0.40,421.11,45.33,50.58,0.8531,1,1
398,2,10.42,460.00,36.39,36.87,0.7813,1,1
398,3,103.00,571.28,17.40,30.01,0.6874,1,1
398,94,63.53,588.13,37.15,21.58,0.6292,1,1
399,1,0.34,420.98,45.76,50.84,0.8544,1,1
399,2,10.62,459.34,36.49,37.46,0.7983,1,1
399,3,103.01,570.94,17.63,30.60,0.6864,1,1
399,94,63.32,588.67,35.85,20.59,0.6649,1,1
400,1,0.26,420.79,45.89,50.99,0.8535,1,1
400,2,10.76,459.35,36.21,37.47,0.7975,1,1
400,3,103.05,570.91,17.58,30.68,0.6864,1,1
400,94,63.20,588.69,36.00,20.51,0.6632,1,1
401,1,0.34,420.50,46.11,50.96,0.8524,1,1
401,2,11.26,458.63,36.22,38.07,0.7962,1,1
401,3,103.26,570.28,17.81,31.68,0.7403,1,1
402,1,0.38,420.56,46.21,50.80,0.8528,1,1
402,2,11.14,458.62,36.24,38.37,0.8011,1,1
402,3,103.38,570.35,17.63,31.62,0.7195,1,1
403,1,0.32,420.43,46.45,50.94,0.8522,1,1
403,2,11.72,458.34,35.73,37.99,0.8072,1,1
403,3,103.70,570.29,17.52,31.61,0.7541,1,1
404,1,0.51,420.39,46.35,50.40,0.8535,1,1
404,2,11.47,458.68,36.14,38.50,0.8036,1,1
404,3,104.14,570.36,17.22,31.13,0.7709,1,1
405,1,0.56,420.35,46.54,50.15,0.8544,1,1
405,2,11.37,458.89,36.60,39.16,0.7994,1,1
405,3,104.19,570.56,17.14,31.06,0.7706,1,1
406,1,0.47,420.38,46.73,50.11,0.8543,1,1
406,2,11.40,458.91,36.51,39.15,0.7985,1,1
406,3,104.21,570.60,17.11,31.05,0.7699,1,1
407,1,0.26,420.29,46.75,50.35,0.8528,1,1
407,2,11.50,459.21,36.32,38.91,0.7942,1,1
407,3,104.27,570.74,17.00,30.82,0.7651,1,1
408,1,0.27,420.25,46.71,50.50,0.8558,1,1
408,2,11.77,459.80,35.99,38.28,0.7915,1,1
408,3,104.46,570.80,16.85,30.49,0.7627,1,1
409,1,0.31,420.36,46.72,50.62,0.8558,1,1
409,2,11.72,459.94,36.38,38.61,0.7967,1,1
409,3,104.52,570.82,16.77,30.30,0.7636,1,1
410,1,0.25,420.39,46.92,51.08,0.8550,1,1
410,2,11.45,460.01,36.93,39.14,0.7975,1,1
410,3,104.41,570.82,16.78,30.28,0.7618,1,1
411,1,0.34,420.86,46.73,50.86,0.8538,1,1
411,2,11.36,459.86,36.89,38.94,0.7899,1,1
411,3,104.31,570.74,16.91,30.55,0.7547,1,1
412,1,0.35,420.87,46.71,50.80,0.8539,1,1
412,2,11.24,459.83,37.00,38.95,0.7924,1,1
412,3,104.30,570.73,16.91,30.60,0.7525,1,1
413,1,0.43,421.20,46.64,50.50,0.8529,1,1
413,2,11.32,459.83,36.99,38.88,0.7922,1,1
413,3,104.38,570.90,16.87,30.46,0.7512,1,1
414,1,0.29,420.99,46.76,50.72,0.8545,1,1
414,2,11.14,460.05,37.05,38.83,0.7992,1,1
414,3,104.36,571.19,16.75,30.06,0.7431,1,1
415,1,0.25,420.98,46.72,50.86,0.8542,1,1
415,2,10.80,460.18,37.24,38.85,0.8001,1,1
415,3,104.17,571.27,16.82,30.07,0.7337,1,1
416,1,0.28,420.97,46.65,50.90,0.8543,1,1
416,2,11.07,460.52,36.92,38.31,0.7951,1,1
416,3,104.00,570.99,16.99,30.32,0.7228,1,1
417,1,0.31,421.09,46.71,50.98,0.8555,1,1
417,2,11.19,460.66,36.72,37.82,0.7905,1,1
417,3,103.99,570.97,16.88,30.12,0.7203,1,1
418,1,0.29,421.05,46.74,51.07,0.8554,1,1
418,2,11.14,460.63,36.93,37.93,0.7898,1,1
418,3,103.99,570.99,16.86,30.10,0.7204,1,1
419,1,0.36,421.11,46.65,50.84,0.8565,1,1
419,2,10.94,460.82,36.98,37.82,0.7911,1,1
419,3,103.98,570.97,16.85,30.10,0.7110,1,1
420,1,0.29,421.10,46.84,51.08,0.8588,1,1
420,2,10.82,460.95,37.26,38.06,0.7933,1,1
420,3,104.03,570.94,16.81,30.15,0.7176,1,1
421,1,0.19,421.14,47.35,51.95,0.8593,1,1
421,2,11.56,461.58,37.21,38.33,0.8086,1,1
421,3,104.32,570.99,16.80,30.48,0.7228,1,1
421,94,60.88,590.03,33.89,19.48,0.2593,1,1
422,1,0.35,421.31,47.24,51.61,0.8653,1,1
422,2,11.34,461.86,37.40,38.76,0.8034,1,1
422,3,104.67,571.19,16.29,29.77,0.7365,1,1
422,94,59.83,589.97,33.36,19.33,0.2889,1,1
423,1,0.31,421.32,47.34,51.62,0.8656,1,1
423,2,11.40,461.85,37.29,38.77,0.8044,1,1
423,3,104.63,571.18,16.26,29.79,0.7446,1,1
424,1,0.30,421.33,47.36,51.57,0.8655,1,1
424,2,11.42,461.83,37.20,38.72,0.8047,1,1
424,3,104.65,571.19,16.22,29.79,0.7439,1,1
425,1,0.36,421.34,47.56,51.64,0.8656,1,1
425,2,11.45,461.87,37.25,38.83,0.8117,1,1
425,3,104.78,570.92,16.26,30.00,0.7510,1,1
426,1,0.33,421.22,47.85,51.82,0.8660,1,1
426,2,11.65,461.72,37.34,39.02,0.8115,1,1
426,3,104.78,570.92,16.16,29.77,0.7457,1,1
427,1,0.32,421.32,47.97,51.83,0.8657,1,1
427,2,11.80,461.55,37.20,38.74,0.8152,1,1
427,3,104.56,570.83,16.32,30.20,0.7530,1,1
428,1,0.30,421.34,48.21,52.14,0.8656,1,1
428,2,12.10,461.73,37.19,38.85,0.8229,1,1
428,3,104.60,570.99,16.38,30.26,0.7626,1,1
429,1,0.43,421.63,48.19,51.86,0.8658,1,1
429,2,12.27,461.98,37.06,38.79,0.8249,1,1
429,3,104.44,571.06,16.51,30.44,0.7567,1,1
430,1,0.38,421.69,48.30,51.84,0.8663,1,1
430,2,12.31,462.00,37.00,38.78,0.8240,1,1
430,3,104.42,571.04,16.54,30.46,0.7569,1,1
431,1,0.33,421.71,48.44,51.97,0.8665,1,1
431,2,12.17,462.27,37.07,38.94,0.8183,1,1
431,3,104.39,570.82,16.59,30.62,0.7650,1,1
432,1,0.34,421.94,48.35,51.85,0.8661,1,1
432,2,12.18,462.54,37.00,38.91,0.8182,1,1
432,3,104.23,571.11,16.67,30.56,0.7679,1,1
433,1,-0.04,422.31,47.88,52.28,0.8609,1,1
433,2,11.76,462.58,36.99,38.81,0.8136,1,1
433,3,104.24,571.47,16.68,30.31,0.7638,1,1
433,97,42.45,578.69,23.85,22.25,0.4897,1,1
434,1,0.05,422.63,47.47,52.50,0.8642,1,1
434,2,11.18,462.99,37.29,38.80,0.7990,1,1
434,3,104.32,571.35,16.91,30.60,0.7556,1,1
434,97,38.64,574.18,25.70,23.82,0.2993,1,1
435,1,0.29,423.67,46.11,51.20,0.8558,1,1
435,2,11.31,463.23,36.84,37.72,0.8024,1,1
435,3,104.75,571.61,16.50,29.56,0.7685,1,1
436,1,0.34,423.69,46.00,51.19,0.8558,1,1
436,2,11.15,463.25,37.14,37.67,0.8021,1,1
436,3,104.71,571.60,16.58,29.54,0.7692,1,1
437,1,0.22,424.18,45.96,51.50,0.8588,1,1
437,2,10.62,463.06,37.78,38.21,0.8119,1,1
437,3,104.84,571.60,16.61,29.63,0.7690,1,1
438,1,0.44,424.92,44.53,49.78,0.8496,1,1
438,2,9.55,462.54,38.99,40.01,0.7984,1,1
438,3,104.54,571.60,16.90,30.18,0.7690,1,1
439,1,0.15,424.62,44.37,50.17,0.8432,1,1
439,2,8.72,463.06,40.09,42.23,0.7855,1,1
439,3,104.80,571.73,16.76,29.97,0.7664,1,1
440,1,0.41,425.08,43.70,49.37,0.8480,1,1
440,2,9.04,462.07,38.69,41.60,0.8095,1,1
440,3,104.72,571.63,16.75,30.05,0.7623,1,1
441,1,0.19,425.07,43.39,49.33,0.8437,1,1
441,2,9.35,461.52,37.54,40.60,0.8261,1,1
441,3,104.71,571.74,16.65,29.89,0.7670,1,1
442,1,0.33,425.09,43.26,49.24,0.8431,1,1
442,2,9.47,461.54,37.47,40.71,0.8273,1,1
442,3,104.70,571.71,16.66,29.92,0.7675,1,1
442,98,29.15,526.51,22.31,26.03,0.3536,1,1
443,1,-0.18,424.84,42.87,49.91,0.8380,1,1
443,2,9.21,461.66,37.23,40.22,0.8314,1,1
443,3,104.74,571.51,16.67,30.04,0.7787,1,1
443,98,29.22,524.37,20.30,23.65,0.6510,1,1
444,1,0.64,424.92,41.70,48.13,0.8343,1,1
444,2,9.58,461.72,37.24,40.55,0.8368,1,1
444,3,104.77,571.55,16.61,29.98,0.7848,1,1
444,98,26.39,518.53,21.08,24.51,0.5289,1,1
445,1,-0.08,424.92,41.64,48.66,0.8300,1,1
445,2,9.55,460.98,36.90,40.63,0.8469,1,1
445,3,104.98,571.94,16.42,29.57,0.7826,1,1
445,98,24.37,515.56,21.64,24.98,0.5027,1,1
446,1,0.45,425.09,41.33,48.28,0.8314,1,1
446,2,9.77,460.95,36.38,40.48,0.8472,1,1
446,3,105.06,572.16,16.33,29.31,0.7761,1,1
446,98,24.17,511.17,21.37,24.57,0.4706,1,1
447,1,0.12,425.24,40.47,47.54,0.8327,1,1
447,2,10.11,460.06,36.22,41.42,0.8435,1,1
447,3,105.15,572.61,16.21,28.93,0.7709,1,1
447,98,24.90,509.29,20.31,23.27,0.4901,1,1
448,1,0.11,425.21,40.26,47.57,0.8330,1,1
448,2,10.32,460.12,35.62,41.33,0.8419,1,1
448,3,105.14,572.64,16.25,28.90,0.7704,1,1
448,98,25.04,509.05,20.17,23.04,0.4908,1,1
449,1,0.48,425.18,40.19,47.31,0.8388,1,1
449,2,10.56,460.16,35.20,41.00,0.8190,1,1
449,3,105.13,572.60,16.29,28.90,0.7689,1,1
449,98,25.43,510.02,20.56,23.02,0.5764,1,1
450,1,0.66,425.67,39.94,46.53,0.8375,1,1
450,2,10.17,460.10,34.95,40.81,0.8073,1,1
450,3,105.19,572.81,16.24,28.73,0.7671,1,1
450,98,25.04,509.72,20.94,23.04,0.6297,1,1
451,1,0.50,426.03,40.18,46.70,0.8371,1,1
451,2,10.08,460.37,34.56,40.44,0.8050,1,1
451,3,105.33,573.04,16.18,28.55,0.7587,1,1
451,98,24.67,508.49,21.55,23.58,0.6432,1,1
452,1,0.45,425.97,40.22,46.73,0.8367,1,1
452,2,10.19,460.32,34.44,40.41,0.7999,1,1
452,3,105.29,572.96,16.24,28.62,0.7610,1,1
452,98,24.70,508.46,21.59,23.55,0.6475,1,1
