3,1,-0.08,415.85,34.16,47.29,0.8051,1,1
3,2,102.86,569.79,18.64,33.48,0.7834,1,1
3,3,1.90,448.06,39.02,44.95,0.7667,1,1
4,1,-0.04,415.86,34.07,47.23,0.8052,1,1
4,2,102.86,569.77,18.63,33.48,0.7841,1,1
4,3,2.02,448.02,38.74,44.97,0.7666,1,1
5,1,0.38,415.08,33.25,45.40,0.8014,1,1
5,2,102.95,569.81,18.59,33.44,0.7794,1,1
5,3,1.47,447.24,38.05,44.52,0.7698,1,1
6,1,-0.51,414.29,33.93,47.15,0.7841,1,1
6,2,102.87,569.68,18.63,33.56,0.7808,1,1
6,3,0.64,445.48,38.68,46.35,0.7575,1,1
7,1,-0.45,413.67,33.49,47.23,0.7796,1,1
7,2,102.88,569.73,18.62,33.59,0.7797,1,1
7,3,0.19,443.85,38.39,46.85,0.7315,1,1
8,1,0.05,413.41,32.03,45.04,0.7804,1,1
8,2,102.80,569.58,18.74,34.00,0.7808,1,1
8,3,-0.47,441.52,38.05,47.24,0.7439,1,1
9,1,-0.47,412.94,32.87,46.94,0.7686,1,1
9,2,102.89,569.60,18.58,33.82,0.7830,1,1
9,3,0.07,440.20,38.32,49.38,0.7638,1,1
10,1,-0.34,412.91,32.53,46.96,0.7689,1,1
10,2,102.91,569.58,18.56,33.83,0.7824,1,1
10,3,0.52,440.11,37.50,49.51,0.7637,1,1
11,1,-0.26,412.61,31.54,45.91,0.7618,1,1
11,2,102.88,569.65,18.57,33.84,0.7840,1,1
11,3,0.52,438.64,37.13,50.04,0.7631,1,1
12,1,0.02,412.03,29.91,43.48,0.7525,1,1
12,2,102.85,569.50,18.60,33.96,0.7827,1,1
12,3,0.62,438.01,36.83,50.56,0.7725,1,1
13,1,-0.01,411.53,29.07,42.27,0.7545,1,1
13,2,102.88,569.51,18.57,33.98,0.7800,1,1
13,3,0.70,436.89,36.65,51.27,0.7789,1,1
14,1,-0.15,411.08,28.99,42.37,0.7522,1,1
14,2,102.91,569.67,18.44,33.80,0.7812,1,1
14,3,0.34,436.59,36.16,50.29,0.7694,1,1
15,1,-0.42,410.68,29.75,44.09,0.7459,1,1
15,2,102.88,569.63,18.44,33.79,0.7837,1,1
15,3,0.82,434.88,36.33,51.66,0.7722,1,1
16,1,-0.30,410.66,29.54,44.19,0.7458,1,1
16,2,102.89,569.65,18.43,33.75,0.7833,1,1
16,3,1.10,434.80,35.83,51.66,0.7720,1,1
16,4,-1.67,412.34,36.99,59.27,0.3998,1,1
17,1,-0.53,410.36,29.61,45.05,0.7413,1,1
17,2,102.89,569.65,18.43,33.76,0.7849,1,1
17,3,1.58,434.19,34.66,49.97,0.7523,1,1
18,1,-0.18,410.46,29.10,44.52,0.7571,1,1
18,2,102.95,569.74,18.42,33.70,0.7877,1,1
18,3,1.27,434.13,34.90,50.11,0.7582,1,1
19,1,0.27,410.38,28.86,43.61,0.7725,1,1
19,2,102.94,569.68,18.47,33.79,0.7881,1,1
19,3,1.59,434.64,35.20,49.96,0.7717,1,1
20,1,0.50,410.35,28.96,42.77,0.7827,1,1
20,2,102.87,569.63,18.56,33.92,0.7892,1,1
20,3,1.79,434.65,35.37,49.62,0.7465,1,1
21,1,0.20,410.29,29.79,43.65,0.7852,1,1
21,2,102.90,569.67,18.51,33.81,0.7905,1,1
21,3,1.47,434.57,35.98,49.90,0.7356,1,1
21,4,-0.15,411.52,35.15,56.48,0.4368,1,1
22,1,0.12,410.30,29.94,43.66,0.7850,1,1
22,2,102.90,569.67,18.52,33.81,0.7906,1,1
22,3,1.32,434.57,36.29,49.91,0.7359,1,1
22,4,-0.07,411.50,35.02,56.39,0.4333,1,1
23,1,0.28,410.10,30.61,44.08,0.7959,1,1
23,2,102.92,569.62,18.53,33.83,0.7918,1,1
23,3,1.58,436.17,35.82,48.61,0.7450,1,1
24,1,0.29,410.17,31.57,44.92,0.7974,1,1
24,2,102.92,569.58,18.54,33.85,0.7922,1,1
24,3,1.71,437.11,35.90,48.53,0.7390,1,1
25,1,0.22,410.11,32.00,45.12,0.8009,1,1
25,2,102.92,569.63,18.54,33.83,0.7926,1,1
25,3,2.16,438.21,35.60,47.49,0.7542,1,1
26,1,0.26,410.20,32.27,45.02,0.8040,1,1
26,2,102.85,569.67,18.53,33.76,0.7988,1,1
26,3,2.92,438.84,35.26,46.61,0.7553,1,1
27,1,-0.12,410.93,33.11,46.44,0.8024,1,1
27,2,102.94,569.69,18.34,33.22,0.8039,1,1
27,3,3.09,440.57,35.43,46.25,0.7687,1,1
28,1,-0.08,410.96,33.04,46.48,0.8022,1,1
28,2,102.93,569.71,18.38,33.15,0.8045,1,1
28,3,2.97,440.65,35.72,46.28,0.7689,1,1
29,1,0.07,411.03,33.67,47.22,0.8056,1,1
29,2,102.95,569.81,18.35,33.03,0.8082,1,1
29,3,3.37,442.80,35.61,45.31,0.7684,1,1
30,1,0.45,411.34,34.02,46.84,0.8044,1,1
30,2,102.94,569.83,18.40,33.07,0.8077,1,1
30,3,3.41,444.28,35.94,45.07,0.7692,1,1
31,1,0.79,411.71,34.02,45.25,0.8111,1,1
31,2,102.97,569.95,18.34,32.84,0.8114,1,1
31,3,2.82,445.89,36.62,45.32,0.7739,1,1
32,1,1.09,411.89,34.85,44.52,0.8116,1,1
32,2,102.95,569.97,18.37,32.78,0.8135,1,1
32,3,3.33,448.02,36.25,43.87,0.7835,1,1
33,1,0.97,412.35,36.32,44.88,0.8139,1,1
33,2,102.94,569.94,18.40,32.80,0.8142,1,1
33,3,3.78,449.03,36.59,43.52,0.7813,1,1
34,1,0.63,412.35,37.03,44.91,0.8140,1,1
34,2,102.93,569.93,18.41,32.80,0.8139,1,1
34,3,3.61,449.07,36.97,43.49,0.7814,1,1
35,1,0.49,412.20,37.72,45.15,0.8136,1,1
35,2,102.90,569.85,18.46,32.88,0.8139,1,1
35,3,3.68,449.38,37.10,43.12,0.7814,1,1
36,1,0.36,412.27,38.23,45.40,0.8132,1,1
36,2,102.86,569.74,18.50,32.95,0.8128,1,1
36,3,3.90,449.63,37.31,42.81,0.7783,1,1
37,1,0.29,412.25,38.54,45.54,0.8122,1,1
37,2,102.84,569.79,18.50,32.89,0.8123,1,1
37,3,4.35,449.88,37.39,42.26,0.7699,1,1
38,1,0.16,412.37,38.92,46.02,0.8145,1,1
38,2,102.85,569.94,18.44,32.83,0.8114,1,1
38,3,4.81,449.92,37.52,42.01,0.7721,1,1
39,1,0.30,413.62,38.38,44.94,0.8208,1,1
39,2,102.85,569.90,18.47,32.88,0.8098,1,1
39,3,4.89,451.18,37.40,41.17,0.7631,1,1
40,1,0.20,413.62,38.58,44.93,0.8212,1,1
40,2,102.85,569.88,18.46,32.88,0.8103,1,1
40,3,4.69,451.24,37.78,41.13,0.7630,1,1
41,1,0.24,413.79,38.80,44.84,0.8256,1,1
41,2,102.87,569.91,18.42,32.82,0.8111,1,1
41,3,5.08,450.96,37.96,41.03,0.7643,1,1
42,1,0.13,413.02,39.56,45.78,0.8270,1,1
42,2,102.83,569.89,18.46,32.95,0.8101,1,1
42,3,5.34,450.56,38.24,41.35,0.7684,1,1
43,1,0.16,413.06,39.75,46.02,0.8261,1,1
43,2,102.82,569.80,18.49,33.06,0.8075,1,1
43,3,5.64,450.81,38.24,41.32,0.7667,1,1
44,1,0.45,413.81,39.32,45.02,0.8244,1,1
44,2,102.91,569.76,18.44,32.94,0.8071,1,1
44,3,5.92,450.65,38.66,41.96,0.7661,1,1
45,1,0.38,413.95,39.65,45.04,0.8239,1,1
45,2,102.93,569.72,18.43,32.95,0.8099,1,1
45,3,6.01,451.02,38.64,41.92,0.7657,1,1
46,1,0.28,413.95,39.83,45.06,0.8238,1,1
46,2,102.92,569.74,18.43,32.97,0.8102,1,1
46,3,6.01,451.03,38.65,41.92,0.7657,1,1
47,1,0.07,414.05,40.34,45.80,0.8248,1,1
47,2,102.90,569.68,18.39,32.89,0.8133,1,1
47,3,5.91,450.99,38.89,42.08,0.7681,1,1
48,1,-0.28,414.23,41.02,47.37,0.8280,1,1
48,2,102.94,569.64,18.35,32.83,0.8117,1,1
48,3,6.42,450.47,39.15,42.60,0.7732,1,1
49,1,-0.84,414.34,42.37,50.55,0.8169,1,1
49,2,103.01,569.65,18.27,32.65,0.8113,1,1
49,3,5.80,446.12,41.72,47.02,0.7764,1,1
50,1,-1.07,415.50,43.18,53.41,0.8131,1,1
50,2,102.99,569.74,18.27,32.56,0.8143,1,1
50,3,6.26,444.23,41.96,48.87,0.7874,1,1
51,1,-1.00,415.50,42.67,54.61,0.8110,1,1
51,2,102.95,569.79,18.31,32.61,0.8162,1,1
51,3,7.43,442.65,41.15,49.08,0.7852,1,1
52,1,-0.58,415.49,41.82,54.66,0.8109,1,1
52,2,102.94,569.80,18.31,32.60,0.8164,1,1
52,3,7.77,442.60,40.54,49.10,0.7849,1,1
53,1,-0.85,415.52,43.12,57.78,0.7951,1,1
53,2,102.94,569.76,18.32,32.58,0.8154,1,1
53,3,7.11,441.19,41.50,51.88,0.8110,1,1
54,1,-0.76,415.64,44.17,60.35,0.7841,1,1
54,2,102.89,569.84,18.36,32.62,0.8139,1,1
54,3,8.24,440.81,40.28,51.48,0.8067,1,1
55,1,-0.59,415.50,43.59,60.50,0.7848,1,1
55,2,102.90,569.86,18.36,32.62,0.8110,1,1
55,3,8.85,440.68,39.77,51.29,0.8004,1,1
56,1,-0.29,415.40,43.92,61.42,0.7830,1,1
56,2,102.93,569.85,18.35,32.64,0.8078,1,1
56,3,8.93,440.10,39.93,51.67,0.8001,1,1
57,1,-0.29,415.35,43.87,61.81,0.7784,1,1
57,2,102.98,569.81,18.39,32.67,0.8060,1,1
57,3,8.42,440.41,40.31,51.48,0.8003,1,1
58,1,-0.20,415.35,43.66,61.85,0.7784,1,1
58,2,102.98,569.81,18.41,32.67,0.8060,1,1
58,3,8.26,440.43,40.61,51.47,0.8003,1,1
59,1,-0.48,414.94,44.29,63.49,0.7730,1,1
59,2,102.95,569.78,18.44,32.73,0.8068,1,1
59,3,8.13,439.56,41.18,52.00,0.7992,1,1
60,1,-0.13,414.85,43.87,63.07,0.7780,1,1
60,2,102.90,569.79,18.45,32.73,0.8084,1,1
60,3,7.93,438.87,41.37,51.91,0.8080,1,1
61,1,-0.49,414.43,43.51,63.35,0.7743,1,1
61,2,102.98,569.64,18.46,32.91,0.8056,1,1
61,3,8.41,438.31,41.03,51.01,0.7904,1,1
62,1,-0.49,413.95,43.15,63.64,0.7762,1,1
62,2,102.92,569.77,18.46,32.80,0.8142,1,1
62,3,8.31,437.99,41.56,51.63,0.7887,1,1
63,1,-0.38,413.69,42.92,63.92,0.7757,1,1
63,2,102.91,569.79,18.50,32.79,0.8132,1,1
63,3,8.27,437.82,41.53,51.52,0.7899,1,1
64,1,-0.24,413.77,42.57,63.79,0.7754,1,1
64,2,102.90,569.81,18.51,32.77,0.8129,1,1
64,3,8.25,437.80,41.56,51.52,0.7900,1,1
65,1,-0.28,413.55,42.87,64.71,0.7749,1,1
65,2,102.89,569.83,18.54,32.83,0.8130,1,1
65,3,8.08,437.68,41.84,51.94,0.7954,1,1
66,1,-0.28,413.55,42.74,65.00,0.7749,1,1
66,2,102.88,569.79,18.52,32.79,0.8130,1,1
66,3,8.12,437.77,41.71,51.69,0.7943,1,1
67,1,-0.27,413.56,42.51,65.10,0.7745,1,1
67,2,102.89,569.81,18.52,32.76,0.8152,1,1
67,3,7.99,437.22,41.89,51.97,0.7945,1,1
68,1,-0.40,413.48,43.06,66.64,0.7742,1,1
68,2,102.90,569.88,18.54,32.77,0.8146,1,1
68,3,7.94,436.60,41.97,52.26,0.8034,1,1
69,1,-0.30,413.32,42.69,66.62,0.7738,1,1
69,2,102.92,569.91,18.53,32.71,0.8143,1,1
69,3,8.16,436.75,41.79,52.12,0.7975,1,1
69,5,1237.13,44.01,17.73,24.44,0.6019,1,1
70,1,-0.19,413.34,42.45,66.60,0.7737,1,1
70,2,102.91,569.91,18.54,32.71,0.8145,1,1
70,3,8.19,436.79,41.73,52.10,0.7970,1,1
70,5,1236.98,44.25,17.72,24.43,0.6044,1,1
71,1,-0.31,413.25,42.04,66.54,0.7701,1,1
71,2,102.91,569.93,18.54,32.71,0.8144,1,1
71,3,8.16,436.56,41.91,52.68,0.7960,1,1
71,5,1236.36,44.42,16.91,23.46,0.4661,1,1
72,1,-0.05,412.95,42.06,66.68,0.7693,1,1
72,2,102.92,569.91,18.55,32.70,0.8133,1,1
72,3,8.25,436.54,41.75,52.73,0.7955,1,1
72,5,1236.53,44.38,16.96,23.56,0.3312,1,1
73,1,0.04,413.26,41.99,66.55,0.7666,1,1
73,2,102.93,569.90,18.55,32.71,0.8136,1,1
73,3,8.48,435.99,41.56,52.77,0.7979,1,1
74,1,0.07,413.51,41.79,66.18,0.7691,1,1
74,2,102.93,569.94,18.54,32.69,0.8135,1,1
74,3,8.96,435.35,40.98,52.07,0.7902,1,1
75,1,-0.05,413.74,42.18,66.97,0.7700,1,1
75,2,102.92,569.90,18.56,32.73,0.8129,1,1
75,3,8.89,434.87,41.17,52.57,0.7945,1,1
76,1,-0.01,413.77,42.13,67.01,0.7699,1,1
76,2,102.92,569.90,18.56,32.73,0.8129,1,1
76,3,8.90,434.88,41.09,52.67,0.7953,1,1
77,1,0.11,414.11,42.22,67.05,0.7693,1,1
77,2,102.94,569.92,18.55,32.69,0.8145,1,1
77,3,9.19,434.58,40.90,52.80,0.8005,1,1
78,1,0.14,414.05,42.07,66.66,0.7703,1,1
78,2,102.90,569.94,18.58,32.76,0.8166,1,1
78,3,9.34,434.24,40.65,52.77,0.8013,1,1
79,1,-0.03,413.96,42.32,67.25,0.7695,1,1
79,2,102.92,569.99,18.56,32.76,0.8166,1,1
79,3,9.35,434.27,40.64,53.11,0.8017,1,1
80,1,-0.13,413.89,42.75,68.28,0.7698,1,1
80,2,102.93,570.07,18.56,32.78,0.8163,1,1
80,3,9.21,434.20,40.64,53.41,0.8093,1,1
81,1,-0.17,413.85,42.76,68.72,0.7693,1,1
81,2,102.96,570.05,18.53,32.75,0.8156,1,1
81,3,9.33,434.45,40.49,53.50,0.8057,1,1
82,1,-0.04,413.90,42.50,68.50,0.7700,1,1
82,2,102.97,570.06,18.51,32.74,0.8161,1,1
82,3,9.41,434.45,40.32,53.40,0.8055,1,1
83,1,-0.02,413.91,42.29,68.30,0.7711,1,1
83,2,102.96,570.00,18.53,32.79,0.8162,1,1
83,3,9.67,434.60,39.70,52.39,0.8066,1,1
84,1,-0.20,414.24,43.64,70.97,0.7678,1,1
84,2,102.96,570.01,18.52,32.78,0.8150,1,1
84,3,8.99,433.56,40.34,54.14,0.8291,1,1
85,1,0.46,413.88,42.31,68.18,0.7540,1,1
85,2,102.96,570.04,18.52,32.77,0.8141,1,1
85,3,9.02,434.24,39.97,54.99,0.8269,1,1
86,1,1.85,414.16,35.80,54.71,0.7565,1,1
86,2,102.94,570.05,18.54,32.72,0.8132,1,1
86,3,8.92,435.17,38.97,53.46,0.7998,1,1
86,6,1220.93,61.01,18.78,31.50,0.7620,1,1
87,1,1.07,414.20,34.53,50.88,0.7786,1,1
87,2,102.93,570.03,18.57,32.79,0.8118,1,1
87,3,8.18,436.29,38.35,52.01,0.7725,1,1
87,6,1222.30,63.59,19.05,32.60,0.7703,1,1
88,1,0.68,414.19,35.19,50.75,0.7789,1,1
88,2,102.93,570.02,18.57,32.79,0.8120,1,1
88,3,8.00,436.35,38.61,51.93,0.7726,1,1
88,6,1222.52,63.73,18.81,32.61,0.7698,1,1
88,7,1302.31,79.09,15.43,24.18,0.6298,1,1
89,1,0.68,413.05,35.35,50.04,0.7804,1,1
89,2,102.94,570.05,18.58,32.78,0.8134,1,1
89,3,7.32,438.00,36.79,49.07,0.7806,1,1
89,6,1225.07,68.30,17.61,29.98,0.7254,1,1
90,1,1.38,412.87,36.22,49.12,0.7808,1,1
90,2,103.02,570.17,18.51,32.56,0.8129,1,1
90,3,6.90,441.75,35.44,46.11,0.7589,1,1
90,6,1225.04,69.89,17.97,30.12,0.7368,1,1
91,1,3.66,412.81,32.41,37.13,0.7957,1,1
91,2,103.01,570.23,18.50,32.42,0.8138,1,1
91,3,4.27,444.56,37.13,45.43,0.7921,1,1
91,6,1224.96,71.64,17.91,29.93,0.7410,1,1
92,1,2.74,412.91,34.37,34.71,0.8139,1,1
92,2,103.07,570.37,18.43,32.27,0.8125,1,1
92,3,2.74,446.26,38.09,44.15,0.8015,1,1
92,6,1223.52,75.21,17.27,29.17,0.7917,1,1
92,9,1258.84,1.09,25.39,12.13,0.6881,1,1
93,1,1.50,412.76,36.86,35.14,0.8233,1,1
93,2,103.12,570.41,18.38,32.19,0.8110,1,1
93,3,1.65,446.94,39.92,45.62,0.8076,1,1
93,6,1221.98,79.46,16.09,27.35,0.7135,1,1
93,9,1254.05,0.20,30.89,15.61,0.5879,1,1
94,1,0.93,412.76,38.00,35.16,0.8232,1,1
94,2,103.13,570.41,18.38,32.20,0.8109,1,1
94,3,1.46,446.96,40.28,45.67,0.8076,1,1
94,6,1221.90,79.72,15.94,27.22,0.7151,1,1
94,9,1254.19,0.05,30.07,16.09,0.5875,1,1
95,1,0.45,412.90,38.91,35.71,0.8253,1,1
95,2,103.17,570.45,18.35,32.13,0.8092,1,1
95,3,1.13,447.24,40.44,45.95,0.8063,1,1
95,6,1218.71,82.50,16.43,28.05,0.6221,1,1
95,9,1252.77,-0.01,31.36,18.30,0.6599,1,1
96,1,0.24,412.73,39.36,36.16,0.8247,1,1
96,2,103.17,570.43,18.30,32.07,0.8112,1,1
96,3,1.11,447.55,40.40,45.58,0.7995,1,1
96,6,1217.15,85.71,15.80,26.88,0.6517,1,1
96,9,1252.65,-0.02,30.40,19.20,0.6667,1,1
97,1,0.29,412.72,39.30,36.05,0.8233,1,1
97,2,103.21,570.50,18.28,32.01,0.8087,1,1
97,3,1.02,447.57,40.71,45.62,0.8005,1,1
97,6,1215.77,87.01,16.02,26.90,0.7887,1,1
97,9,1253.15,-0.02,28.80,19.57,0.6978,1,1
98,1,0.30,412.74,39.30,35.97,0.8226,1,1
98,2,103.20,570.58,18.35,32.11,0.8087,1,1
98,3,0.90,447.55,40.85,45.59,0.8007,1,1
98,6,1215.20,89.08,16.06,27.36,0.7708,1,1
98,9,1253.25,-0.01,28.08,20.28,0.7148,1,1
99,1,0.31,413.00,39.30,35.87,0.8222,1,1
99,2,103.19,570.64,18.34,32.00,0.8096,1,1
99,3,0.86,447.55,40.97,45.60,0.8012,1,1
99,6,1214.95,90.70,16.85,29.09,0.8311,1,1
99,9,1252.74,-0.01,27.50,20.75,0.7339,1,1
100,1,0.28,413.00,39.36,35.85,0.8220,1,1
100,2,103.18,570.61,18.37,32.02,0.8095,1,1
100,3,0.82,447.55,41.03,45.58,0.8013,1,1
100,6,1215.01,90.75,16.78,29.16,0.8315,1,1
100,9,1253.07,-0.01,26.74,20.77,0.7340,1,1
101,1,0.26,413.00,39.37,35.82,0.8212,1,1
101,2,103.17,570.62,18.37,32.00,0.8094,1,1
101,3,0.76,447.54,41.18,45.73,0.8024,1,1
101,6,1214.47,91.36,16.15,28.39,0.8289,1,1
101,9,1252.84,-0.01,26.29,20.61,0.7313,1,1
102,1,0.27,412.96,39.37,35.79,0.8238,1,1
102,2,103.17,570.59,18.34,31.96,0.8106,1,1
102,3,0.66,447.71,41.12,45.70,0.8014,1,1
102,6,1214.09,89.86,15.90,27.90,0.7537,1,1
102,9,1252.13,-0.01,26.07,20.49,0.7385,1,1
103,1,0.27,412.95,39.38,35.77,0.8237,1,1
103,2,103.16,570.55,18.34,31.98,0.8123,1,1
103,3,0.64,447.74,41.19,45.85,0.8034,1,1
103,9,1250.29,-0.00,26.42,20.33,0.7863,1,1
104,1,0.27,412.91,39.40,35.78,0.8236,1,1
104,2,103.17,570.56,18.34,32.03,0.8129,1,1
104,3,0.68,447.77,41.11,45.71,0.8034,1,1
104,9,1248.59,-0.00,26.75,20.41,0.7804,1,1
105,1,0.30,412.86,39.33,35.68,0.8219,1,1
105,2,103.14,570.47,18.36,32.10,0.8132,1,1
105,3,0.59,447.68,41.26,45.94,0.8049,1,1
105,9,1246.81,-0.00,26.78,20.19,0.7704,1,1
106,1,0.29,412.86,39.35,35.69,0.8218,1,1
106,2,103.14,570.46,18.35,32.11,0.8135,1,1
106,3,0.60,447.68,41.22,45.95,0.8047,1,1
106,9,1246.62,-0.01,26.98,20.20,0.7714,1,1
107,1,0.27,412.85,39.25,35.61,0.8210,1,1
107,2,103.15,570.48,18.32,32.09,0.8132,1,1
107,3,0.52,447.73,41.14,45.77,0.8022,1,1
107,9,1243.68,-0.00,28.28,21.51,0.7248,1,1
108,1,0.26,412.77,39.24,35.64,0.8209,1,1
108,2,103.21,570.45,18.33,32.06,0.8105,1,1
108,3,0.54,447.73,41.11,45.62,0.7995,1,1
108,9,1240.56,-0.00,30.88,24.52,0.6679,1,1
109,1,0.24,412.77,39.24,35.70,0.8210,1,1
109,2,103.18,570.43,18.37,32.10,0.8095,1,1
109,3,0.57,447.74,41.39,45.89,0.7998,1,1
109,9,1237.83,1.89,31.64,26.58,0.6722,1,1
110,1,0.26,412.63,39.23,35.74,0.8217,1,1
110,2,103.16,570.38,18.40,32.16,0.8084,1,1
110,3,0.56,447.69,41.44,45.92,0.8010,1,1
110,9,1235.10,1.87,30.15,27.99,0.8071,1,1
111,1,0.28,412.64,39.16,35.68,0.8214,1,1
111,2,103.18,570.43,18.38,32.15,0.8070,1,1
111,3,0.50,447.67,41.46,45.91,0.7996,1,1
111,9,1232.19,2.00,30.33,29.89,0.8224,1,1
112,1,0.29,412.63,39.16,35.68,0.8213,1,1
112,2,103.19,570.42,18.38,32.15,0.8070,1,1
112,3,0.49,447.66,41.48,45.92,0.7998,1,1
112,9,1232.54,2.01,29.46,29.95,0.8224,1,1
113,1,0.25,412.45,39.16,35.76,0.8208,1,1
113,2,103.20,570.48,18.37,32.17,0.8058,1,1
113,3,0.47,447.66,41.49,45.93,0.7996,1,1
113,9,1230.37,3.19,29.08,30.09,0.8047,1,1
114,1,0.33,412.48,38.99,35.56,0.8193,1,1
114,2,103.22,570.46,18.38,32.18,0.8054,1,1
114,3,0.49,447.53,41.59,46.00,0.8021,1,1
114,9,1226.77,3.54,29.48,31.43,0.6741,1,1
115,1,0.37,412.33,38.67,35.07,0.8139,1,1
115,2,103.31,570.36,18.37,32.12,0.8007,1,1
115,3,0.41,447.01,41.80,46.12,0.7989,1,1
115,9,1224.64,4.87,29.66,32.55,0.6329,1,1
116,1,0.29,412.51,38.36,34.47,0.8122,1,1
116,2,103.29,570.28,18.44,32.21,0.8014,1,1
116,3,1.16,446.12,40.77,44.14,0.7951,1,1
116,9,1222.98,6.81,28.55,32.02,0.7144,1,1
117,1,0.22,412.66,38.29,34.20,0.8101,1,1
117,2,103.31,570.37,18.43,32.10,0.8013,1,1
117,3,1.36,444.08,41.30,44.53,0.7762,1,1
117,9,1220.19,5.79,29.45,33.75,0.7538,1,1
118,1,0.16,412.68,38.42,34.18,0.8101,1,1
118,2,103.30,570.36,18.46,32.10,0.8012,1,1
118,3,1.32,443.99,41.43,44.54,0.7763,1,1
118,9,1220.23,5.72,29.14,33.85,0.7538,1,1
118,11,1221.28,0.11,33.47,25.44,0.4431,1,1
119,1,-2.03,412.53,42.36,39.91,0.7872,1,1
119,2,103.27,570.32,18.48,32.14,0.8019,1,1
119,3,1.89,441.31,42.01,46.80,0.7858,1,1
119,9,1219.27,7.68,27.19,31.92,0.7720,1,1
119,11,1219.50,0.01,32.89,24.12,0.6466,1,1
120,1,-4.40,412.35,45.72,47.74,0.7796,1,1
120,2,103.28,570.33,18.46,32.08,0.8013,1,1
120,3,2.92,438.38,41.53,48.12,0.7831,1,1
120,9,1217.75,8.33,27.14,32.74,0.7634,1,1
120,11,1217.15,-0.00,33.27,23.18,0.7096,1,1
121,1,-3.88,412.74,42.07,48.60,0.7823,1,1
121,2,103.09,570.71,18.52,31.91,0.8061,1,1
121,3,5.27,436.34,40.87,49.34,0.7685,1,1
121,9,1216.86,10.96,27.56,34.49,0.8377,1,1
121,11,1214.54,0.00,35.93,24.71,0.7462,1,1
122,1,-3.65,413.01,41.57,52.58,0.7718,1,1
122,2,103.00,570.42,18.48,31.82,0.8096,1,1
122,3,5.62,433.39,41.57,52.36,0.7719,1,1
122,9,1215.65,13.89,27.19,34.70,0.8285,1,1
122,11,1212.84,0.00,36.40,25.69,0.8042,1,1
123,1,-1.85,412.69,38.40,51.11,0.7751,1,1
123,2,102.99,570.39,18.49,31.83,0.8101,1,1
123,3,5.69,430.52,41.36,54.48,0.7994,1,1
123,9,1215.13,18.17,27.56,35.40,0.7917,1,1
123,11,1211.71,0.02,37.43,28.17,0.8340,1,1
124,1,-1.16,412.68,37.05,51.03,0.7751,1,1
124,2,102.99,570.39,18.50,31.84,0.8101,1,1
124,3,6.20,430.41,40.34,54.57,0.7994,1,1
124,9,1215.18,18.34,27.46,35.42,0.7917,1,1
124,11,1212.23,0.02,36.37,28.23,0.8340,1,1
125,1,-1.48,412.10,38.51,55.19,0.7614,1,1
125,2,103.00,570.37,18.49,31.82,0.8097,1,1
125,3,6.95,430.30,39.49,53.56,0.7943,1,1
125,9,1213.93,23.11,27.11,34.61,0.7834,1,1
125,11,1210.32,1.33,38.22,31.33,0.8298,1,1
126,1,-1.13,411.73,37.68,55.82,0.7674,1,1
126,2,102.98,570.31,18.50,31.85,0.8114,1,1
126,3,7.76,429.64,38.78,53.31,0.7926,1,1
126,9,1213.11,25.25,27.38,34.43,0.8734,1,1
126,11,1209.41,3.97,38.04,32.14,0.8313,1,1
127,1,-0.72,411.51,36.90,55.86,0.7629,1,1
127,2,102.91,570.18,18.56,32.02,0.8114,1,1
127,3,8.84,429.67,37.99,52.48,0.7934,1,1
127,9,1212.18,26.87,28.37,36.82,0.8697,1,1
127,11,1209.12,6.93,36.46,30.55,0.8178,1,1
128,1,-0.49,410.73,35.49,54.57,0.7749,1,1
128,2,102.84,570.13,18.57,32.08,0.8142,1,1
128,3,8.95,429.62,37.59,51.52,0.7909,1,1
128,9,1212.50,28.77,28.70,37.83,0.8626,1,1
128,11,1208.89,8.28,37.02,31.11,0.8166,1,1
129,1,-0.39,410.00,35.32,54.94,0.7732,1,1
129,2,102.84,570.20,18.64,32.11,0.8154,1,1
129,3,9.01,429.32,37.58,51.31,0.7934,1,1
129,9,1213.51,31.63,27.52,35.40,0.8594,1,1
129,11,1209.91,11.54,35.54,29.54,0.8327,1,1
130,1,-0.26,409.97,35.07,54.99,0.7730,1,1
130,2,102.82,570.20,18.67,32.10,0.8160,1,1
130,3,8.97,429.30,37.67,51.30,0.7934,1,1
130,9,1213.37,31.67,27.83,35.36,0.8595,1,1
130,11,1209.82,11.59,35.73,29.52,0.8327,1,1
131,1,-0.25,409.80,35.15,55.48,0.7578,1,1
131,2,102.72,570.20,18.72,32.14,0.8198,1,1
131,3,8.44,429.44,37.77,51.15,0.7906,1,1
131,9,1213.10,32.64,27.75,34.81,0.8466,1,1
131,11,1209.63,12.65,36.34,30.08,0.8373,1,1
132,1,-0.05,409.18,34.51,54.52,0.7628,1,1
132,2,102.70,570.24,18.74,32.13,0.8227,1,1
132,3,8.76,428.73,37.59,51.39,0.7990,1,1
132,9,1212.61,33.98,28.32,35.55,0.8324,1,1
132,11,1209.22,13.54,36.67,30.66,0.8362,1,1
133,1,0.10,409.07,34.44,54.22,0.7504,1,1
133,2,102.72,570.30,18.71,32.05,0.8228,1,1
133,3,8.63,428.56,37.41,51.31,0.7954,1,1
133,9,1211.65,35.50,29.22,37.25,0.8341,1,1
133,11,1207.95,14.21,38.32,32.85,0.8372,1,1
134,1,0.09,408.81,34.54,54.21,0.7537,1,1
134,2,102.79,570.45,18.69,31.92,0.8213,1,1
134,3,8.18,428.79,37.30,51.03,0.7910,1,1
134,9,1210.55,36.41,29.30,38.62,0.8634,1,1
134,11,1207.21,15.46,39.18,34.64,0.8297,1,1
134,14,0.85,409.56,37.95,68.40,0.3612,1,1
135,1,0.26,408.89,34.41,53.52,0.7638,1,1
135,2,102.76,570.41,18.74,31.98,0.8207,1,1
135,3,7.70,428.72,37.27,50.97,0.7902,1,1
135,9,1209.54,38.04,28.90,38.19,0.8666,1,1
135,11,1206.25,16.23,38.98,35.22,0.8319,1,1
135,14,0.85,409.64,37.86,68.27,0.3662,1,1
136,1,0.19,408.89,34.57,53.47,0.7637,1,1
136,2,102.76,570.40,18.75,32.00,0.8207,1,1
136,3,7.68,428.71,37.29,50.97,0.7902,1,1
136,9,1209.55,38.07,28.86,38.17,0.8665,1,1
136,11,1206.46,16.26,38.52,35.22,0.8320,1,1
136,14,0.87,409.64,37.83,68.25,0.3663,1,1
137,1,0.90,409.01,34.24,50.76,0.8025,1,1
137,2,102.79,570.41,18.72,31.88,0.8215,1,1
137,3,8.43,430.48,36.13,49.30,0.7699,1,1
137,9,1209.09,40.31,28.65,37.01,0.8464,1,1
137,11,1204.84,19.06,37.90,33.74,0.8305,1,1
138,1,0.69,408.75,35.96,51.62,0.8186,1,1
138,2,102.75,570.33,18.75,31.92,0.8198,1,1
138,3,8.29,431.24,35.97,48.86,0.7687,1,1
138,9,1207.77,43.00,27.68,34.82,0.8150,1,1
138,11,1202.08,20.77,39.30,35.03,0.8478,1,1
139,1,0.72,408.88,36.41,50.81,0.8090,1,1
139,2,102.65,570.23,18.81,32.02,0.8211,1,1
139,3,8.17,436.18,34.55,45.43,0.7671,1,1
139,9,1206.12,45.82,27.31,33.82,0.7465,1,1
139,11,1200.47,23.12,39.67,34.79,0.8449,1,1
140,1,1.14,409.20,35.53,46.96,0.8243,1,1
140,2,102.64,570.12,18.86,32.13,0.8213,1,1
140,3,6.39,440.18,35.27,43.97,0.7725,1,1
140,9,1204.01,48.28,27.00,32.14,0.7766,1,1
140,11,1198.04,25.98,40.59,35.48,0.8368,1,1
141,1,0.97,409.10,36.39,46.06,0.8257,1,1
141,2,102.68,569.95,18.96,32.24,0.8213,1,1
141,3,4.82,442.76,36.63,42.96,0.7794,1,1
141,9,1200.43,51.51,28.82,34.37,0.8030,1,1
141,11,1195.44,27.50,41.25,36.23,0.8484,1,1
142,1,0.57,409.11,37.21,46.03,0.8254,1,1
142,2,102.67,569.97,18.99,32.27,0.8209,1,1
142,3,4.13,442.86,37.94,42.92,0.7791,1,1
142,9,1200.33,51.61,28.86,34.44,0.8033,1,1
142,11,1195.44,27.51,41.18,36.24,0.8481,1,1
143,1,0.55,409.39,37.41,45.30,0.8191,1,1
143,2,102.62,569.90,19.06,32.40,0.8225,1,1
143,3,3.91,444.44,37.80,41.31,0.7839,1,1
143,9,1198.00,54.63,29.32,35.26,0.8408,1,1
143,11,1191.97,29.48,42.24,37.27,0.8745,1,1
144,1,0.52,409.62,37.28,44.21,0.8203,1,1
144,2,102.59,569.92,19.12,32.46,0.8223,1,1
144,3,3.69,445.82,37.85,39.96,0.7779,1,1
144,9,1195.17,58.37,29.48,35.52,0.8164,1,1
144,11,1188.40,32.37,42.95,37.88,0.8597,1,1
145,1,0.49,409.79,37.83,44.04,0.8177,1,1
145,2,102.54,569.90,19.20,32.48,0.8241,1,1
145,3,3.38,446.31,38.23,39.28,0.7722,1,1
145,9,1190.92,60.64,29.12,34.49,0.7735,1,1
145,11,1184.47,33.95,43.07,38.90,0.8623,1,1
146,1,0.58,409.73,38.34,43.77,0.8232,1,1
146,2,102.52,569.82,19.25,32.55,0.8242,1,1
146,3,3.12,446.88,38.67,39.31,0.7682,1,1
146,9,1186.50,61.69,29.90,35.56,0.7850,1,1
146,11,1181.52,36.47,43.15,39.18,0.8729,1,1
147,1,0.63,410.05,39.14,43.84,0.8308,1,1
147,2,102.56,569.94,19.23,32.47,0.8225,1,1
147,3,3.39,447.47,38.74,39.01,0.7670,1,1
147,9,1182.50,64.05,30.77,36.83,0.8245,1,1
147,11,1178.25,38.27,41.62,37.44,0.8769,1,1
148,1,0.44,410.06,39.54,43.83,0.8308,1,1
148,2,102.55,569.94,19.24,32.47,0.8226,1,1
148,3,3.30,447.50,38.98,38.99,0.7671,1,1
148,9,1182.45,64.11,30.71,36.87,0.8246,1,1
148,11,1178.12,38.30,41.75,37.42,0.8770,1,1
149,1,0.33,410.39,40.17,44.26,0.8372,1,1
149,2,102.53,569.95,19.23,32.47,0.8249,1,1
149,3,3.53,448.39,38.82,38.27,0.7691,1,1
149,9,1179.29,65.55,30.78,36.54,0.8400,1,1
149,11,1173.72,39.72,42.37,37.53,0.8594,1,1
150,1,0.25,410.87,40.54,44.53,0.8372,1,1
150,2,102.69,570.40,18.88,31.80,0.8262,1,1
150,3,3.17,450.42,38.77,37.93,0.7780,1,1
150,9,1174.89,66.42,29.77,35.43,0.8285,1,1
150,11,1169.71,41.50,43.27,38.28,0.8642,1,1
151,1,0.40,411.08,40.86,44.44,0.8378,1,1
151,2,102.72,570.55,18.87,31.71,0.8290,1,1
151,3,3.05,450.70,39.24,38.32,0.7786,1,1
151,9,1170.90,66.79,30.08,35.87,0.8170,1,1
151,11,1166.18,42.69,44.68,40.35,0.8612,1,1
152,1,0.28,411.47,41.34,44.71,0.8377,1,1
152,2,102.70,570.56,18.89,31.78,0.8316,1,1
152,3,2.98,452.25,38.97,37.70,0.7828,1,1
152,9,1168.25,68.92,31.59,38.67,0.8470,1,1
152,11,1164.16,43.97,42.63,38.57,0.8836,1,1
153,1,0.22,411.80,41.95,45.20,0.8385,1,1
153,2,102.72,570.65,18.89,31.84,0.8357,1,1
153,3,3.28,452.68,38.98,37.28,0.7839,1,1
153,9,1166.61,71.73,30.94,38.18,0.8355,1,1
153,11,1161.33,46.11,42.37,37.73,0.8743,1,1
154,1,0.18,411.81,42.04,45.19,0.8385,1,1
154,2,102.73,570.64,18.87,31.85,0.8359,1,1
154,3,3.16,452.69,39.24,37.26,0.7838,1,1
154,9,1166.66,71.83,30.76,38.12,0.8356,1,1
154,11,1161.15,46.15,42.66,37.72,0.8745,1,1
155,1,0.05,412.08,42.33,45.58,0.8409,1,1
155,2,102.65,570.59,18.93,31.97,0.8327,1,1
155,3,3.48,453.53,39.13,36.73,0.7761,1,1
155,9,1163.97,74.06,29.71,36.72,0.7628,1,1
155,11,1157.64,48.16,42.31,37.69,0.8687,1,1
156,1,0.22,412.94,42.29,45.35,0.8369,1,1
156,2,102.63,570.61,18.94,31.99,0.8350,1,1
156,3,3.49,453.88,39.52,37.02,0.7721,1,1
156,9,1160.56,76.83,29.85,36.52,0.8350,1,1
156,11,1155.27,50.53,42.11,38.27,0.8678,1,1
157,1,0.13,413.03,42.49,45.48,0.8386,1,1
157,2,102.68,570.67,18.85,31.95,0.8373,1,1
157,3,3.45,454.67,39.50,36.75,0.7720,1,1
157,9,1157.63,79.71,30.48,37.32,0.8496,1,1
157,11,1152.62,54.12,41.71,38.36,0.8740,1,1
158,1,0.06,412.90,42.73,45.78,0.8383,1,1
158,2,102.67,570.72,18.82,31.90,0.8379,1,1
158,3,3.36,455.46,39.34,36.25,0.7671,1,1
158,9,1154.56,83.35,30.58,37.95,0.8227,1,1
158,11,1149.96,57.85,40.10,36.57,0.8881,1,1
159,1,0.13,413.49,42.55,45.54,0.8370,1,1
159,2,102.73,570.82,18.69,31.72,0.8368,1,1
159,3,3.15,455.95,39.53,36.11,0.7637,1,1
159,9,1152.27,88.39,30.83,38.10,0.7970,1,1
159,11,1147.00,62.51,40.43,36.01,0.8753,1,1
160,1,0.13,413.49,42.58,45.55,0.8370,1,1
160,2,102.75,570.82,18.68,31.70,0.8367,1,1
160,3,3.04,455.99,39.74,36.09,0.7635,1,1
160,9,1152.16,88.58,30.91,38.08,0.7969,1,1
160,11,1146.73,62.58,40.89,36.01,0.8752,1,1
161,1,0.29,413.84,42.55,45.22,0.8397,1,1
161,2,102.80,570.87,18.59,31.56,0.8355,1,1
161,3,3.44,456.23,39.46,35.64,0.7624,1,1
161,9,1149.02,92.81,31.20,38.26,0.8523,1,1
161,11,1143.60,64.99,41.96,37.76,0.8464,1,1
162,1,0.48,414.60,42.75,44.80,0.8454,1,1
162,2,102.88,570.87,18.51,31.33,0.8344,1,1
162,3,3.72,458.16,38.84,34.28,0.7567,1,1
162,9,1145.50,95.09,31.03,37.30,0.8400,1,1
162,11,1141.03,68.73,43.25,39.29,0.8529,1,1
163,1,0.54,414.84,43.55,44.94,0.8493,1,1
163,2,102.81,570.65,18.68,31.65,0.8298,1,1
163,3,3.71,458.66,38.96,33.55,0.7463,1,1
163,9,1141.91,95.69,32.61,40.37,0.8265,1,1
163,11,1138.10,70.40,45.18,42.12,0.8537,1,1
164,1,0.41,415.22,44.13,45.11,0.8516,1,1
164,2,102.84,570.58,18.68,31.63,0.8275,1,1
164,3,3.73,458.96,39.77,33.56,0.7450,1,1
164,9,1139.31,96.51,32.12,40.71,0.8266,1,1
164,11,1136.83,71.32,45.34,42.20,0.8615,1,1
165,1,0.30,415.22,44.39,45.17,0.8528,1,1
165,2,102.87,570.58,18.60,31.53,0.8253,1,1
165,3,3.48,459.13,40.41,33.55,0.7456,1,1
165,9,1136.93,97.62,31.04,38.79,0.8217,1,1
165,11,1134.19,72.74,46.01,42.52,0.8634,1,1
166,1,0.26,415.24,44.49,45.17,0.8528,1,1
166,2,102.88,570.58,18.58,31.52,0.8257,1,1
166,3,3.26,459.14,40.86,33.55,0.7455,1,1
166,9,1136.76,97.65,31.24,38.70,0.8218,1,1
166,11,1134.07,72.78,46.16,42.50,0.8633,1,1
167,1,0.33,415.43,44.61,45.04,0.8540,1,1
167,2,102.89,570.55,18.60,31.54,0.8248,1,1
167,3,3.19,459.24,41.49,33.97,0.7467,1,1
167,9,1132.48,99.44,31.28,39.02,0.8034,1,1
167,11,1130.24,74.34,47.82,43.91,0.8657,1,1
168,1,0.28,415.41,44.74,45.02,0.8541,1,1
168,2,102.90,570.56,18.60,31.57,0.8259,1,1
168,3,3.19,459.22,41.56,33.95,0.7464,1,1
168,9,1128.98,102.47,31.69,39.97,0.7615,1,1
168,11,1126.21,75.34,49.75,46.34,0.8779,1,1
169,1,0.28,415.39,44.93,45.08,0.8554,1,1
169,2,102.96,570.58,18.60,31.49,0.8250,1,1
169,3,3.36,459.39,41.42,33.67,0.7435,1,1
169,9,1125.71,105.10,31.70,39.34,0.8569,1,1
169,11,1123.04,76.98,50.47,47.66,0.8900,1,1
170,1,0.23,415.35,45.01,45.12,0.8556,1,1
170,2,102.96,570.55,18.61,31.52,0.8249,1,1
170,3,3.30,459.41,41.56,33.70,0.7441,1,1
170,9,1122.21,107.10,32.08,39.41,0.8479,1,1
170,11,1120.32,79.49,49.77,45.96,0.8749,1,1
171,1,0.24,415.38,45.00,45.06,0.8552,1,1
171,2,102.96,570.50,18.62,31.53,0.8229,1,1
171,3,3.07,459.43,41.64,33.58,0.7425,1,1
171,9,1117.27,107.74,32.34,38.96,0.8400,1,1
171,11,1115.44,81.49,51.66,46.80,0.8764,1,1
172,1,0.23,415.37,45.00,45.06,0.8550,1,1
172,2,102.97,570.46,18.64,31.57,0.8230,1,1
172,3,3.00,459.41,41.78,33.55,0.7425,1,1
172,9,1117.00,107.76,32.68,38.94,0.8397,1,1
172,11,1115.16,81.51,52.17,46.85,0.8765,1,1
173,1,0.20,415.37,45.00,45.10,0.8554,1,1
173,2,102.94,570.51,18.62,31.54,0.8236,1,1
173,3,2.89,459.39,41.94,33.63,0.7429,1,1
173,9,1112.89,110.35,33.67,39.91,0.8212,1,1
173,11,1110.05,83.78,53.69,47.93,0.8906,1,1
174,1,0.20,415.38,44.97,45.11,0.8554,1,1
174,2,102.93,570.55,18.60,31.52,0.8237,1,1
174,3,2.81,458.55,42.53,34.26,0.7420,1,1
174,9,1107.92,113.63,35.09,41.94,0.8698,1,1
174,11,1106.23,86.94,53.99,48.36,0.8974,1,1
175,1,0.18,415.41,44.86,45.09,0.8545,1,1
175,2,102.86,570.45,18.67,31.69,0.8221,1,1
175,3,2.76,459.24,41.91,33.70,0.7437,1,1
175,9,1102.90,116.23,34.84,41.85,0.8397,1,1
175,11,1100.39,90.25,54.37,47.54,0.8769,1,1
176,1,-0.04,414.70,44.95,45.63,0.8524,1,1
176,2,102.84,570.47,18.65,31.72,0.8228,1,1
176,3,2.75,459.04,41.65,33.55,0.7432,1,1
176,9,1097.02,119.55,35.95,43.44,0.8318,1,1
176,11,1095.59,94.03,56.02,48.34,0.8853,1,1
177,1,0.06,414.81,44.43,45.34,0.8496,1,1
177,2,102.87,570.46,18.68,31.90,0.8228,1,1
177,3,2.72,458.40,41.36,33.37,0.7414,1,1
177,9,1092.67,124.01,34.65,42.32,0.8308,1,1
177,11,1091.08,97.50,55.39,47.76,0.8903,1,1
178,1,0.13,414.82,44.29,45.32,0.8496,1,1
178,2,102.90,570.46,18.64,31.90,0.8229,1,1
178,3,2.76,458.35,41.30,33.36,0.7413,1,1
178,9,1092.67,124.13,34.41,42.27,0.8307,1,1
178,11,1091.01,97.53,55.41,47.77,0.8904,1,1
179,1,-0.12,414.13,43.75,45.25,0.8410,1,1
179,2,102.78,570.37,18.73,32.30,0.8221,1,1
179,3,1.91,455.90,42.46,35.46,0.7563,1,1
179,9,1087.47,126.56,34.27,41.37,0.8119,1,1
179,11,1084.03,100.12,56.35,48.68,0.8785,1,1
180,1,-0.37,412.93,43.49,45.75,0.8368,1,1
180,2,102.81,570.38,18.67,32.33,0.8198,1,1
180,3,2.15,454.81,41.74,35.85,0.7634,1,1
180,9,1080.80,129.82,35.89,43.14,0.8553,1,1
180,11,1079.36,102.70,55.20,48.26,0.8965,1,1
181,1,-0.49,412.46,42.14,45.30,0.8339,1,1
181,2,102.77,570.17,19.04,33.46,0.8163,1,1
181,3,2.36,453.17,40.66,35.63,0.7804,1,1
181,9,1076.02,131.82,35.62,43.08,0.8424,1,1
181,11,1072.44,104.20,53.46,46.25,0.8812,1,1
182,1,-0.35,411.72,41.13,45.07,0.8336,1,1
182,2,102.83,570.17,18.91,33.52,0.8178,1,1
182,3,2.40,451.84,40.48,36.18,0.7806,1,1
182,9,1071.34,134.51,35.33,42.56,0.8410,1,1
182,11,1066.74,105.12,52.93,46.17,0.8977,1,1
183,1,-0.10,411.15,40.11,44.36,0.8360,1,1
183,2,102.83,570.10,18.85,33.59,0.8177,1,1
183,3,1.92,449.99,40.74,37.14,0.7793,1,1
183,9,1066.19,136.85,36.89,44.55,0.8566,1,1
183,11,1062.26,106.73,51.15,45.90,0.8846,1,1
183,15,1104.98,289.23,20.35,34.05,0.4662,1,1
184,1,0.02,411.13,39.89,44.34,0.8361,1,1
184,2,102.87,570.09,18.79,33.58,0.8176,1,1
184,3,2.15,449.91,40.28,37.20,0.7796,1,1
184,9,1066.11,136.89,36.86,44.57,0.8567,1,1
184,11,1062.51,106.74,50.52,45.94,0.8845,1,1
184,15,1104.97,289.82,20.24,34.27,0.4710,1,1
185,1,0.38,410.21,39.83,43.83,0.8282,1,1
185,2,102.85,570.06,18.79,33.67,0.8189,1,1
185,3,1.62,447.46,41.19,39.02,0.7727,1,1
185,9,1061.81,137.51,36.06,43.77,0.8433,1,1
185,11,1057.61,108.90,50.98,46.16,0.8818,1,1
186,1,0.14,409.83,38.78,42.72,0.8215,1,1
186,2,102.86,570.00,18.78,33.71,0.8186,1,1
186,3,0.87,446.80,40.98,39.50,0.7836,1,1
186,9,1057.43,140.33,36.46,44.11,0.8367,1,1
186,11,1052.46,111.66,50.62,45.90,0.8924,1,1
187,1,-0.01,409.87,38.78,42.74,0.8288,1,1
187,2,102.86,570.04,18.74,33.70,0.8202,1,1
187,3,0.58,444.68,41.29,41.11,0.8046,1,1
187,9,1052.86,143.30,38.37,46.13,0.8728,1,1
187,11,1048.46,114.00,50.66,47.37,0.8890,1,1
188,1,0.01,409.04,38.63,42.55,0.8310,1,1
188,2,102.88,570.21,18.64,33.62,0.8208,1,1
188,3,0.66,443.37,41.00,41.91,0.7982,1,1
188,9,1049.29,147.37,36.28,44.39,0.8612,1,1
188,11,1045.19,117.88,48.34,46.04,0.8972,1,1
189,1,-0.16,408.12,38.76,42.99,0.8328,1,1
189,2,102.86,570.08,18.40,33.39,0.8300,1,1
189,3,0.50,441.42,41.01,43.27,0.8051,1,1
189,9,1045.53,151.76,35.66,43.84,0.8333,1,1
189,11,1040.91,120.26,49.01,46.77,0.8938,1,1
190,1,-0.09,408.11,38.62,42.99,0.8328,1,1
190,2,102.89,570.07,18.34,33.39,0.8299,1,1
190,3,0.87,441.35,40.29,43.32,0.8051,1,1
190,9,1045.49,151.87,35.54,43.83,0.8332,1,1
190,11,1040.90,120.32,48.96,46.75,0.8935,1,1
191,1,-0.10,407.56,38.81,43.35,0.8247,1,1
191,2,102.93,570.14,18.38,33.47,0.8303,1,1
191,3,0.98,441.21,39.98,43.53,0.8006,1,1
191,9,1042.16,155.65,36.24,45.47,0.8370,1,1
191,11,1037.76,125.05,48.10,44.86,0.8927,1,1
192,1,-0.13,407.24,39.15,43.96,0.8253,1,1
192,2,102.96,570.13,18.33,33.29,0.8309,1,1
192,3,0.92,439.90,40.34,44.57,0.8030,1,1
192,9,1038.93,161.07,36.22,46.35,0.8517,1,1
192,11,1034.13,129.99,48.38,45.26,0.8770,1,1
193,1,-0.18,407.23,39.36,44.48,0.8229,1,1
193,2,103.05,569.99,18.40,32.98,0.8284,1,1
193,3,1.09,438.29,41.15,46.28,0.7986,1,1
193,9,1035.05,164.35,36.63,47.89,0.8327,1,1
193,11,1030.68,134.55,48.58,45.60,0.8925,1,1
194,1,-0.07,407.25,39.51,44.76,0.8235,1,1
194,2,103.02,569.89,18.52,32.99,0.8262,1,1
194,3,1.73,437.69,41.12,46.92,0.7970,1,1
194,9,1032.47,168.17,37.15,49.48,0.8490,1,1
194,11,1028.15,138.80,49.81,47.60,0.8846,1,1
195,1,-0.09,407.21,39.51,44.90,0.8219,1,1
195,2,103.06,569.90,18.57,32.95,0.8239,1,1
195,3,2.18,437.71,40.68,46.87,0.7930,1,1
195,9,1030.11,172.31,36.06,47.43,0.8406,1,1
195,11,1025.45,142.51,50.76,48.25,0.8924,1,1
196,1,-0.04,407.24,39.42,44.87,0.8213,1,1
196,2,103.05,569.92,18.61,32.94,0.8242,1,1
196,3,2.31,437.72,40.43,46.86,0.7931,1,1
196,9,1029.94,172.39,36.28,47.40,0.8407,1,1
196,11,1025.37,142.56,50.87,48.25,0.8923,1,1
197,1,-0.06,407.28,39.42,44.97,0.8180,1,1
197,2,103.04,569.86,18.64,32.99,0.8219,1,1
197,3,2.66,437.76,40.25,46.91,0.7906,1,1
197,9,1026.98,174.95,37.32,48.49,0.8362,1,1
197,11,1023.71,145.16,52.15,48.13,0.9074,1,1
198,1,-0.02,407.34,39.35,44.90,0.8151,1,1
198,2,102.95,570.02,18.76,33.17,0.8308,1,1
198,3,2.78,437.77,40.39,47.33,0.7899,1,1
198,9,1023.95,177.66,38.00,48.15,0.8467,1,1
198,11,1021.14,146.33,55.27,50.84,0.9106,1,1
199,1,0.01,407.47,39.28,44.80,0.8160,1,1
199,2,102.95,570.15,18.74,33.05,0.8298,1,1
199,3,2.87,437.48,39.89,47.45,0.7980,1,1
199,9,1021.27,179.64,36.80,46.71,0.8508,1,1
199,11,1019.24,148.30,57.36,52.73,0.9028,1,1
200,1,0.01,408.11,39.25,44.74,0.8103,1,1
200,2,102.99,570.19,18.72,33.00,0.8255,1,1
200,3,3.34,436.42,40.11,48.43,0.7922,1,1
200,9,1018.09,180.57,37.79,48.91,0.8510,1,1
200,11,1016.76,151.18,58.28,53.49,0.8913,1,1
201,1,-0.28,408.33,39.04,44.92,0.8029,1,1
201,2,103.07,570.04,18.63,32.92,0.8181,1,1
201,3,3.71,436.38,39.52,48.34,0.7852,1,1
201,9,1015.06,184.85,36.71,47.53,0.8504,1,1
201,11,1013.45,152.60,59.92,55.37,0.8972,1,1
202,1,-0.18,408.33,38.82,44.93,0.8028,1,1
202,2,103.08,570.02,18.61,32.92,0.8185,1,1
202,3,3.88,436.38,39.19,48.34,0.7853,1,1
202,9,1015.01,184.93,36.67,47.49,0.8503,1,1
202,11,1013.50,152.61,59.79,55.39,0.8972,1,1
203,1,-0.13,408.66,38.42,44.65,0.8044,1,1
203,2,103.08,570.10,18.66,33.01,0.8217,1,1
203,3,4.25,436.14,38.96,48.62,0.7838,1,1
203,9,1012.37,188.76,37.96,49.40,0.8431,1,1
203,11,1010.89,156.20,59.84,54.21,0.8938,1,1
204,1,-0.16,408.90,38.56,45.04,0.7945,1,1
204,2,102.90,570.20,18.87,33.36,0.8130,1,1
204,3,4.09,435.81,38.86,49.23,0.7809,1,1
204,9,1009.32,190.42,38.59,49.76,0.8429,1,1
204,11,1007.76,159.96,60.67,54.17,0.9042,1,1
205,1,-0.67,409.03,38.72,46.17,0.7888,1,1
205,2,102.92,570.33,18.78,33.27,0.8245,1,1
205,3,4.34,435.97,38.25,48.48,0.7716,1,1
205,9,1004.75,191.98,40.01,51.09,0.8660,1,1
205,11,1003.74,162.62,62.19,56.06,0.9055,1,1
206,1,-0.95,409.51,38.16,46.80,0.7821,1,1
206,2,102.96,570.50,18.69,33.13,0.8287,1,1
206,3,4.27,436.57,38.04,48.37,0.7796,1,1
206,9,1000.61,194.98,41.37,53.21,0.8556,1,1
206,11,1000.06,166.36,63.59,55.37,0.9096,1,1
206,17,-0.88,410.76,43.14,56.59,0.4389,1,1
206,18,29.51,564.37,43.74,25.09,0.4503,1,1
207,1,-0.68,409.88,37.78,47.30,0.7866,1,1
207,2,102.94,570.44,18.80,33.14,0.8317,1,1
207,3,4.26,437.30,37.24,46.57,0.7749,1,1
207,9,997.59,199.90,40.03,50.32,0.8350,1,1
207,11,995.89,171.38,65.01,55.60,0.9042,1,1
207,18,26.58,549.72,44.08,27.66,0.6857,1,1
208,1,-0.42,409.90,37.28,47.30,0.7868,1,1
208,2,102.92,570.44,18.83,33.12,0.8324,1,1
208,3,4.10,437.33,37.58,46.49,0.7751,1,1
208,9,997.28,200.02,40.50,50.24,0.8350,1,1
208,11,995.64,171.42,65.46,55.59,0.9041,1,1
208,18,28.05,548.62,40.78,27.85,0.6894,1,1
208,19,946.19,347.58,16.62,34.48,0.7937,1,1
209,1,-0.51,410.54,36.81,47.50,0.7906,1,1
209,2,102.85,570.68,18.82,33.14,0.8332,1,1
209,3,4.14,437.86,37.72,47.02,0.7724,1,1
209,9,992.22,204.53,39.42,49.45,0.8413,1,1
209,11,992.50,176.40,65.46,56.43,0.9084,1,1
209,19,939.79,349.58,16.01,32.67,0.6603,1,1
210,1,-0.56,410.54,36.15,47.55,0.7933,1,1
210,2,103.20,570.96,18.41,32.70,0.8281,1,1
210,3,4.23,439.02,36.56,45.24,0.7731,1,1
210,9,986.85,209.86,40.03,49.91,0.8471,1,1
210,11,987.62,180.13,65.82,56.93,0.9053,1,1
210,15,1037.76,396.07,21.11,35.75,0.3242,1,1
210,17,-2.83,413.82,43.93,58.70,0.2571,1,1
210,19,931.95,352.26,16.75,33.17,0.8244,1,1
211,1,-0.68,411.07,35.23,47.42,0.7893,1,1
211,2,103.34,571.18,18.10,32.42,0.8270,1,1
211,3,3.73,439.01,36.26,44.12,0.7618,1,1
211,9,982.36,217.50,39.48,49.01,0.8324,1,1
211,11,981.39,184.07,67.18,57.38,0.9045,1,1
211,15,1025.97,397.84,20.16,36.00,0.8359,1,1
211,19,926.17,355.06,17.08,32.05,0.7929,1,1
212,1,-0.54,412.06,34.80,47.64,0.7809,1,1
212,2,103.41,571.20,17.93,32.35,0.8240,1,1
212,3,3.41,439.18,37.04,44.89,0.7759,1,1
212,9,975.47,218.41,40.43,50.80,0.8413,1,1
212,11,975.36,190.42,67.50,57.15,0.9050,1,1
212,15,1015.97,401.86,21.59,37.87,0.8510,1,1
212,19,920.31,359.62,16.98,30.91,0.7733,1,1
212,21,18.36,512.43,23.78,23.95,0.6246,1,1
213,1,-0.68,412.51,34.75,48.66,0.7814,1,1
213,2,103.45,571.30,17.79,32.25,0.8224,1,1
213,3,2.70,439.13,37.55,45.79,0.7606,1,1
213,9,968.96,222.77,40.52,49.99,0.8722,1,1
213,11,967.90,192.62,69.04,58.06,0.9103,1,1
213,15,1007.95,406.11,22.16,37.59,0.8275,1,1
213,19,916.10,363.91,17.94,31.82,0.8085,1,1
213,21,13.74,504.84,25.01,26.29,0.5606,1,1
214,1,-0.42,412.54,34.26,48.68,0.7814,1,1
214,2,103.50,571.30,17.74,32.23,0.8226,1,1
214,3,2.75,439.12,37.44,45.84,0.7606,1,1
214,9,968.73,222.83,40.81,49.99,0.8720,1,1
214,11,967.76,192.62,69.21,58.06,0.9103,1,1
214,15,1007.56,406.21,22.55,37.57,0.8275,1,1
214,19,915.89,364.05,18.21,31.84,0.8088,1,1
214,21,13.74,503.98,24.19,26.57,0.5609,1,1
215,1,-0.22,412.59,33.92,48.56,0.7898,1,1
215,2,103.40,571.30,17.78,32.40,0.8268,1,1
215,3,2.38,439.71,36.76,44.70,0.7665,1,1
215,9,962.28,224.45,42.43,51.87,0.8613,1,1
215,11,961.27,194.76,70.61,58.04,0.8945,1,1
215,15,1002.88,409.98,22.70,40.00,0.8390,1,1
215,19,911.21,370.87,17.90,31.47,0.6884,1,1
215,21,12.67,498.76,25.26,28.46,0.4723,1,1
216,1,-0.26,413.15,33.74,48.72,0.7853,1,1
216,2,103.36,571.29,17.80,32.44,0.8308,1,1
216,3,2.34,440.01,36.21,43.51,0.7517,1,1
216,9,956.49,225.37,41.63,52.92,0.8699,1,1
216,11,955.81,196.45,70.90,58.45,0.9104,1,1
216,15,1002.42,413.83,22.05,41.02,0.8460,1,1
216,19,907.71,374.25,16.77,29.38,0.7185,1,1
216,21,12.13,495.17,26.18,29.87,0.3016,1,1
217,1,-0.32,413.30,33.96,49.59,0.7873,1,1
217,2,103.39,571.34,17.75,32.34,0.8308,1,1
217,3,2.39,440.53,35.92,42.59,0.7425,1,1
217,9,951.39,230.71,39.70,49.77,0.8360,1,1
217,11,950.62,201.51,69.92,56.74,0.9055,1,1
217,15,1004.08,420.91,21.83,41.33,0.8270,1,1
217,19,902.44,379.81,17.36,30.48,0.5161,1,1
217,21,12.25,493.76,26.16,30.29,0.2757,1,1
218,1,-0.25,413.33,33.64,49.53,0.7849,1,1
218,2,103.45,571.34,17.79,32.18,0.8325,1,1
218,3,2.51,440.64,36.03,42.33,0.7397,1,1
218,9,946.51,234.21,39.79,49.57,0.8468,1,1
218,11,944.20,204.36,71.38,57.79,0.9044,1,1
218,15,1009.44,427.92,20.80,38.41,0.8191,1,1
218,19,895.98,384.73,19.24,34.20,0.7474,1,1
218,21,12.80,494.52,25.29,29.92,0.3559,1,1
219,1,-0.07,413.33,33.19,48.98,0.7877,1,1
219,2,103.47,571.24,17.84,32.02,0.8330,1,1
219,3,2.44,440.86,36.18,42.25,0.7393,1,1
219,9,940.83,238.57,39.18,48.86,0.8640,1,1
219,11,938.35,207.53,70.70,57.71,0.8980,1,1
219,15,1015.43,431.94,20.90,37.98,0.7757,1,1
219,19,890.13,392.72,17.97,31.05,0.7190,1,1
219,21,13.62,494.81,24.40,29.39,0.3731,1,1
220,1,-0.01,413.38,33.10,48.87,0.7882,1,1
220,2,103.45,571.22,17.91,32.04,0.8328,1,1
220,3,2.38,440.85,36.30,42.22,0.7401,1,1
220,9,940.75,238.64,39.14,48.83,0.8640,1,1
220,11,938.41,207.56,70.47,57.76,0.8984,1,1
220,15,1015.62,432.12,21.13,37.94,0.7754,1,1
220,19,889.61,393.17,18.19,30.87,0.7117,1,1
220,21,13.97,494.95,23.95,29.34,0.3869,1,1
221,1,-0.07,413.38,33.09,48.98,0.7892,1,1
221,2,103.44,571.17,17.98,32.04,0.8324,1,1
221,3,2.30,440.93,36.58,42.46,0.7445,1,1
221,9,935.69,244.49,39.60,48.32,0.8205,1,1
221,11,932.24,210.99,72.02,59.29,0.9081,1,1
221,19,881.71,399.39,19.64,33.29,0.7064,1,1
221,21,14.83,495.36,23.21,28.61,0.4306,1,1
222,1,-0.01,413.52,32.95,48.77,0.7909,1,1
222,2,103.44,571.21,17.97,31.97,0.8329,1,1
222,3,2.27,440.83,36.73,42.67,0.7461,1,1
222,9,929.91,246.61,42.71,52.30,0.8389,1,1
222,11,927.88,215.85,70.66,58.35,0.8987,1,1
222,19,874.25,411.43,18.39,29.79,0.7606,1,1
222,21,15.18,495.58,22.88,28.45,0.4008,1,1
223,1,0.15,413.60,32.49,47.79,0.7940,1,1
223,2,103.46,571.35,17.99,31.91,0.8321,1,1
223,3,2.15,440.60,36.72,42.69,0.7466,1,1
223,9,925.90,251.82,41.52,52.11,0.8778,1,1
223,11,923.74,219.66,70.37,59.42,0.8905,1,1
223,19,866.93,415.84,20.52,34.46,0.7899,1,1
223,21,15.22,495.59,22.82,28.66,0.4111,1,1
224,1,0.27,413.63,32.13,46.73,0.7957,1,1
224,2,103.44,571.30,18.01,31.93,0.8313,1,1
224,3,2.08,440.40,36.76,42.84,0.7450,1,1
224,9,921.54,257.90,40.85,50.99,0.8217,1,1
224,11,919.51,225.93,70.38,59.76,0.8884,1,1
224,19,859.72,422.78,20.85,35.39,0.8761,1,1
224,21,15.32,495.70,22.58,28.57,0.3982,1,1
225,1,0.17,413.70,32.28,46.63,0.7955,1,1
225,2,103.45,571.34,18.00,31.88,0.8319,1,1
225,3,2.16,440.42,36.80,42.94,0.7451,1,1
225,9,915.98,263.50,42.63,53.61,0.8458,1,1
225,11,915.37,233.60,69.50,57.13,0.8891,1,1
225,19,853.36,429.28,20.59,34.88,0.8721,1,1
225,21,15.30,496.11,22.50,28.70,0.3788,1,1
225,23,6.81,555.60,19.09,29.72,0.3150,1,1
226,1,0.12,413.70,32.41,46.63,0.7955,1,1
226,2,103.45,571.34,18.01,31.88,0.8319,1,1
226,3,2.17,440.40,36.78,42.96,0.7450,1,1
226,9,915.96,263.63,42.51,53.69,0.8460,1,1
226,11,914.87,233.66,70.41,57.16,0.8890,1,1
226,19,853.25,429.27,20.65,34.98,0.8722,1,1
226,21,15.44,496.19,22.34,28.72,0.3773,1,1
226,23,6.89,555.50,19.08,29.74,0.3166,1,1
227,1,-0.12,413.54,32.99,47.68,0.7924,1,1
227,2,103.41,571.36,18.04,31.93,0.8325,1,1
227,3,1.99,440.56,37.24,43.78,0.7464,1,1
227,9,912.46,271.53,41.93,53.09,0.8075,1,1
227,11,910.02,240.34,72.37,59.95,0.8897,1,1
227,19,846.81,435.26,21.25,35.95,0.8725,1,1
227,21,15.43,496.01,22.44,28.97,0.3271,1,1
227,23,6.79,555.63,19.01,29.62,0.2604,1,1
228,1,-0.16,413.61,32.99,47.95,0.7876,1,1
228,2,103.42,571.42,18.00,31.83,0.8323,1,1
228,3,2.11,440.43,37.13,43.77,0.7463,1,1
228,9,907.90,277.07,42.15,52.89,0.8685,1,1
228,11,907.42,247.43,71.92,60.94,0.8860,1,1
228,19,841.33,442.17,20.74,33.90,0.8777,1,1
228,23,6.86,555.78,18.93,29.46,0.2998,1,1
229,1,-0.11,413.82,32.68,47.67,0.7845,1,1
229,2,103.35,571.56,18.01,31.84,0.8347,1,1
229,3,1.94,440.05,37.42,44.39,0.7490,1,1
229,9,903.65,280.96,43.50,54.62,0.8414,1,1
229,11,904.49,252.20,71.49,58.95,0.8837,1,1
229,19,837.73,446.15,21.04,34.71,0.8644,1,1
229,23,6.87,555.65,19.05,29.66,0.3723,1,1
230,1,-0.00,414.13,32.29,47.10,0.7823,1,1
230,2,103.39,571.56,17.98,31.78,0.8344,1,1
230,3,1.81,439.65,37.61,44.79,0.7509,1,1
230,9,899.43,285.48,44.65,57.69,0.8138,1,1
230,11,899.00,255.05,74.92,60.10,0.8964,1,1
230,19,833.75,452.47,20.58,32.27,0.8563,1,1
230,23,6.84,555.69,19.10,29.72,0.2782,1,1
231,1,-0.18,414.38,32.58,47.84,0.7793,1,1
231,2,103.37,571.51,18.00,31.84,0.8334,1,1
231,3,1.87,438.87,37.82,45.46,0.7541,1,1
231,9,897.75,291.17,41.99,54.47,0.8584,1,1
231,11,896.41,259.88,75.29,60.36,0.8990,1,1
231,19,832.32,456.38,19.72,30.52,0.8690,1,1
231,21,17.27,494.56,22.57,29.14,0.2916,1,1
232,1,-0.20,414.59,32.62,48.25,0.7775,1,1
232,2,103.38,571.52,17.99,31.83,0.8334,1,1
232,3,1.98,438.61,37.72,45.76,0.7545,1,1
232,9,897.76,291.26,41.87,54.40,0.8584,1,1
232,11,896.40,259.94,75.29,60.36,0.8992,1,1
232,19,832.25,456.41,19.82,30.50,0.8690,1,1
232,21,17.50,494.46,22.58,29.15,0.3019,1,1
233,1,-0.74,414.71,33.53,50.82,0.7731,1,1
233,2,103.38,571.46,18.01,31.92,0.8312,1,1
233,3,1.89,438.85,37.77,45.79,0.7647,1,1
233,9,893.75,296.87,42.58,54.98,0.8395,1,1
233,11,893.54,262.98,75.61,62.62,0.9010,1,1
233,19,829.23,460.06,20.54,30.99,0.8676,1,1
233,21,17.51,494.21,22.95,29.62,0.3735,1,1
234,1,-0.59,415.36,32.87,50.75,0.7703,1,1
234,2,103.37,571.43,18.01,31.93,0.8317,1,1
234,3,1.79,438.75,38.03,46.09,0.7692,1,1
234,9,889.38,299.14,44.51,56.83,0.8354,1,1
234,11,890.08,267.03,75.54,62.96,0.9006,1,1
234,19,826.88,462.69,21.53,33.16,0.8452,1,1
234,21,17.59,493.69,23.34,30.01,0.3550,1,1
235,1,-0.37,415.94,32.69,51.09,0.7718,1,1
235,2,103.34,571.38,18.02,32.01,0.8329,1,1
235,3,1.87,438.91,38.21,46.27,0.7716,1,1
235,9,884.43,302.47,45.84,58.04,0.8379,1,1
235,11,885.22,270.88,77.20,64.10,0.9070,1,1
235,19,826.22,465.34,20.66,32.48,0.8524,1,1
235,21,17.35,493.49,24.24,31.12,0.3802,1,1
236,1,-0.31,416.32,32.58,51.43,0.7692,1,1
236,2,103.36,571.32,18.03,32.07,0.8332,1,1
236,3,2.14,439.05,38.14,46.04,0.7729,1,1
236,9,879.38,308.98,43.15,54.11,0.8316,1,1
236,11,880.89,276.15,77.10,63.49,0.9114,1,1
236,19,825.41,465.09,20.26,32.45,0.8432,1,1
236,21,17.38,493.33,24.47,31.30,0.3997,1,1
237,1,-0.75,416.46,33.99,54.94,0.7652,1,1
237,2,103.36,571.26,18.03,32.09,0.8336,1,1
237,3,2.95,439.66,38.05,45.67,0.7737,1,1
237,9,873.60,311.86,45.53,57.06,0.8038,1,1
237,11,874.49,279.53,79.36,63.66,0.9042,1,1
237,19,825.19,464.96,19.74,31.68,0.8583,1,1
237,21,17.14,493.08,24.76,31.68,0.3847,1,1
238,1,-0.50,416.45,33.54,55.10,0.7654,1,1
238,2,103.37,571.26,18.02,32.10,0.8338,1,1
238,3,2.93,439.68,38.19,45.65,0.7737,1,1
238,9,873.41,311.95,45.63,57.16,0.8038,1,1
238,11,874.33,279.98,80.06,63.48,0.9040,1,1
238,19,825.22,464.94,19.71,31.68,0.8581,1,1
238,21,17.16,492.99,24.83,31.76,0.3849,1,1
239,1,0.03,416.82,32.95,54.02,0.7747,1,1
239,2,103.38,571.28,17.99,32.06,0.8336,1,1
239,3,3.23,440.54,37.93,44.93,0.7785,1,1
239,9,868.97,319.18,45.44,56.85,0.8444,1,1
239,11,868.04,285.46,82.07,65.71,0.9152,1,1
239,19,824.84,467.19,18.64,29.38,0.8381,1,1
239,21,16.95,492.87,25.24,32.37,0.4453,1,1
240,1,0.55,416.89,32.53,52.20,0.7798,1,1
240,2,103.35,571.27,18.01,32.10,0.8335,1,1
240,3,3.23,441.73,38.38,45.23,0.7819,1,1
240,9,863.31,326.11,45.23,57.10,0.8180,1,1
240,11,863.18,290.92,82.16,67.40,0.9066,1,1
240,19,824.92,469.66,17.67,26.90,0.7534,1,1
240,21,17.17,493.26,24.87,31.83,0.3169,1,1
241,1,0.50,416.77,33.12,52.25,0.7802,1,1
241,2,103.26,571.34,17.80,31.99,0.8285,1,1
241,3,3.51,442.05,38.36,45.02,0.7751,1,1
241,9,855.16,330.22,46.27,56.10,0.8224,1,1
241,11,855.72,296.62,83.97,68.97,0.9043,1,1
241,19,822.87,470.64,17.80,27.04,0.7791,1,1
241,21,17.00,493.38,24.99,31.96,0.2960,1,1
242,1,0.44,416.84,32.99,51.20,0.7851,1,1
242,2,103.35,571.44,17.69,31.88,0.8240,1,1
242,3,3.66,442.58,38.63,45.13,0.7600,1,1
242,9,846.92,336.36,44.60,55.11,0.8129,1,1
242,11,849.57,303.49,83.08,68.41,0.9087,1,1
242,19,821.01,474.41,16.34,24.56,0.7143,1,1
242,21,16.62,493.33,25.20,32.38,0.2596,1,1
243,1,0.59,417.10,33.39,50.67,0.7887,1,1
243,2,103.38,571.52,17.64,31.81,0.8239,1,1
243,3,3.96,443.73,39.66,46.51,0.7495,1,1
243,9,840.90,344.47,46.65,56.92,0.7909,1,1
243,11,840.91,310.16,85.42,69.23,0.9059,1,1
243,19,818.67,476.78,15.08,22.56,0.3745,1,1
244,1,0.41,417.14,33.84,50.65,0.7889,1,1
244,2,103.40,571.51,17.63,31.80,0.8242,1,1
244,3,4.05,443.78,39.62,46.59,0.7495,1,1
244,9,840.51,344.76,47.11,57.00,0.7907,1,1
244,11,840.60,310.20,85.92,69.25,0.9061,1,1
244,19,818.27,477.15,14.84,22.10,0.3703,1,1
245,1,0.67,417.94,34.28,50.00,0.7958,1,1
245,2,103.37,571.56,17.64,31.80,0.8253,1,1
245,3,4.36,444.28,39.76,46.82,0.7404,1,1
245,9,834.31,350.71,46.74,55.52,0.7596,1,1
245,11,833.95,314.58,85.52,71.17,0.9065,1,1
245,21,16.68,494.42,25.16,32.31,0.3145,1,1
246,1,0.99,419.42,34.83,48.95,0.7962,1,1
246,2,103.38,571.62,17.60,31.70,0.8248,1,1
246,3,5.27,444.43,40.18,47.90,0.7579,1,1
246,9,824.01,356.67,44.15,52.63,0.7847,1,1
246,11,824.22,319.60,87.68,72.76,0.9117,1,1
246,21,16.94,494.76,24.82,31.79,0.2617,1,1
247,1,1.17,421.10,35.85,48.19,0.8004,1,1
247,2,103.41,571.65,17.58,31.66,0.8257,1,1
247,3,6.09,445.43,39.58,47.85,0.7795,1,1
247,9,815.07,359.20,46.63,55.87,0.7979,1,1
247,11,815.31,323.55,87.59,71.65,0.9018,1,1
247,21,17.22,494.97,24.57,31.27,0.2569,1,1
247,30,845.44,586.72,28.57,43.19,0.8229,1,1
248,1,1.24,422.13,36.71,46.93,0.8091,1,1
248,2,103.42,571.69,17.55,31.59,0.8256,1,1
248,3,6.98,447.59,38.26,45.94,0.7986,1,1
248,9,807.21,363.97,44.95,53.87,0.8276,1,1
248,11,807.28,327.00,88.39,72.13,0.9155,1,1
248,30,839.24,589.61,29.14,44.43,0.8525,1,1
249,1,0.76,422.42,37.91,47.09,0.8124,1,1
249,2,103.49,571.69,17.53,31.55,0.8245,1,1
249,3,7.33,448.35,38.35,45.51,0.8064,1,1
249,9,796.69,368.26,43.47,53.11,0.7743,1,1
249,11,798.43,331.42,89.17,72.60,0.9226,1,1
249,30,836.40,590.74,30.06,47.73,0.8121,1,1
250,1,0.46,422.42,38.54,47.10,0.8124,1,1
250,2,103.50,571.68,17.53,31.55,0.8245,1,1
250,3,7.24,448.37,38.59,45.50,0.8064,1,1
250,9,796.54,368.43,42.82,53.07,0.7744,1,1
250,11,798.36,331.44,89.23,72.61,0.9226,1,1
250,30,836.74,590.75,29.30,47.83,0.8122,1,1
251,1,0.24,422.79,39.35,47.70,0.8124,1,1
251,2,103.55,571.88,17.49,31.56,0.8186,1,1
251,3,7.37,448.57,39.52,46.87,0.8068,1,1
251,9,790.54,372.00,44.95,54.33,0.7741,1,1
251,11,792.15,336.70,88.38,71.43,0.9162,1,1
251,30,836.88,599.02,28.71,49.70,0.8218,1,1
252,1,0.33,422.75,39.41,47.17,0.8175,1,1
252,2,103.57,571.83,17.49,31.60,0.8191,1,1
252,3,7.82,449.93,39.05,46.21,0.8090,1,1
252,9,782.53,379.78,44.01,52.30,0.7764,1,1
252,11,782.25,341.35,89.85,71.02,0.9100,1,1
252,30,843.50,607.63,26.29,45.98,0.8423,1,1
253,1,0.09,422.70,39.60,47.26,0.8192,1,1
253,2,103.61,571.89,17.50,31.58,0.8177,1,1
253,3,7.86,450.09,39.41,46.68,0.8143,1,1
253,9,774.76,381.99,49.08,58.48,0.7376,1,1
253,11,772.95,345.11,92.89,75.56,0.9153,1,1
253,30,853.01,610.29,25.97,46.49,0.8305,1,1
254,1,0.09,422.71,39.64,47.16,0.8223,1,1
254,2,103.66,571.98,17.44,31.45,0.8175,1,1
254,3,7.93,449.95,39.49,46.93,0.8204,1,1
254,9,765.81,388.96,45.51,54.34,0.7897,1,1
254,11,766.05,350.42,91.71,74.43,0.9147,1,1
254,21,20.84,498.28,24.07,31.07,0.3059,1,1
254,30,860.72,613.56,24.77,44.64,0.5714,1,1
255,1,0.12,422.69,39.73,47.05,0.8224,1,1
255,2,103.67,571.97,17.42,31.44,0.8162,1,1
255,3,7.73,449.71,39.63,47.43,0.8164,1,1
255,9,756.86,395.56,44.89,55.33,0.7527,1,1
255,11,758.13,359.23,90.91,71.41,0.9056,1,1
255,21,21.38,498.83,23.42,30.94,0.6139,1,1
255,30,872.31,618.77,22.27,38.52,0.6864,1,1
256,1,0.08,422.70,39.83,47.06,0.8221,1,1
256,2,103.68,571.95,17.42,31.44,0.8168,1,1
256,3,7.80,449.72,39.49,47.47,0.8163,1,1
256,9,756.90,395.89,43.92,55.39,0.7518,1,1
256,11,757.52,359.31,92.03,71.41,0.9055,1,1
256,21,21.55,498.87,23.17,30.86,0.6054,1,1
256,30,872.87,619.08,22.74,38.12,0.6802,1,1
257,1,-0.02,422.68,39.90,47.20,0.8233,1,1
257,2,103.76,571.94,17.34,31.36,0.8115,1,1
257,3,7.82,449.57,39.36,47.58,0.8185,1,1
257,9,751.15,403.48,43.61,55.34,0.6439,1,1
257,11,750.81,363.50,92.87,72.60,0.9176,1,1
257,21,21.47,500.22,22.42,29.85,0.6247,1,1
257,30,879.84,619.38,24.11,37.58,0.8115,1,1
258,1,0.03,422.83,39.91,47.17,0.8228,1,1
258,2,103.80,571.97,17.30,31.32,0.8106,1,1
258,3,7.84,449.47,39.44,47.89,0.8184,1,1
258,9,744.08,408.83,46.20,58.08,0.7107,1,1
258,11,744.56,372.89,93.28,74.14,0.9070,1,1
258,21,21.33,501.75,22.09,29.17,0.7074,1,1
258,30,885.72,619.70,25.19,36.57,0.7113,1,1
259,1,0.29,422.95,39.65,46.34,0.8206,1,1
259,2,103.81,572.02,17.27,31.20,0.8109,1,1
259,3,8.16,448.19,39.66,49.26,0.8185,1,1
259,9,736.77,417.89,42.71,54.61,0.7976,1,1
259,11,737.45,377.42,93.61,76.03,0.9162,1,1
259,21,22.35,503.72,20.01,26.03,0.5302,1,1
259,23,9.15,560.16,20.42,31.22,0.3246,1,1
259,30,887.31,620.77,29.09,32.76,0.8595,1,1
260,1,0.06,421.82,40.45,47.19,0.8175,1,1
260,2,103.85,572.06,17.26,31.12,0.8120,1,1
260,3,8.65,445.76,40.62,52.73,0.8291,1,1
260,9,728.41,424.96,42.08,54.58,0.7543,1,1
260,11,730.79,386.86,93.72,74.73,0.9038,1,1
260,21,22.34,507.12,20.98,27.26,0.3545,1,1
260,23,8.13,563.26,20.31,30.59,0.3902,1,1
260,30,889.83,623.56,26.20,29.11,0.2859,1,1
260,36,650.78,592.18,24.59,39.03,0.8687,1,1
261,1,-0.18,420.77,40.85,47.98,0.8123,1,1
261,2,103.92,571.90,17.25,31.14,0.8119,1,1
261,3,8.68,444.99,39.92,51.42,0.8168,1,1
261,9,722.49,432.53,41.96,55.38,0.7142,1,1
261,11,724.34,392.42,95.94,75.31,0.9211,1,1
261,21,25.78,511.34,20.70,27.94,0.6630,1,1
261,36,647.08,600.67,22.82,38.08,0.8656,1,1
262,1,-0.10,420.73,40.71,48.01,0.8122,1,1
262,2,103.91,571.92,17.24,31.13,0.8127,1,1
262,3,8.64,444.97,40.03,51.31,0.8165,1,1
262,9,722.45,433.14,41.35,55.25,0.7182,1,1
262,11,724.02,392.43,96.44,75.33,0.9214,1,1
262,21,26.34,511.49,20.26,28.05,0.6738,1,1
262,36,647.31,600.78,22.25,38.06,0.8656,1,1
263,1,-0.55,419.02,41.00,49.27,0.8038,1,1
263,2,103.79,571.90,17.36,31.34,0.8157,1,1
263,3,8.15,443.26,40.54,51.54,0.8138,1,1
263,9,719.43,438.39,42.71,55.97,0.7510,1,1
263,11,718.50,398.21,96.69,76.96,0.9081,1,1
263,21,30.35,520.96,18.99,26.54,0.6785,1,1
263,36,646.84,601.94,22.54,38.77,0.8708,1,1
264,1,-0.76,417.75,40.98,50.49,0.7979,1,1
264,2,103.55,571.87,17.60,31.53,0.8181,1,1
264,3,7.39,442.57,41.46,53.06,0.8077,1,1
264,9,711.27,443.76,42.16,54.96,0.7957,1,1
264,11,712.67,402.89,96.52,77.03,0.9145,1,1
264,36,648.26,605.46,21.52,36.76,0.8713,1,1
265,1,-0.44,416.95,40.39,50.49,0.7896,1,1
265,2,103.40,571.31,17.98,31.93,0.8241,1,1
265,3,7.46,441.11,41.31,52.97,0.7959,1,1
265,9,705.97,448.73,43.64,55.27,0.8060,1,1
265,11,706.72,406.53,96.56,78.23,0.9170,1,1
265,36,648.36,607.93,22.55,39.70,0.8567,1,1
266,1,-0.72,416.47,40.95,52.32,0.7781,1,1
266,2,102.96,570.92,18.64,32.98,0.8068,1,1
266,3,6.90,440.30,41.53,53.56,0.7868,1,1
266,9,699.08,455.24,43.28,54.82,0.6904,1,1
266,11,698.95,412.46,98.38,78.99,0.9131,1,1
266,36,647.77,612.52,22.92,42.69,0.8488,1,1
267,1,-0.60,416.58,40.63,52.87,0.7715,1,1
267,2,103.44,570.79,18.47,32.52,0.7693,1,1
267,3,7.37,440.13,40.65,52.70,0.7807,1,1
267,9,691.49,460.56,44.37,55.43,0.7501,1,1
267,11,692.29,418.56,99.29,79.61,0.9309,1,1
267,36,646.08,620.41,23.10,43.25,0.8462,1,1
268,1,-0.34,416.58,40.13,52.89,0.7716,1,1
268,2,103.46,570.77,18.52,32.50,0.7691,1,1
268,3,7.47,440.12,40.49,52.67,0.7806,1,1
268,9,690.94,460.81,44.80,55.46,0.7491,1,1
268,11,692.26,418.59,99.31,79.61,0.9309,1,1
268,36,646.03,620.65,23.05,43.19,0.8470,1,1
268,37,48.92,575.35,35.30,25.72,0.8655,1,1
269,1,-0.37,416.28,39.23,52.44,0.7769,1,1
269,2,103.32,570.73,18.49,32.44,0.7716,1,1
269,3,6.66,439.67,40.38,52.60,0.7754,1,1
269,9,682.72,466.86,44.34,54.24,0.7400,1,1
269,11,683.30,422.47,101.57,83.23,0.9144,1,1
269,36,640.81,625.25,23.92,46.62,0.8611,1,1
269,37,49.61,581.50,34.16,24.81,0.8091,1,1
270,1,-0.56,416.11,38.86,52.93,0.7700,1,1
270,2,103.29,570.99,18.40,32.31,0.7882,1,1
270,3,6.21,438.30,40.30,52.76,0.7766,1,1
270,9,675.61,469.83,46.02,55.81,0.7407,1,1
270,11,677.07,429.78,100.25,78.94,0.9112,1,1
270,36,636.36,628.87,23.67,48.05,0.8089,1,1
270,37,50.02,582.99,32.86,24.11,0.7650,1,1
271,1,-0.93,416.01,39.01,54.46,0.7496,1,1
271,2,103.46,571.18,18.25,31.98,0.7740,1,1
271,3,5.44,436.36,39.56,51.51,0.7678,1,1
271,9,668.45,480.15,43.31,51.49,0.7043,1,1
271,11,666.90,433.22,102.06,80.97,0.9156,1,1
271,36,632.80,634.94,22.05,44.00,0.8708,1,1
271,37,48.13,582.71,32.42,23.50,0.7362,1,1
272,1,-0.96,415.82,37.54,53.87,0.7532,1,1
272,2,103.55,571.13,18.30,31.94,0.7713,1,1
272,3,4.88,435.37,38.50,49.66,0.7516,1,1
272,9,659.19,484.97,44.88,53.55,0.5188,1,1
272,11,658.88,438.45,103.26,83.35,0.9123,1,1
272,36,631.34,636.73,21.75,39.60,0.8804,1,1
272,37,47.05,582.60,32.56,23.57,0.7403,1,1
273,1,-0.14,414.96,35.10,50.60,0.7550,1,1
273,2,103.53,570.98,18.45,32.14,0.7696,1,1
273,3,4.23,435.02,38.28,48.88,0.7465,1,1
273,9,654.56,498.12,42.40,49.19,0.4477,1,1
273,11,651.41,445.99,102.83,81.99,0.9186,1,1
273,36,631.91,633.91,22.86,37.91,0.8822,1,1
273,37,45.16,582.37,32.72,23.18,0.7609,1,1
274,1,-0.26,414.93,35.36,51.50,0.7540,1,1
274,2,103.53,570.99,18.46,32.10,0.7704,1,1
274,3,4.32,435.12,38.40,48.81,0.7497,1,1
274,9,653.55,500.54,42.78,48.30,0.4474,1,1
274,11,651.18,446.02,103.20,81.99,0.9186,1,1
274,36,631.53,633.93,23.69,37.80,0.8822,1,1
274,37,44.88,582.33,33.17,23.18,0.7615,1,1
275,1,-0.17,414.70,34.79,50.98,0.7542,1,1
275,2,103.54,571.14,18.42,31.96,0.7750,1,1
275,3,3.67,435.05,38.89,49.61,0.7461,1,1
275,9,644.35,506.79,43.77,47.96,0.7225,1,1
275,11,640.38,454.25,106.75,84.22,0.9007,1,1
275,37,44.61,582.49,33.30,23.06,0.7430,1,1
276,1,0.21,414.29,32.82,47.80,0.7508,1,1
276,2,103.51,571.09,18.44,31.95,0.7746,1,1
276,3,2.97,434.86,38.85,49.84,0.7593,1,1
276,9,634.20,511.77,45.57,49.42,0.2962,1,1
276,11,630.99,460.38,104.57,85.67,0.9212,1,1
276,37,44.64,582.39,33.43,23.06,0.7447,1,1
277,1,0.47,413.46,31.55,45.28,0.7521,1,1
277,2,103.45,570.98,18.53,32.05,0.7747,1,1
277,3,2.78,434.76,38.29,49.56,0.7546,1,1
277,9,619.82,516.43,48.65,52.67,0.3683,1,1
277,11,619.97,467.75,105.37,85.37,0.9082,1,1
277,37,44.73,582.34,33.46,23.01,0.7316,1,1
278,1,0.26,412.90,31.60,44.95,0.7620,1,1
278,2,103.30,570.96,18.59,32.23,0.7787,1,1
278,3,2.63,435.26,37.31,48.55,0.7466,1,1
278,11,609.50,474.88,105.78,85.07,0.9069,1,1
278,37,44.59,582.30,33.59,23.04,0.7235,1,1
279,1,0.21,412.06,31.21,44.08,0.7572,1,1
279,2,103.32,570.92,18.57,32.25,0.7773,1,1
279,3,2.11,435.09,37.58,49.26,0.7522,1,1
279,9,592.96,527.17,47.37,52.95,0.5405,1,1
279,11,596.33,479.49,106.98,88.95,0.9059,1,1
279,37,44.68,581.73,33.90,23.35,0.7306,1,1
280,1,0.17,412.00,31.33,44.06,0.7572,1,1
280,2,103.35,570.91,18.56,32.24,0.7774,1,1
280,3,2.20,435.07,37.42,49.29,0.7521,1,1
280,9,591.60,527.88,46.23,52.92,0.5405,1,1
280,11,596.87,479.53,105.69,88.99,0.9060,1,1
280,37,44.77,581.68,33.82,23.37,0.7301,1,1
280,45,627.32,788.63,28.94,42.36,0.8696,1,1
281,1,-0.29,411.27,32.52,46.17,0.7596,1,1
281,2,103.26,570.76,18.65,32.46,0.7756,1,1
281,3,2.19,434.57,36.94,48.77,0.7468,1,1
281,9,581.27,531.85,45.58,51.77,0.4856,1,1
281,11,583.58,483.76,106.58,88.51,0.8979,1,1
281,37,45.13,581.22,33.81,23.72,0.7899,1,1
281,45,623.23,793.30,29.09,42.76,0.8396,1,1
282,1,-0.24,410.66,31.75,45.46,0.7660,1,1
282,2,103.21,570.62,18.71,32.58,0.7789,1,1
282,3,1.53,434.48,37.00,49.03,0.7413,1,1
282,9,569.70,536.63,45.79,51.75,0.4663,1,1
282,11,570.57,488.83,109.43,88.59,0.9088,1,1
282,37,45.40,580.40,33.45,23.91,0.8266,1,1
282,45,623.57,794.64,30.41,47.82,0.8341,1,1
283,1,0.11,410.36,31.29,44.58,0.7759,1,1
283,2,103.20,570.54,18.72,32.55,0.7820,1,1
283,3,1.66,435.05,36.43,48.23,0.7320,1,1
283,11,557.00,493.64,111.88,89.04,0.9014,1,1
283,37,44.50,579.39,33.48,24.44,0.8579,1,1
283,45,628.91,799.26,27.32,46.75,0.8552,1,1
284,1,0.50,410.53,31.80,44.33,0.7952,1,1
284,2,103.11,570.31,18.84,32.90,0.7899,1,1
284,3,1.78,437.66,35.70,46.97,0.7363,1,1
284,11,545.80,500.00,111.77,88.13,0.9106,1,1
284,37,42.68,578.53,34.11,24.97,0.8627,1,1
284,45,631.82,807.28,27.29,48.30,0.8462,1,1
285,1,-0.16,410.68,33.43,46.95,0.8045,1,1
285,2,102.88,570.25,18.97,33.34,0.8020,1,1
285,3,1.99,440.83,34.90,45.14,0.7207,1,1
285,11,533.21,505.68,113.26,91.07,0.9023,1,1
285,37,39.80,577.78,33.47,24.38,0.8552,1,1
285,45,636.70,807.25,29.46,52.49,0.8748,1,1
286,1,-0.10,410.68,33.34,47.05,0.8046,1,1
286,2,102.92,570.24,18.89,33.34,0.8028,1,1
286,3,1.84,441.03,35.22,45.02,0.7207,1,1
286,11,533.53,505.72,112.40,91.10,0.9023,1,1
286,37,39.70,577.77,33.54,24.36,0.8552,1,1
286,45,636.82,807.25,29.42,52.55,0.8747,1,1
287,1,-0.25,411.64,34.18,48.73,0.8069,1,1
287,2,102.90,570.17,18.85,33.31,0.8109,1,1
287,3,2.63,445.13,34.54,42.56,0.7476,1,1
287,11,522.35,513.23,113.01,87.18,0.9062,1,1
287,37,37.81,577.57,32.77,23.85,0.8187,1,1
287,45,643.21,808.67,31.11,53.09,0.8202,1,1
288,1,0.33,412.33,34.02,47.79,0.8111,1,1
288,2,102.84,569.94,18.85,33.35,0.8156,1,1
288,3,3.04,447.49,34.43,40.63,0.7567,1,1
288,11,509.76,519.68,114.41,90.88,0.9097,1,1
288,37,34.80,576.49,31.58,23.46,0.7911,1,1
288,45,648.35,810.52,31.71,48.24,0.8595,1,1
289,1,0.39,412.48,34.36,47.51,0.8094,1,1
289,2,102.93,570.03,18.86,33.16,0.8205,1,1
289,3,2.90,448.02,35.11,39.97,0.7599,1,1
289,11,497.24,528.94,115.44,88.42,0.9028,1,1
289,37,32.94,575.54,30.07,23.27,0.8003,1,1
289,45,654.90,813.57,30.23,44.72,0.6097,1,1
290,1,0.20,412.52,34.72,47.63,0.8101,1,1
290,2,102.94,570.02,18.95,33.06,0.8259,1,1
290,3,2.68,447.39,36.02,40.19,0.7574,1,1
290,11,485.86,536.79,118.10,91.81,0.8992,1,1
290,37,30.85,575.23,29.44,23.22,0.7070,1,1
291,1,-0.36,411.70,35.29,49.15,0.8105,1,1
291,2,102.94,569.99,19.01,32.98,0.8265,1,1
291,3,1.90,445.95,37.21,41.11,0.7532,1,1
291,11,476.85,545.84,116.57,92.01,0.9016,1,1
291,37,29.71,576.77,28.65,22.41,0.6595,1,1
292,1,-0.22,411.67,35.01,49.19,0.8106,1,1
292,2,102.91,570.01,19.08,32.99,0.8276,1,1
292,3,1.76,445.86,37.51,41.16,0.7532,1,1
292,11,477.09,545.92,115.88,92.00,0.9015,1,1
292,37,29.52,576.92,28.72,22.32,0.6381,1,1
293,1,0.00,411.21,34.58,48.57,0.8115,1,1
293,2,102.84,569.92,19.19,33.04,0.8270,1,1
293,3,1.93,445.40,37.50,40.93,0.7609,1,1
293,11,466.56,556.78,117.38,94.05,0.8996,1,1
293,37,31.47,577.62,28.37,22.11,0.7139,1,1
294,1,0.12,411.29,34.21,47.79,0.8129,1,1
294,2,102.86,569.70,19.20,33.09,0.8139,1,1
294,3,2.07,445.47,37.35,40.59,0.7578,1,1
294,11,457.26,567.33,117.78,93.73,0.9044,1,1
294,37,34.24,579.09,29.20,22.02,0.7983,1,1
295,1,0.07,411.25,34.30,47.79,0.8126,1,1
295,2,102.86,569.71,19.12,33.08,0.8111,1,1
295,3,2.41,445.49,37.51,40.79,0.7498,1,1
295,11,447.93,577.51,118.94,96.80,0.9004,1,1
295,37,35.96,580.13,30.30,22.64,0.6669,1,1
296,1,0.39,412.14,34.09,46.70,0.8146,1,1
296,2,102.94,569.85,18.94,32.80,0.8087,1,1
296,3,2.68,444.90,37.94,41.31,0.7553,1,1
296,11,437.51,586.63,120.02,98.34,0.8934,1,1
296,37,36.64,580.76,32.83,24.27,0.5439,1,1
297,1,1.01,413.04,34.69,45.92,0.8039,1,1
297,2,103.09,570.11,18.80,32.56,0.8000,1,1
297,3,3.29,446.04,37.75,40.89,0.7574,1,1
297,11,428.17,595.02,120.08,97.55,0.9093,1,1
297,37,36.37,580.87,32.93,24.12,0.3378,1,1
298,1,0.70,413.06,35.39,45.90,0.8039,1,1
298,2,103.10,570.10,18.80,32.56,0.8000,1,1
298,3,3.28,446.08,37.86,40.87,0.7576,1,1
298,11,427.94,595.08,120.41,97.55,0.9093,1,1
298,37,36.24,580.83,33.19,24.08,0.3376,1,1
299,1,0.88,413.72,36.45,45.97,0.8073,1,1
299,2,103.05,570.23,18.86,32.69,0.8014,1,1
299,3,3.64,446.20,37.92,40.75,0.7613,1,1
299,11,419.50,601.48,120.11,98.90,0.9058,1,1
299,37,35.87,580.71,32.93,23.61,0.4265,1,1
299,54,405.84,818.16,26.94,52.78,0.5020,1,1
300,1,0.74,413.64,37.54,46.32,0.8100,1,1
300,2,103.12,570.23,18.77,32.59,0.8020,1,1
300,3,4.21,447.45,37.43,39.68,0.7671,1,1
300,11,408.46,609.86,122.34,101.06,0.8980,1,1
300,37,35.43,580.85,34.18,24.34,0.3905,1,1
300,54,410.61,827.23,23.66,46.03,0.5238,1,1
301,1,0.80,414.77,37.26,44.61,0.8151,1,1
301,2,103.17,570.10,18.53,32.06,0.8181,1,1
301,3,5.05,449.82,37.20,38.57,0.7691,1,1
301,11,398.81,617.15,121.33,101.28,0.9067,1,1
301,37,35.32,581.07,34.93,25.05,0.5396,1,1
301,54,415.57,829.63,24.21,48.65,0.8283,1,1
302,1,0.46,413.87,38.49,45.54,0.8291,1,1
302,2,103.16,570.19,18.64,32.19,0.8211,1,1
302,3,5.80,451.15,36.66,36.89,0.7723,1,1
302,11,389.08,625.30,120.86,100.52,0.9088,1,1
302,37,34.73,581.12,35.01,25.69,0.5178,1,1
303,1,0.36,414.18,39.02,45.79,0.8366,1,1
303,2,103.35,570.21,18.71,32.09,0.8162,1,1
303,3,5.77,452.03,37.11,36.50,0.7730,1,1
303,11,374.55,631.92,125.15,102.57,0.9089,1,1
304,1,0.29,414.21,39.18,45.77,0.8364,1,1
304,2,103.34,570.21,18.80,32.10,0.8153,1,1
304,3,5.52,452.05,37.63,36.47,0.7729,1,1
304,11,374.14,631.96,125.83,102.58,0.9087,1,1
305,1,0.48,414.94,39.84,45.84,0.8388,1,1
305,2,103.36,570.39,18.91,32.14,0.8129,1,1
305,3,5.74,454.88,37.21,34.57,0.7653,1,1
305,11,364.70,641.54,124.07,101.17,0.9036,1,1
306,1,0.44,416.26,40.58,45.86,0.8475,1,1
306,2,103.38,570.46,18.91,32.15,0.8134,1,1
306,3,6.30,457.81,37.47,33.31,0.7588,1,1
306,11,351.51,647.50,125.66,107.26,0.9110,1,1
307,1,0.22,416.87,41.64,46.68,0.8590,1,1
307,2,103.38,570.42,18.93,32.18,0.8152,1,1
307,3,6.74,459.25,37.89,32.49,0.7530,1,1
307,11,340.07,655.86,124.54,106.09,0.9144,1,1
308,1,0.29,417.32,42.47,47.06,0.8616,1,1
308,2,103.32,570.32,18.92,32.22,0.8168,1,1
308,3,7.14,459.74,38.99,33.10,0.7713,1,1
308,11,327.92,666.40,123.71,105.74,0.9037,1,1
309,1,0.32,417.88,42.89,46.85,0.8666,1,1
309,2,103.42,570.23,18.93,32.14,0.8145,1,1
309,3,6.70,460.22,40.41,34.43,0.7658,1,1
309,11,312.66,674.89,126.60,110.75,0.9045,1,1
310,1,0.19,417.88,43.18,46.85,0.8665,1,1
310,2,103.43,570.23,18.94,32.10,0.8149,1,1
310,3,6.75,460.22,40.43,34.51,0.7656,1,1
310,11,313.05,674.94,125.58,110.81,0.9045,1,1
311,1,-0.11,417.99,43.60,47.69,0.8650,1,1
311,2,103.44,570.23,18.90,32.04,0.8120,1,1
311,3,7.19,460.48,40.87,35.29,0.7721,1,1
311,11,300.55,682.79,124.44,110.13,0.9107,1,1
312,1,0.04,418.46,43.60,47.72,0.8672,1,1
312,2,103.46,570.24,18.92,31.95,0.8119,1,1
312,3,7.66,461.07,40.29,34.88,0.7756,1,1
312,11,287.86,691.12,125.45,109.19,0.9066,1,1
313,1,0.05,419.06,43.88,47.98,0.8665,1,1
313,2,103.38,570.20,18.96,31.95,0.8153,1,1
313,3,7.74,461.75,40.33,35.30,0.7839,1,1
313,11,276.16,698.44,123.70,109.40,0.9124,1,1
314,1,-0.03,419.17,44.14,48.41,0.8648,1,1
314,2,103.35,570.10,19.01,32.01,0.8160,1,1
314,3,8.09,462.06,39.58,34.56,0.7724,1,1
314,11,258.39,703.22,123.99,112.22,0.9012,1,1
315,1,0.17,419.76,44.01,47.93,0.8625,1,1
315,2,103.36,570.07,19.04,32.08,0.8157,1,1
315,3,7.96,461.90,40.33,35.75,0.7847,1,1
315,11,243.40,707.29,123.64,111.77,0.9038,1,1
316,1,0.10,419.75,44.17,47.96,0.8627,1,1
316,2,103.37,570.07,19.03,32.07,0.8153,1,1
316,3,8.19,461.89,40.02,35.81,0.7842,1,1
316,11,243.25,707.34,123.68,111.74,0.9037,1,1
317,1,0.00,419.68,44.39,48.24,0.8639,1,1
317,2,103.33,570.11,19.11,32.28,0.8148,1,1
317,3,8.06,462.33,39.74,35.48,0.7831,1,1
317,11,227.03,711.03,125.51,114.78,0.9034,1,1
318,1,-0.08,419.58,44.45,48.53,0.8622,1,1
318,2,103.34,570.17,19.05,32.26,0.8124,1,1
318,3,8.07,462.33,39.90,35.68,0.7854,1,1
318,11,213.60,717.19,121.35,111.18,0.8992,1,1
319,1,-0.03,419.47,44.39,48.57,0.8623,1,1
319,2,103.39,570.22,18.97,32.16,0.8119,1,1
319,3,8.01,462.42,40.00,35.90,0.7849,1,1
319,11,198.77,725.40,120.56,107.08,0.8978,1,1
320,1,0.00,419.45,44.34,48.55,0.8629,1,1
320,2,103.39,570.20,18.95,32.08,0.8142,1,1
320,3,7.97,462.56,40.08,35.91,0.7857,1,1
320,11,184.45,731.61,120.34,109.74,0.9111,1,1
321,1,-0.01,419.36,44.36,48.66,0.8637,1,1
321,2,103.37,570.26,18.96,32.02,0.8150,1,1
321,3,8.00,462.53,39.96,35.72,0.7884,1,1
321,11,170.73,738.01,117.16,106.93,0.9133,1,1
322,1,0.01,419.37,44.33,48.67,0.8634,1,1
322,2,103.36,570.25,18.98,32.03,0.8147,1,1
322,3,7.98,462.52,40.03,35.77,0.7878,1,1
322,11,170.62,738.04,117.16,106.93,0.9131,1,1
323,1,0.01,419.31,44.32,48.69,0.8629,1,1
323,2,103.33,570.27,19.03,31.99,0.8140,1,1
323,3,8.04,462.38,39.98,35.64,0.7876,1,1
323,11,157.11,745.98,115.70,105.95,0.9068,1,1
324,1,0.05,419.33,44.22,48.53,0.8634,1,1
324,2,103.31,570.21,19.08,32.07,0.8129,1,1
324,3,7.97,462.03,40.11,35.90,0.7906,1,1
324,11,144.78,751.54,114.57,106.14,0.9072,1,1
325,1,-0.01,419.08,44.25,48.67,0.8644,1,1
325,2,103.31,570.18,19.09,32.03,0.8137,1,1
325,3,7.96,461.77,40.16,36.11,0.7916,1,1
325,11,132.20,759.62,113.31,105.79,0.9090,1,1
326,1,0.23,419.21,43.78,47.66,0.8680,1,1
326,2,103.31,570.12,19.15,32.17,0.8141,1,1
326,3,7.84,460.43,40.58,37.12,0.7945,1,1
326,11,120.76,767.64,113.40,106.38,0.9060,1,1
327,1,0.14,418.79,43.89,47.57,0.8689,1,1
327,2,103.33,570.13,19.12,32.22,0.8120,1,1
327,3,7.89,460.17,40.32,37.25,0.8019,1,1
327,11,109.18,774.79,113.34,108.12,0.9039,1,1
328,1,0.10,418.79,43.98,47.56,0.8690,1,1
328,2,103.35,570.13,19.10,32.21,0.8118,1,1
328,3,7.94,460.18,40.15,37.34,0.8024,1,1
328,11,109.40,774.83,112.67,108.16,0.9039,1,1
329,1,0.18,418.39,43.77,47.04,0.8690,1,1
329,2,103.36,570.23,19.04,32.18,0.8091,1,1
329,3,7.60,460.23,40.14,36.75,0.8069,1,1
329,11,100.11,783.64,108.33,106.52,0.9166,1,1
330,1,0.31,418.26,42.98,45.66,0.8612,1,1
330,2,103.34,570.24,19.02,32.26,0.8074,1,1
330,3,6.97,459.66,40.84,37.08,0.7968,1,1
330,11,87.36,788.57,107.80,109.21,0.9051,1,1
331,1,0.39,417.82,42.83,44.85,0.8547,1,1
331,2,103.39,570.29,18.94,32.25,0.8068,1,1
331,3,6.30,458.28,41.66,37.98,0.7863,1,1
331,11,74.57,794.02,108.29,110.14,0.9061,1,1
332,1,0.28,417.31,42.36,44.03,0.8420,1,1
332,2,103.41,570.29,18.88,32.25,0.8086,1,1
332,3,5.41,454.85,42.73,40.16,0.7691,1,1
332,11,62.36,798.40,106.32,109.07,0.9060,1,1
333,1,-0.06,416.83,42.17,44.06,0.8256,1,1
333,2,103.46,570.33,18.85,32.19,0.8090,1,1
333,3,4.86,451.83,43.37,42.62,0.7721,1,1
333,11,49.42,800.94,107.05,111.14,0.8955,1,1
334,1,0.00,416.82,42.02,44.04,0.8254,1,1
334,2,103.46,570.33,18.84,32.18,0.8093,1,1
334,3,5.46,451.69,42.17,42.73,0.7720,1,1
334,11,49.57,800.96,106.53,111.17,0.8954,1,1
335,1,0.08,416.60,40.88,42.89,0.8147,1,1
335,2,103.42,570.40,18.95,32.32,0.8101,1,1
335,3,5.30,449.84,42.02,44.15,0.7740,1,1
335,11,40.53,804.57,102.77,110.98,0.8940,1,1
336,1,-0.03,415.95,40.73,42.89,0.8105,1,1
336,2,103.40,570.39,18.96,32.22,0.8092,1,1
336,3,4.75,449.21,40.92,43.88,0.7713,1,1
336,11,31.73,805.95,100.76,113.76,0.9119,1,1
337,1,-0.21,415.29,40.99,43.58,0.8137,1,1
337,2,103.44,570.47,18.95,32.13,0.8078,1,1
337,3,4.64,449.49,40.44,43.86,0.7655,1,1
337,11,22.93,806.14,98.05,115.93,0.9144,1,1
338,1,-0.23,415.39,40.44,43.40,0.8098,1,1
338,2,103.30,570.50,19.09,32.25,0.8093,1,1
338,3,3.94,448.16,41.19,45.63,0.7721,1,1
338,11,16.15,810.62,93.40,113.46,0.9153,1,1
339,1,-0.39,415.23,40.48,44.07,0.8028,1,1
339,2,103.29,570.72,19.02,32.08,0.8140,1,1
339,3,3.63,448.21,40.27,45.02,0.7707,1,1
339,11,5.36,814.33,91.18,111.46,0.9090,1,1
340,1,-0.20,415.26,40.11,44.05,0.8026,1,1
340,2,103.28,570.73,19.04,32.08,0.8141,1,1
340,3,3.74,448.23,39.98,44.96,0.7709,1,1
340,11,5.39,814.35,90.95,111.45,0.9089,1,1
340,55,38.67,576.28,28.16,23.27,0.6276,1,1
341,1,-0.23,415.04,39.93,44.27,0.7988,1,1
341,2,103.21,570.75,19.08,32.04,0.8157,1,1
341,3,3.84,448.28,39.53,44.64,0.7677,1,1
341,11,-0.83,817.00,89.80,113.49,0.9055,1,1
341,55,38.29,566.46,30.70,29.04,0.7927,1,1
342,1,-0.87,414.77,40.66,46.42,0.7975,1,1
342,2,103.10,570.69,19.17,32.10,0.8251,1,1
342,3,3.71,448.55,38.86,43.48,0.7631,1,1
342,11,-2.66,816.88,83.78,115.88,0.8980,1,1
342,55,35.93,561.24,30.62,29.71,0.6672,1,1
343,1,-0.68,414.73,40.18,47.01,0.8039,1,1
343,2,103.16,570.61,19.19,32.04,0.8252,1,1
343,3,3.35,449.14,38.75,42.86,0.7687,1,1
343,11,-3.92,814.45,77.69,121.50,0.8882,1,1
343,55,36.06,551.38,29.97,29.79,0.5611,1,1
344,1,-0.47,414.86,39.29,46.76,0.8033,1,1
344,2,103.17,570.83,19.02,31.68,0.8254,1,1
344,3,3.31,449.96,38.60,42.33,0.7673,1,1
344,11,-3.60,811.64,70.58,123.20,0.8766,1,1
344,55,33.01,544.23,30.19,31.04,0.5116,1,1
345,1,-0.23,415.66,38.23,45.93,0.8070,1,1
345,2,103.45,571.09,18.74,31.33,0.8187,1,1
345,3,3.15,450.52,38.60,42.16,0.7641,1,1
345,11,-6.45,798.71,67.98,136.05,0.8469,1,1
345,55,33.42,536.78,26.63,27.96,0.5421,1,1
346,1,-0.13,415.66,38.03,45.96,0.8066,1,1
346,2,103.48,571.11,18.68,31.31,0.8185,1,1
346,3,3.11,450.52,38.69,42.14,0.7639,1,1
346,11,-3.66,798.20,62.21,136.56,0.8460,1,1
346,55,33.75,535.75,25.65,27.43,0.5428,1,1
347,1,-0.17,416.02,37.78,45.98,0.8064,1,1
347,2,103.74,571.25,18.43,31.06,0.8074,1,1
347,3,2.97,451.19,38.51,41.97,0.7725,1,1
347,11,-4.71,794.03,57.63,139.29,0.8160,1,1
347,55,30.73,527.27,25.32,27.73,0.5653,1,1
348,1,-0.16,416.11,37.45,45.88,0.8051,1,1
348,2,103.88,571.39,18.27,30.97,0.8050,1,1
348,3,3.25,452.05,38.09,41.77,0.7748,1,1
348,11,-6.94,789.35,52.89,139.47,0.7436,1,1
348,55,28.09,518.97,22.38,28.62,0.8453,1,1
349,1,-0.02,416.59,36.87,45.24,0.8065,1,1
349,2,103.90,571.18,18.25,31.19,0.8028,1,1
349,3,3.05,451.27,38.54,42.75,0.7677,1,1
349,11,-8.58,795.07,48.16,135.47,0.6260,1,1
349,55,26.37,513.19,21.08,28.92,0.7791,1,1
350,1,0.10,417.20,36.14,44.21,0.8080,1,1
350,2,103.91,571.10,18.23,31.42,0.7994,1,1
350,3,2.98,450.95,38.94,43.74,0.7705,1,1
350,11,-9.37,806.60,42.57,126.39,0.5064,1,1
350,55,23.83,507.73,21.23,29.51,0.3674,1,1
351,1,0.30,417.55,35.96,43.51,0.8102,1,1
351,2,103.93,571.03,18.21,31.54,0.8005,1,1
351,3,2.98,450.59,38.57,43.69,0.7707,1,1
352,1,0.21,417.61,36.16,43.45,0.8104,1,1
352,2,103.96,571.00,18.17,31.56,0.8008,1,1
352,3,3.08,450.57,38.35,43.70,0.7707,1,1
353,1,0.38,417.90,35.98,42.65,0.8041,1,1
353,2,103.96,571.04,18.13,31.56,0.8000,1,1
353,3,2.61,452.00,37.93,43.18,0.7828,1,1
354,1,-0.05,418.45,37.02,44.01,0.8038,1,1
354,2,103.97,571.05,18.13,31.61,0.7992,1,1
354,3,2.87,451.56,37.96,43.25,0.7765,1,1
355,1,-0.03,419.07,37.23,44.30,0.8089,1,1
355,2,103.96,571.01,18.13,31.69,0.7998,1,1
355,3,3.08,452.22,37.57,43.12,0.7833,1,1
356,1,-0.12,419.05,37.46,44.77,0.8070,1,1
356,2,103.98,571.08,18.05,31.64,0.7990,1,1
356,3,3.23,452.16,37.39,42.85,0.7762,1,1
357,1,0.12,419.53,37.08,44.09,0.8130,1,1
357,2,104.05,571.09,17.97,31.59,0.7982,1,1
357,3,3.37,451.75,37.72,43.32,0.7679,1,1
358,1,0.07,419.49,37.20,44.13,0.8128,1,1
358,2,104.07,571.09,17.93,31.59,0.7979,1,1
358,3,3.41,451.73,37.68,43.34,0.7678,1,1
359,1,0.14,419.50,37.26,43.96,0.8108,1,1
359,2,104.08,570.96,17.92,31.63,0.7970,1,1
359,3,3.48,451.84,37.65,43.37,0.7672,1,1
360,1,0.01,419.43,37.50,44.24,0.8101,1,1
360,2,104.07,571.02,17.97,31.61,0.7964,1,1
360,3,3.55,452.33,37.73,43.50,0.7748,1,1
361,1,0.04,419.47,37.56,44.25,0.8168,1,1
361,2,104.20,571.11,17.96,31.56,0.7845,1,1
361,3,4.31,452.11,37.44,43.08,0.7584,1,1
362,1,-0.04,419.17,37.76,44.57,0.8161,1,1
362,2,104.21,571.23,17.83,31.21,0.7912,1,1
362,3,4.58,452.05,37.33,42.78,0.7590,1,1
363,1,-0.02,419.15,37.75,44.59,0.8153,1,1
363,2,104.21,571.20,17.87,31.21,0.7897,1,1
363,3,4.11,451.83,38.02,43.46,0.7670,1,1
364,1,0.01,419.16,37.72,44.57,0.8153,1,1
364,2,104.20,571.20,17.90,31.21,0.7893,1,1
364,3,4.06,451.80,38.12,43.51,0.7664,1,1
365,1,-0.30,417.98,38.28,45.75,0.8064,1,1
365,2,104.20,571.26,17.90,31.16,0.7903,1,1
365,3,3.84,451.74,38.72,44.38,0.7855,1,1
366,1,-0.77,417.55,39.23,48.10,0.8002,1,1
366,2,104.18,571.19,17.92,31.20,0.7900,1,1
366,3,3.72,450.47,39.13,45.20,0.7700,1,1
367,1,-0.83,417.03,39.48,49.76,0.7991,1,1
367,2,104.16,571.17,17.93,31.20,0.7918,1,1
367,3,3.93,450.21,38.91,45.15,0.7776,1,1
367,56,24.85,520.09,15.76,25.72,0.3150,1,1
368,1,-0.35,417.09,38.48,49.10,0.7995,1,1
368,2,104.08,571.25,17.93,31.16,0.7957,1,1
368,3,3.77,450.47,38.86,45.28,0.7682,1,1
369,1,-0.08,417.11,38.20,48.92,0.8018,1,1
369,2,103.59,570.92,18.46,31.78,0.8096,1,1
369,3,3.81,450.21,38.72,45.14,0.7593,1,1
370,1,-0.04,417.08,38.10,48.93,0.8023,1,1
370,2,103.53,570.91,18.56,31.78,0.8101,1,1
370,3,3.80,450.12,38.74,45.21,0.7593,1,1
371,1,0.05,416.93,38.01,48.78,0.8025,1,1
371,2,103.26,570.65,18.96,32.20,0.8112,1,1
371,3,3.29,449.23,39.23,45.71,0.7446,1,1
372,1,0.19,416.93,38.17,48.65,0.8189,1,1
372,2,103.16,570.21,19.40,33.18,0.7730,1,1
372,3,4.29,451.80,37.91,42.99,0.7538,1,1
373,1,0.40,418.01,38.40,48.10,0.8292,1,1
373,2,103.30,569.92,19.12,32.88,0.7490,1,1
373,3,4.93,454.40,37.14,40.45,0.7437,1,1
374,1,0.87,419.91,38.46,45.87,0.8491,1,1
374,2,103.13,570.08,18.94,32.66,0.7662,1,1
374,3,6.74,454.97,37.62,39.25,0.7527,1,1
374,58,52.33,584.00,31.82,22.45,0.7779,1,1
375,1,0.28,419.87,39.49,46.52,0.8467,1,1
375,2,103.05,570.14,18.81,32.45,0.7719,1,1
375,3,6.85,455.97,39.06,39.57,0.7754,1,1
375,58,52.66,584.30,32.30,22.65,0.7759,1,1
376,1,0.15,419.88,39.74,46.51,0.8467,1,1
376,2,103.08,570.14,18.79,32.42,0.7700,1,1
376,3,6.54,456.01,39.75,39.57,0.7753,1,1
376,58,52.60,584.28,32.38,22.54,0.7739,1,1
377,1,0.26,420.22,39.98,46.19,0.8543,1,1
377,2,103.03,570.11,18.86,32.52,0.7703,1,1
377,3,6.38,458.35,39.12,37.38,0.7613,1,1
377,58,52.83,584.40,32.44,22.22,0.7662,1,1
378,1,0.15,420.77,40.39,46.32,0.8525,1,1
378,2,102.96,569.86,18.98,32.77,0.7685,1,1
378,3,7.05,458.72,39.80,37.79,0.7667,1,1
378,58,54.13,584.28,33.12,22.60,0.7962,1,1
379,1,0.00,421.32,40.95,46.96,0.8515,1,1
379,2,102.99,569.95,19.00,32.84,0.7691,1,1
379,3,7.41,458.88,39.52,37.42,0.7646,1,1
379,58,54.42,583.55,33.82,22.93,0.8176,1,1
380,1,0.05,421.60,41.07,46.99,0.8514,1,1
380,2,103.09,569.82,19.00,32.79,0.7557,1,1
380,3,7.27,459.32,39.56,37.14,0.7589,1,1
380,58,53.31,582.50,36.41,24.47,0.8341,1,1
381,1,-0.03,421.62,41.49,47.54,0.8545,1,1
381,2,103.20,569.64,19.01,32.50,0.7693,1,1
381,3,7.43,459.42,39.98,37.69,0.7477,1,1
381,58,53.49,581.49,37.94,23.72,0.8437,1,1
382,1,-0.02,421.61,41.44,47.55,0.8543,1,1
382,2,103.16,569.64,19.12,32.48,0.7691,1,1
382,3,7.46,459.44,39.96,37.76,0.7479,1,1
382,58,52.84,581.45,39.26,23.73,0.8438,1,1
383,1,0.05,421.74,41.48,47.49,0.8535,1,1
383,2,103.18,569.42,18.92,31.60,0.7819,1,1
383,3,7.20,459.75,39.90,37.54,0.7464,1,1
383,58,51.66,579.28,40.86,23.93,0.8527,1,1
384,1,0.09,421.67,41.69,47.55,0.8540,1,1
384,2,102.84,569.41,18.98,31.33,0.7865,1,1
384,3,7.40,459.45,40.14,37.59,0.7444,1,1
384,58,52.03,577.53,42.00,24.15,0.8455,1,1
385,1,0.04,421.53,41.92,47.75,0.8538,1,1
385,2,102.81,569.17,18.96,31.23,0.7752,1,1
385,3,7.39,460.01,39.57,36.75,0.7447,1,1
385,58,51.93,576.86,42.30,23.97,0.8470,1,1
386,1,0.21,421.53,42.25,47.66,0.8553,1,1
386,2,102.92,568.23,18.95,31.48,0.7751,1,1
386,3,7.75,459.91,39.85,36.79,0.7470,1,1
386,58,52.77,576.91,41.87,23.57,0.8462,1,1
387,1,0.18,421.54,42.59,47.67,0.8568,1,1
387,2,102.84,568.47,18.87,31.51,0.7882,1,1
387,3,7.79,460.04,40.00,36.74,0.7524,1,1
387,58,53.14,577.30,42.28,23.39,0.8472,1,1
388,1,0.10,421.54,42.75,47.66,0.8569,1,1
388,2,102.87,568.48,18.81,31.50,0.7882,1,1
388,3,7.73,460.04,40.13,36.74,0.7525,1,1
388,58,52.98,577.32,42.63,23.37,0.8476,1,1
389,1,0.02,421.48,43.05,47.97,0.8577,1,1
389,2,102.60,568.84,19.00,31.77,0.7941,1,1
389,3,7.46,459.98,40.57,37.07,0.7525,1,1
389,58,53.02,577.53,42.16,23.18,0.8519,1,1
390,1,0.03,421.38,43.22,48.10,0.8591,1,1
390,2,102.78,569.28,18.80,31.09,0.7930,1,1
390,3,7.28,459.78,40.76,37.21,0.7504,1,1
390,58,53.02,577.58,42.13,23.17,0.8548,1,1
391,1,0.10,421.28,43.48,48.18,0.8614,1,1
391,2,103.13,569.48,18.68,30.62,0.7882,1,1
391,3,7.56,459.66,40.70,37.16,0.7523,1,1
391,58,52.81,577.60,42.46,23.32,0.8546,1,1
392,1,-0.01,420.95,43.93,48.72,0.8623,1,1
392,2,103.13,569.71,18.62,30.17,0.7804,1,1
392,3,7.33,459.69,40.59,37.17,0.7442,1,1
392,58,54.11,577.76,41.11,22.83,0.8622,1,1
393,1,0.12,420.80,44.24,48.79,0.8649,1,1
393,2,103.27,569.50,18.82,30.27,0.7707,1,1
393,3,7.47,459.64,40.48,37.13,0.7449,1,1
393,58,55.28,579.01,39.56,22.53,0.8635,1,1
394,1,0.10,420.83,44.38,48.74,0.8654,1,1
394,2,103.23,569.50,18.92,30.28,0.7710,1,1
394,3,7.49,459.64,40.46,37.14,0.7450,1,1
394,58,55.53,579.04,39.06,22.52,0.8633,1,1
395,1,0.15,420.65,44.85,48.95,0.8664,1,1
395,2,103.03,569.16,19.28,31.09,0.7684,1,1
395,3,7.60,459.20,40.39,37.23,0.7492,1,1
395,58,54.41,581.26,39.22,22.82,0.8249,1,1
396,1,0.21,420.54,44.94,48.62,0.8672,1,1
396,2,102.93,569.01,19.29,31.24,0.7624,1,1
396,3,7.68,458.60,41.01,38.16,0.7632,1,1
396,58,57.05,583.36,37.52,22.83,0.8144,1,1
397,1,0.31,420.59,45.19,48.23,0.8675,1,1
397,2,103.15,568.86,19.13,31.34,0.7584,1,1
397,3,7.87,458.20,40.97,38.56,0.7628,1,1
397,58,58.41,584.84,36.38,23.72,0.7979,1,1
398,1,0.13,420.43,45.58,48.48,0.8671,1,1
398,2,103.33,568.83,18.97,31.37,0.7601,1,1
398,3,7.79,458.01,40.34,38.34,0.7639,1,1
398,58,59.56,586.29,34.02,22.82,0.8011,1,1
399,1,0.09,419.97,45.63,48.45,0.8723,1,1
399,2,103.31,568.89,18.88,31.29,0.7698,1,1
399,3,8.67,457.00,39.70,38.41,0.7737,1,1
399,58,60.59,587.44,31.65,20.79,0.7369,1,1
400,1,0.02,419.78,45.78,48.71,0.8712,1,1
400,2,103.33,568.90,18.85,31.28,0.7703,1,1
400,3,8.85,456.95,39.32,38.47,0.7732,1,1
400,58,60.41,587.51,31.98,20.66,0.7365,1,1
401,1,0.03,419.56,45.90,48.94,0.8697,1,1
401,2,103.53,568.91,18.88,31.24,0.7806,1,1
401,3,9.10,456.56,39.43,39.27,0.7799,1,1
401,58,59.51,587.64,29.16,18.62,0.4499,1,1
402,1,0.21,419.62,45.72,48.40,0.8714,1,1
402,2,104.00,569.93,18.70,30.12,0.7805,1,1
402,3,9.19,456.63,39.20,39.34,0.7799,1,1
403,1,0.15,419.57,45.81,48.34,0.8706,1,1
403,2,103.47,569.21,19.11,30.84,0.7924,1,1
403,3,9.57,456.48,38.57,38.57,0.7818,1,1
404,1,0.21,419.42,45.80,48.07,0.8682,1,1
404,2,103.40,569.30,19.15,30.95,0.7955,1,1
404,3,9.31,456.68,39.05,39.08,0.7785,1,1
405,1,0.15,419.26,45.94,48.10,0.8685,1,1
405,2,103.40,569.35,19.07,30.87,0.7970,1,1
405,3,9.03,457.02,39.65,39.83,0.7766,1,1
406,1,0.12,419.26,45.98,48.09,0.8686,1,1
406,2,103.39,569.37,19.05,30.86,0.7975,1,1
406,3,9.11,457.03,39.51,39.76,0.7767,1,1
407,1,0.06,419.18,45.95,48.15,0.8682,1,1
407,2,103.40,569.44,19.16,31.08,0.7988,1,1
407,3,9.47,457.19,39.50,39.79,0.7786,1,1
408,1,0.09,419.19,45.94,48.17,0.8692,1,1
408,2,103.44,569.32,19.09,31.02,0.8058,1,1
408,3,9.73,457.69,39.20,39.45,0.7800,1,1
409,1,0.12,419.22,45.96,48.14,0.8705,1,1
409,2,103.52,569.22,19.10,31.07,0.8077,1,1
409,3,9.81,457.78,39.25,39.53,0.7816,1,1
410,1,0.11,419.24,45.95,48.09,0.8700,1,1
410,2,103.56,569.25,19.00,30.92,0.8091,1,1
410,3,9.61,458.31,39.40,39.58,0.7811,1,1
411,1,0.12,419.58,45.96,48.04,0.8681,1,1
411,2,103.56,569.24,18.94,30.83,0.8109,1,1
411,3,9.58,458.49,39.49,39.56,0.7755,1,1
412,1,0.10,419.58,45.98,48.06,0.8678,1,1
412,2,103.54,569.24,18.96,30.87,0.8116,1,1
412,3,9.51,458.57,39.56,39.53,0.7747,1,1
413,1,0.19,419.92,45.88,47.74,0.8653,1,1
413,2,103.55,569.20,18.98,30.96,0.8110,1,1
413,3,9.66,458.52,39.56,39.55,0.7728,1,1
414,1,0.13,419.83,46.01,47.77,0.8668,1,1
414,2,103.51,569.29,18.99,30.96,0.8057,1,1
414,3,9.75,458.72,39.37,39.30,0.7721,1,1
415,1,0.15,419.83,46.08,47.70,0.8681,1,1
415,2,103.48,569.21,19.07,31.07,0.8070,1,1
415,3,9.70,458.86,39.42,39.28,0.7737,1,1
416,1,0.08,419.79,46.23,47.85,0.8692,1,1
416,2,103.42,569.19,19.22,31.31,0.8031,1,1
416,3,9.60,459.05,39.42,39.11,0.7726,1,1
417,1,0.10,419.99,46.36,47.91,0.8668,1,1
417,2,103.41,569.21,19.27,31.44,0.8001,1,1
417,3,9.42,459.58,39.28,38.59,0.7645,1,1
418,1,0.09,419.98,46.38,47.89,0.8664,1,1
418,2,103.42,569.22,19.25,31.44,0.8001,1,1
418,3,9.32,459.60,39.51,38.59,0.7655,1,1
419,1,0.16,420.19,46.22,47.52,0.8650,1,1
419,2,103.44,569.23,19.19,31.37,0.7951,1,1
419,3,9.22,459.78,39.58,38.42,0.7660,1,1
420,1,0.13,420.31,46.25,47.40,0.8653,1,1
420,2,103.44,569.22,19.17,31.33,0.7902,1,1
420,3,8.92,460.14,39.73,38.24,0.7684,1,1
421,1,0.03,420.55,46.57,47.85,0.8585,1,1
421,2,103.53,569.54,19.20,31.58,0.7739,1,1
421,3,9.43,460.26,39.67,38.37,0.7663,1,1
421,59,53.23,587.00,28.92,21.19,0.3673,1,1
422,1,-0.05,420.45,46.73,48.31,0.8595,1,1
422,2,103.96,569.44,18.82,31.16,0.7833,1,1
422,3,9.02,460.78,39.86,38.52,0.7809,1,1
422,59,52.53,586.78,29.18,21.32,0.5424,1,1
423,1,-0.02,420.36,46.66,48.46,0.8592,1,1
423,2,104.04,569.43,18.70,31.10,0.7848,1,1
423,3,8.99,460.78,39.91,38.56,0.7812,1,1
423,59,51.88,586.52,29.06,21.07,0.3867,1,1
424,1,0.03,420.35,46.56,48.47,0.8593,1,1
424,2,104.07,569.43,18.65,31.10,0.7847,1,1
424,3,8.97,460.78,39.91,38.56,0.7815,1,1
424,59,51.55,586.44,29.25,21.04,0.3851,1,1
425,1,0.11,420.38,46.58,48.46,0.8579,1,1
425,2,104.08,569.37,18.64,31.08,0.7852,1,1
425,3,9.04,460.90,39.93,38.48,0.7825,1,1
425,59,50.28,586.39,29.51,20.90,0.4048,1,1
426,1,0.08,420.26,46.77,48.75,0.8562,1,1
426,2,104.14,569.47,18.56,30.87,0.7909,1,1
426,3,9.08,461.21,39.94,38.29,0.7849,1,1
426,59,53.63,587.61,29.52,20.33,0.6343,1,1
427,1,0.64,420.33,46.19,48.14,0.8574,1,1
427,2,104.21,569.61,18.58,30.73,0.7938,1,1
427,3,9.11,461.25,40.13,38.27,0.7838,1,1
427,59,51.97,587.03,29.57,19.90,0.5391,1,1
428,1,0.67,420.32,46.28,48.37,0.8572,1,1
428,2,104.13,569.68,18.75,30.95,0.7963,1,1
428,3,9.08,461.24,40.28,38.29,0.7818,1,1
428,59,49.34,586.19,30.56,20.42,0.5683,1,1
429,1,0.87,420.87,46.06,47.84,0.8579,1,1
429,2,104.15,569.86,18.70,30.86,0.7962,1,1
429,3,9.09,461.41,40.33,38.20,0.7822,1,1
429,59,48.53,583.35,31.46,21.86,0.7595,1,1
430,1,0.81,420.88,46.24,47.83,0.8581,1,1
430,2,104.13,569.85,18.71,30.88,0.7958,1,1
430,3,9.04,461.42,40.41,38.18,0.7821,1,1
430,59,48.76,583.21,31.00,21.95,0.7604,1,1
431,1,0.80,420.96,46.25,47.70,0.8581,1,1
431,2,104.14,569.96,18.57,30.69,0.7965,1,1
431,3,9.07,461.47,40.46,38.19,0.7824,1,1
431,59,45.72,581.69,31.10,23.24,0.8379,1,1
432,1,0.86,421.33,46.18,47.40,0.8587,1,1
432,2,104.06,570.04,18.48,30.54,0.7923,1,1
432,3,9.15,461.85,40.29,37.83,0.7810,1,1
432,59,44.21,579.49,29.89,23.47,0.8396,1,1
433,1,0.34,421.54,45.97,47.99,0.8514,1,1
433,2,103.82,569.88,18.79,30.90,0.7974,1,1
433,3,9.16,461.78,40.41,38.05,0.7838,1,1
433,59,42.26,577.04,29.59,23.52,0.6048,1,1
434,1,0.11,421.79,45.66,48.47,0.8554,1,1
434,2,103.81,569.88,18.76,30.66,0.8063,1,1
434,3,8.69,462.25,40.48,38.19,0.7779,1,1
434,59,39.60,567.46,31.83,27.68,0.7287,1,1
435,1,0.35,422.37,44.82,47.56,0.8581,1,1
435,2,103.80,569.75,18.82,30.64,0.8099,1,1
435,3,8.47,462.64,40.55,38.05,0.7837,1,1
436,1,0.36,422.39,44.82,47.54,0.8581,1,1
436,2,103.78,569.76,18.85,30.62,0.8095,1,1
436,3,8.39,462.66,40.68,38.03,0.7836,1,1
437,1,0.20,422.38,44.72,47.63,0.8551,1,1
437,2,103.76,569.92,18.82,30.55,0.8151,1,1
437,3,8.60,461.83,41.20,39.04,0.7869,1,1
438,1,-0.17,423.04,43.68,47.12,0.8556,1,1
438,2,103.83,570.11,18.89,30.60,0.8102,1,1
438,3,8.47,461.24,41.35,40.02,0.7930,1,1
439,1,0.10,423.17,42.68,46.06,0.8504,1,1
439,2,103.85,570.22,18.77,30.54,0.8102,1,1
439,3,8.47,461.61,40.42,39.86,0.7959,1,1
440,1,0.08,423.51,42.61,45.95,0.8499,1,1
440,2,104.21,570.77,18.26,29.71,0.8004,1,1
440,3,8.33,460.69,40.44,40.77,0.7856,1,1
440,60,31.50,527.36,22.30,28.75,0.6781,1,1
441,1,-0.10,423.52,42.19,45.81,0.8484,1,1
441,2,104.24,570.67,18.27,29.79,0.7996,1,1
441,3,8.78,459.70,40.04,41.28,0.7642,1,1
441,60,29.82,523.82,21.10,27.24,0.6791,1,1
442,1,-0.00,423.55,42.09,45.81,0.8485,1,1
442,2,104.25,570.67,18.25,29.79,0.7997,1,1
442,3,9.09,459.67,39.45,41.33,0.7643,1,1
442,60,29.74,523.64,21.01,27.17,0.6802,1,1
443,1,-0.13,423.55,41.54,45.65,0.8533,1,1
443,2,104.25,570.72,18.22,29.81,0.8001,1,1
443,3,8.66,459.90,38.96,41.05,0.7620,1,1
443,60,28.32,519.56,21.99,27.39,0.7955,1,1
444,1,-0.00,423.40,40.87,45.03,0.8505,1,1
444,2,104.26,570.67,18.19,29.84,0.7992,1,1
444,3,8.16,459.83,39.46,41.97,0.7722,1,1
444,60,26.37,517.47,22.62,27.67,0.8122,1,1
445,1,0.09,423.45,40.71,44.74,0.8461,1,1
445,2,104.33,570.69,18.10,29.75,0.7987,1,1
445,3,8.20,459.92,39.26,42.09,0.7845,1,1
445,60,24.68,514.65,22.67,28.02,0.7606,1,1
446,1,-0.17,423.60,40.69,45.10,0.8447,1,1
446,2,104.37,570.70,18.03,29.67,0.7998,1,1
446,3,8.38,459.30,38.74,41.87,0.7714,1,1
446,60,24.17,513.14,21.81,27.16,0.6754,1,1
447,1,-0.05,423.98,40.14,44.57,0.8359,1,1
447,2,104.27,570.46,17.99,29.72,0.7966,1,1
447,3,7.61,458.31,39.82,43.98,0.7712,1,1
447,60,24.68,512.68,20.72,25.58,0.6592,1,1
448,1,-0.06,423.98,40.06,44.58,0.8345,1,1
448,2,104.29,570.46,17.94,29.71,0.7964,1,1
448,3,7.78,458.08,39.41,44.19,0.7713,1,1
448,60,24.65,512.64,20.80,25.51,0.6610,1,1
449,1,0.01,424.09,40.17,44.68,0.8302,1,1
449,2,104.27,570.42,17.95,29.81,0.7975,1,1
449,3,7.65,457.84,39.33,44.59,0.7677,1,1
449,60,24.97,509.48,22.27,27.83,0.7121,1,1
450,1,0.06,424.28,40.05,44.43,0.8328,1,1
450,2,104.28,570.37,17.93,29.85,0.7982,1,1
450,3,7.74,457.88,38.97,44.38,0.7660,1,1
450,60,24.85,508.56,22.35,28.59,0.7270,1,1
451,1,0.17,424.57,40.06,44.10,0.8387,1,1
451,2,104.52,570.72,17.68,29.37,0.7949,1,1
451,3,7.87,458.32,39.09,44.49,0.7665,1,1
451,60,25.01,508.33,21.87,28.32,0.7237,1,1
452,1,0.08,424.45,40.21,44.11,0.8384,1,1
452,2,104.53,570.74,17.70,29.34,0.7954,1,1
452,3,7.89,458.46,39.02,44.38,0.7651,1,1
452,60,25.10,508.34,21.67,28.28,0.7232,1,1
