3,1,1142.08,375.01,104.02,84.82,0.9224,1,1
3,2,446.59,421.71,79.60,94.08,0.9121,1,1
3,3,699.86,814.58,145.32,125.91,0.9094,1,1
3,4,994.22,24.58,54.32,44.73,0.8341,1,1
3,5,848.37,657.76,126.96,100.49,0.8740,1,1
3,6,448.04,160.43,51.71,44.94,0.8049,1,1
3,7,271.78,226.83,58.92,48.46,0.7958,1,1
3,8,-0.64,702.49,37.08,106.47,0.7455,1,1
3,9,300.95,257.94,33.50,39.18,0.7304,1,1
3,10,78.93,623.44,39.11,57.54,0.6267,1,1
3,11,693.02,149.17,24.85,23.54,0.6555,1,1
3,12,1458.72,0.00,32.03,17.02,0.6137,1,1
3,13,863.65,150.08,72.66,67.09,0.6543,1,1
3,14,688.70,195.75,69.84,83.47,0.2936,1,1
3,16,300.93,400.71,36.27,32.11,0.3186,1,1
3,17,17.32,603.00,25.48,36.43,0.4453,1,1
3,18,379.36,325.35,21.39,26.97,0.2836,1,1
3,19,1461.66,1.40,28.29,24.66,0.2853,1,1
3,20,301.89,251.92,33.31,38.02,0.4213,1,1
3,21,519.62,335.28,27.25,41.64,0.7726,1,1
4,1,1142.66,374.97,102.86,84.94,0.9225,1,1
4,2,446.58,421.72,79.61,94.09,0.9120,1,1
4,3,701.15,814.58,142.60,125.80,0.9090,1,1
4,4,994.54,24.53,53.68,44.82,0.8369,1,1
4,5,849.14,657.71,125.62,100.40,0.8756,1,1
4,6,447.88,160.37,51.96,44.97,0.8049,1,1
4,7,271.68,226.31,59.10,49.13,0.8027,1,1
4,8,-0.45,702.50,36.70,106.49,0.7456,1,1
4,9,301.06,257.88,33.37,39.28,0.7362,1,1
4,10,79.05,623.57,39.35,57.41,0.6351,1,1
4,11,693.60,149.14,24.57,23.52,0.6600,1,1
4,12,1458.53,-0.00,32.35,16.98,0.6135,1,1
4,13,863.45,150.23,72.76,67.10,0.6610,1,1
4,14,688.58,195.97,69.94,83.60,0.2882,1,1
4,16,300.56,400.55,36.42,32.07,0.3244,1,1
4,17,17.52,602.96,25.34,36.31,0.4448,1,1
4,18,379.34,325.39,21.41,26.95,0.2867,1,1
4,19,1461.79,1.59,28.14,24.53,0.2882,1,1
4,20,302.02,251.87,33.37,38.25,0.4195,1,1
4,21,519.75,335.00,27.19,41.65,0.7728,1,1
4,24,687.84,196.76,71.61,82.87,0.7152,1,1
5,1,1141.50,374.20,102.81,85.70,0.9236,1,1
5,2,446.85,421.82,79.98,93.99,0.9139,1,1
5,3,697.41,816.03,140.36,125.38,0.9058,1,1
5,4,994.44,23.59,53.47,45.09,0.8508,1,1
5,5,849.13,657.66,125.81,101.35,0.8745,1,1
5,6,446.26,156.64,52.58,46.89,0.8154,1,1
5,7,271.90,225.89,58.78,49.14,0.7830,1,1
5,8,-1.24,701.94,36.07,108.79,0.7690,1,1
5,9,300.97,257.38,33.32,39.46,0.6986,1,1
5,10,83.08,622.45,37.94,54.64,0.4331,1,1
5,11,700.45,148.59,24.90,23.62,0.7085,1,1
5,12,1458.18,0.00,32.25,16.73,0.6080,1,1
5,13,860.07,151.31,73.00,67.79,0.4963,1,1
5,14,688.78,196.65,69.96,83.62,0.4016,1,1
5,16,299.25,399.96,34.80,29.91,0.4171,1,1
5,17,18.06,602.72,24.73,35.44,0.5716,1,1
5,19,1460.70,1.56,28.07,24.45,0.3099,1,1
5,20,302.51,251.65,33.16,38.30,0.5237,1,1
5,21,522.16,326.79,26.58,41.05,0.6336,1,1
5,24,688.19,197.86,71.47,82.83,0.7504,1,1
5,25,1173.01,566.38,57.15,49.41,0.5620,1,1
6,1,1140.95,375.40,102.53,86.26,0.9241,1,1
6,2,446.79,421.79,80.17,94.22,0.9140,1,1
6,3,694.01,815.87,140.26,128.68,0.9092,1,1
6,4,994.62,23.73,52.64,44.33,0.8162,1,1
6,5,848.86,657.36,125.48,100.43,0.8873,1,1
6,6,446.08,155.13,52.28,47.20,0.8081,1,1
6,7,271.97,225.92,58.43,49.07,0.7780,1,1
6,8,-1.20,703.69,34.82,108.48,0.7539,1,1
6,9,301.11,257.69,32.98,39.28,0.6885,1,1
6,10,89.53,624.29,35.67,50.68,0.3450,1,1
6,11,704.44,150.95,24.18,22.42,0.5898,1,1
6,12,1455.76,0.00,35.99,19.13,0.6187,1,1
6,17,17.95,602.65,24.76,35.48,0.6277,1,1
6,19,1459.01,0.47,29.50,25.54,0.4960,1,1
6,20,302.56,251.56,32.90,38.27,0.4967,1,1
6,21,526.28,321.73,24.79,37.95,0.5024,1,1
6,24,688.53,199.49,71.15,82.37,0.7970,1,1
6,25,1177.32,568.53,54.91,47.81,0.5856,1,1
7,1,1139.65,376.60,103.19,85.86,0.9247,1,1
7,2,446.99,422.11,80.21,94.04,0.9159,1,1
7,3,691.22,818.35,142.58,134.00,0.9136,1,1
7,4,994.30,24.22,50.63,42.88,0.8526,1,1
7,5,849.09,657.42,125.18,100.12,0.8902,1,1
7,6,445.80,152.81,51.72,46.91,0.7839,1,1
7,7,271.83,225.34,58.55,49.48,0.7839,1,1
7,8,-0.99,703.16,34.39,109.70,0.7346,1,1
7,9,301.05,257.34,32.89,39.28,0.6743,1,1
7,10,93.46,622.63,35.68,48.90,0.5390,1,1
7,11,705.22,152.11,24.19,22.37,0.4613,1,1
7,12,1455.89,0.00,35.25,19.03,0.5937,1,1
7,16,298.89,399.83,33.94,28.48,0.3331,1,1
7,17,17.74,602.65,24.85,35.67,0.6317,1,1
7,19,1458.18,0.34,29.58,25.53,0.4683,1,1
7,20,302.72,251.40,32.65,38.20,0.5013,1,1
7,21,527.48,319.33,24.91,37.95,0.4019,1,1
7,24,688.64,200.64,71.40,82.39,0.7834,1,1
7,25,1181.00,567.32,57.41,50.41,0.5775,1,1
7,28,463.31,201.00,32.49,27.72,0.5179,1,1
7,29,65.86,588.22,23.36,38.07,0.6405,1,1
8,1,1138.23,377.35,102.91,86.03,0.9215,1,1
8,2,447.20,422.09,80.05,93.57,0.9157,1,1
8,3,687.15,819.56,142.71,137.67,0.9165,1,1
8,4,993.91,23.51,51.47,43.37,0.8481,1,1
8,5,848.49,657.45,125.91,100.82,0.8950,1,1
8,6,445.57,149.82,52.72,48.09,0.8031,1,1
8,7,271.49,225.29,58.46,49.53,0.7600,1,1
8,8,-0.80,703.44,34.02,110.46,0.7186,1,1
8,9,300.93,257.43,32.68,39.13,0.6148,1,1
8,10,97.99,623.71,35.06,46.67,0.4687,1,1
8,11,703.04,152.22,24.07,22.44,0.6125,1,1
8,12,1455.61,0.00,35.94,19.82,0.6057,1,1
8,17,17.56,603.34,24.72,35.58,0.6485,1,1
8,19,1458.17,0.18,30.02,25.80,0.4653,1,1
8,20,302.86,251.36,32.13,37.85,0.5348,1,1
8,21,527.16,320.64,25.78,39.18,0.5439,1,1
8,24,689.04,201.38,71.37,82.18,0.7776,1,1
8,25,1190.22,572.76,53.89,46.77,0.5000,1,1
8,28,463.72,198.58,32.22,27.31,0.5601,1,1
8,29,66.28,587.46,23.41,37.61,0.6656,1,1
