3,1,-0.00,416.46,36.88,45.31,0.8564,1,1
3,3,102.96,575.79,18.82,28.97,0.7332,1,1
4,1,0.00,416.45,36.85,45.27,0.8564,1,1
4,3,102.98,575.82,18.82,28.99,0.7326,1,1
4,4,-0.30,447.43,39.26,44.64,0.6862,1,1
5,1,-0.49,415.45,36.62,46.19,0.8551,1,1
5,3,103.13,576.26,18.63,28.61,0.7271,1,1
5,4,-2.60,445.20,43.46,51.89,0.6977,1,1
6,1,-0.30,414.91,34.97,44.93,0.8628,1,1
6,3,102.96,575.87,18.85,29.10,0.7265,1,1
6,4,-1.96,443.35,41.08,51.81,0.7352,1,1
7,1,-0.04,414.27,34.38,44.28,0.8651,1,1
7,3,102.90,576.95,18.93,29.03,0.7374,1,1
7,4,-0.84,442.45,38.29,49.92,0.7403,1,1
8,1,0.04,413.33,33.49,43.02,0.8627,1,1
8,3,102.55,576.91,19.12,29.54,0.7947,1,1
8,4,-0.19,442.06,36.58,48.54,0.7295,1,1
9,1,0.05,413.21,32.70,41.94,0.8528,1,1
9,3,102.68,577.10,18.90,29.30,0.7902,1,1
9,4,-0.57,439.88,36.88,50.59,0.7568,1,1
10,1,0.01,413.19,32.66,41.94,0.8521,1,1
10,3,102.69,577.12,18.85,29.28,0.7904,1,1
10,4,-0.25,439.76,36.18,50.71,0.7568,1,1
11,1,0.03,413.16,32.05,41.09,0.8475,1,1
11,3,102.62,576.71,18.98,29.49,0.7720,1,1
11,4,0.33,438.05,34.63,48.64,0.7297,1,1
12,1,0.13,412.71,31.74,40.41,0.8442,1,1
12,3,102.52,576.18,19.16,29.92,0.7587,1,1
12,4,-0.34,437.43,35.82,51.25,0.7118,1,1
13,1,0.17,412.67,31.12,39.25,0.8386,1,1
13,3,102.63,575.96,19.07,29.89,0.7301,1,1
13,4,-1.14,436.66,37.37,55.06,0.6844,1,1
13,5,0.10,435.72,33.49,38.27,0.6475,1,1
13,6,1.11,442.08,37.50,59.52,0.3265,1,1
14,1,-0.06,412.39,31.40,39.73,0.8299,1,1
14,3,102.75,576.40,18.86,29.53,0.7376,1,1
14,5,-1.75,434.71,37.03,43.78,0.6582,1,1
14,6,-1.03,435.99,38.76,63.41,0.7067,1,1
15,1,-0.28,411.79,31.58,40.46,0.8186,1,1
15,3,102.73,576.28,18.89,29.55,0.7328,1,1
15,4,-1.12,433.04,35.60,53.19,0.5059,1,1
15,6,-0.76,436.08,38.52,64.47,0.7186,1,1
16,1,-0.17,411.77,31.37,40.50,0.8187,1,1
16,3,102.74,576.29,18.87,29.52,0.7305,1,1
16,4,-0.69,432.75,34.58,52.19,0.5132,1,1
16,6,-0.46,436.06,37.96,64.51,0.7165,1,1
17,1,-0.30,411.35,31.69,41.46,0.8159,1,1
17,3,102.72,576.42,18.86,29.44,0.7356,1,1
17,6,-0.06,436.47,36.95,63.12,0.7278,1,1
18,1,-0.09,411.70,31.18,40.97,0.8231,1,1
18,3,102.77,576.51,18.91,29.34,0.7335,1,1
18,4,-0.64,432.58,34.45,52.53,0.4769,1,1
18,6,0.21,436.04,36.58,62.47,0.7245,1,1
19,1,-0.02,411.73,30.98,40.72,0.8266,1,1
19,3,102.71,576.48,19.03,29.44,0.7448,1,1
19,6,0.74,436.45,36.29,61.17,0.7523,1,1
20,1,0.21,411.88,30.92,40.13,0.8393,1,1
20,3,102.60,576.13,19.21,29.79,0.7358,1,1
20,6,1.78,435.64,35.94,60.20,0.7875,1,1
21,1,0.08,411.58,31.56,40.79,0.8468,1,1
21,3,102.60,575.93,19.26,29.97,0.7286,1,1
21,6,1.99,435.78,36.09,60.54,0.7999,1,1
22,1,0.04,411.57,31.64,40.80,0.8472,1,1
22,3,102.63,575.95,19.20,29.95,0.7287,1,1
22,6,2.00,435.78,36.08,60.58,0.7994,1,1
23,1,0.12,411.49,32.45,41.51,0.8627,1,1
23,3,102.62,575.93,19.20,30.00,0.7351,1,1
23,6,2.03,435.94,36.52,61.96,0.7870,1,1
23,7,53.65,590.09,26.26,20.95,0.2630,1,1
24,1,0.32,411.59,33.11,41.53,0.8682,1,1
24,3,102.54,575.74,19.27,30.15,0.7339,1,1
24,4,2.31,436.88,32.60,47.37,0.6413,1,1
24,6,2.35,437.42,36.00,62.07,0.7914,1,1
24,7,54.13,590.62,25.79,20.64,0.3198,1,1
25,1,0.18,411.66,33.85,42.09,0.8716,1,1
25,3,102.51,575.53,19.31,30.32,0.7321,1,1
25,4,2.89,438.11,31.71,43.90,0.5983,1,1
25,6,2.96,438.07,34.98,59.88,0.8023,1,1
25,7,54.27,590.95,25.20,20.20,0.3276,1,1
26,1,0.05,411.57,34.32,42.71,0.8723,1,1
26,3,102.49,575.41,19.31,30.41,0.7258,1,1
26,6,2.99,438.34,35.34,60.32,0.8228,1,1
27,1,-0.10,411.45,34.86,43.85,0.8771,1,1
27,3,102.78,574.66,19.02,30.16,0.7223,1,1
27,6,3.17,439.64,34.97,58.22,0.8284,1,1
28,1,-0.02,411.50,34.70,43.82,0.8770,1,1
28,3,102.85,574.62,18.92,30.13,0.7228,1,1
28,6,2.92,439.64,35.47,58.36,0.8272,1,1
29,1,0.00,411.37,35.67,45.14,0.8847,1,1
29,3,102.87,574.77,18.83,30.01,0.7235,1,1
29,6,2.96,441.59,36.32,59.20,0.8249,1,1
30,1,0.13,411.41,36.80,46.32,0.8806,1,1
30,3,102.87,574.83,18.80,29.98,0.7260,1,1
30,6,3.47,443.27,36.12,57.95,0.8144,1,1
31,1,-0.01,411.93,38.01,48.15,0.8795,1,1
31,3,102.87,574.91,18.66,29.77,0.7261,1,1
31,6,3.62,445.25,35.96,56.51,0.8007,1,1
32,1,0.12,412.26,38.40,48.58,0.8795,1,1
32,3,102.87,574.92,18.64,29.73,0.7261,1,1
32,6,4.27,446.92,35.24,52.54,0.8146,1,1
33,1,0.30,412.90,38.51,48.13,0.8799,1,1
33,3,102.89,574.89,18.67,29.79,0.7255,1,1
33,4,3.38,447.33,37.62,50.68,0.8134,1,1
34,1,0.20,412.91,38.73,48.13,0.8800,1,1
34,3,102.89,574.95,18.65,29.74,0.7260,1,1
34,4,3.32,447.36,37.78,50.69,0.8135,1,1
35,1,0.32,413.22,39.03,47.87,0.8762,1,1
35,3,102.85,574.94,18.69,29.81,0.7275,1,1
35,4,3.29,447.85,38.43,51.69,0.8165,1,1
36,1,0.31,413.49,39.38,47.77,0.8739,1,1
36,3,102.85,574.93,18.70,29.85,0.7269,1,1
36,4,3.46,448.16,38.68,51.82,0.8137,1,1
37,1,0.33,413.65,39.55,47.42,0.8716,1,1
37,3,102.84,574.87,18.73,29.92,0.7306,1,1
37,4,3.66,448.71,38.93,51.53,0.7998,1,1
38,1,0.14,413.36,39.97,47.58,0.8677,1,1
38,3,102.94,575.15,18.59,29.68,0.7344,1,1
38,4,4.09,448.72,39.24,51.69,0.8019,1,1
39,1,0.15,413.88,40.22,47.51,0.8642,1,1
39,3,102.94,575.28,18.56,29.58,0.7386,1,1
39,4,4.26,449.63,38.89,50.57,0.8057,1,1
40,1,0.08,413.89,40.38,47.50,0.8642,1,1
40,3,102.93,575.23,18.59,29.61,0.7394,1,1
40,4,4.13,449.66,39.16,50.53,0.8056,1,1
41,1,0.37,414.34,41.03,47.30,0.8652,1,1
41,3,102.94,575.18,18.62,29.67,0.7390,1,1
41,4,3.99,449.23,39.65,50.93,0.8051,1,1
41,8,1364.37,18.64,16.31,22.96,0.4868,1,1
42,1,0.13,414.34,41.70,47.76,0.8676,1,1
42,3,102.95,575.09,18.63,29.70,0.7384,1,1
42,4,4.13,449.07,39.83,51.00,0.8109,1,1
43,1,0.04,414.59,42.04,48.04,0.8692,1,1
43,3,102.98,575.05,18.62,29.67,0.7366,1,1
43,4,4.26,449.06,40.03,51.26,0.8075,1,1
44,1,0.14,415.00,42.10,47.74,0.8691,1,1
44,3,102.93,574.48,18.96,30.20,0.7333,1,1
44,4,4.70,449.37,40.35,51.30,0.8131,1,1
45,1,0.09,415.16,42.38,47.82,0.8716,1,1
45,3,102.92,574.33,19.00,30.31,0.7327,1,1
45,4,4.76,449.35,40.38,51.21,0.8072,1,1
46,1,0.05,415.16,42.48,47.82,0.8717,1,1
46,3,102.89,574.28,19.01,30.36,0.7341,1,1
46,4,4.73,449.33,40.44,51.22,0.8072,1,1
47,1,-0.01,415.35,42.80,48.22,0.8708,1,1
47,3,102.79,573.96,19.07,30.61,0.7335,1,1
47,4,4.76,449.67,40.38,51.04,0.8131,1,1
48,1,-0.05,415.54,43.40,49.03,0.8646,1,1
48,3,102.76,573.92,18.97,30.64,0.7377,1,1
48,4,5.12,448.82,40.55,51.12,0.8155,1,1
49,1,-0.31,415.67,44.12,50.60,0.8651,1,1
49,3,102.79,574.07,18.88,30.56,0.7365,1,1
49,4,5.51,446.69,41.15,51.93,0.7821,1,1
50,1,-1.23,416.01,45.75,55.24,0.8576,1,1
50,3,102.81,574.19,18.77,30.41,0.7403,1,1
50,4,5.36,444.92,43.23,55.34,0.7349,1,1
51,1,-1.28,416.18,44.38,55.93,0.8369,1,1
51,3,102.85,574.33,18.69,30.33,0.7384,1,1
51,4,5.78,442.16,44.32,58.29,0.7463,1,1
52,1,-0.72,416.19,43.25,55.95,0.8371,1,1
52,3,102.87,574.33,18.68,30.32,0.7378,1,1
52,4,6.22,442.00,43.58,58.44,0.7464,1,1
53,1,-1.02,416.01,44.69,59.59,0.8169,1,1
53,3,102.91,574.50,18.64,30.20,0.7394,1,1
53,4,5.40,441.64,44.34,60.11,0.7147,1,1
54,1,-0.70,416.03,44.06,59.94,0.8093,1,1
54,3,102.26,575.07,19.23,30.74,0.7473,1,1
54,4,7.00,441.53,43.22,59.73,0.7455,1,1
55,1,-0.53,416.13,43.41,60.07,0.8145,1,1
55,3,102.12,575.17,19.44,30.77,0.7574,1,1
55,4,10.11,441.94,40.73,57.67,0.7614,1,1
55,6,9.29,438.87,35.42,48.18,0.3669,1,1
55,9,1349.04,33.71,15.16,21.71,0.6617,1,1
56,1,-0.38,416.04,43.24,60.59,0.8175,1,1
56,3,102.11,575.02,19.60,30.89,0.7543,1,1
56,4,10.61,442.14,40.10,57.17,0.7481,1,1
56,9,1349.96,34.16,14.85,20.98,0.5062,1,1
57,1,-0.02,416.12,42.09,58.98,0.8174,1,1
57,3,102.06,574.77,19.82,31.15,0.7415,1,1
57,4,10.78,442.29,40.03,57.34,0.7391,1,1
57,9,1351.67,34.84,14.41,19.81,0.4843,1,1
58,1,0.00,416.12,42.03,58.87,0.8178,1,1
58,3,102.04,574.73,19.88,31.19,0.7414,1,1
58,4,10.87,442.25,39.92,57.39,0.7397,1,1
58,6,5.13,435.05,40.72,53.43,0.2610,1,1
58,9,1351.77,34.93,14.65,19.63,0.4855,1,1
59,1,-1.61,415.99,44.98,66.48,0.8202,1,1
59,3,102.01,574.55,19.98,31.35,0.7379,1,1
59,4,10.57,441.81,40.56,58.37,0.7400,1,1
59,6,4.38,436.07,43.38,56.12,0.3581,1,1
60,1,0.49,415.94,40.41,58.39,0.8292,1,1
60,3,101.90,574.52,20.07,31.53,0.7271,1,1
60,4,10.01,442.20,40.41,57.00,0.7342,1,1
60,6,5.29,435.47,42.64,54.16,0.3307,1,1
61,1,0.11,416.16,39.69,57.10,0.8351,1,1
61,3,102.10,574.98,19.77,31.33,0.7945,1,1
61,4,8.07,440.49,42.40,59.69,0.3302,1,1
61,6,13.95,444.42,37.18,46.79,0.7723,1,1
62,1,-0.01,415.88,39.69,57.10,0.8419,1,1
62,3,102.19,575.16,19.55,30.90,0.7794,1,1
62,4,12.44,444.41,37.79,49.99,0.7826,1,1
63,1,-0.06,415.72,39.80,57.41,0.8423,1,1
63,3,102.17,575.29,19.53,30.74,0.7844,1,1
63,4,12.02,444.13,38.74,49.97,0.7831,1,1
64,1,-0.03,415.73,39.78,57.45,0.8415,1,1
64,3,102.15,575.29,19.58,30.74,0.7854,1,1
64,4,11.92,443.98,39.16,49.87,0.7843,1,1
65,1,-0.20,415.45,40.17,58.49,0.8371,1,1
65,3,102.15,575.24,19.67,30.83,0.7939,1,1
65,4,11.67,443.58,39.82,50.53,0.7915,1,1
66,1,-0.11,415.47,39.99,58.49,0.8377,1,1
66,3,102.10,575.08,19.72,30.95,0.7947,1,1
66,4,10.94,443.36,40.77,52.03,0.7888,1,1
66,6,7.61,433.21,39.64,48.87,0.2617,1,1
67,1,-0.03,415.49,40.01,58.57,0.8362,1,1
67,3,102.07,575.06,19.72,30.97,0.7925,1,1
67,4,11.17,442.99,40.52,52.01,0.7883,1,1
67,6,8.34,433.60,39.77,48.37,0.3428,1,1
68,1,-0.15,415.21,41.35,60.88,0.8254,1,1
68,3,102.09,575.32,19.64,30.76,0.7983,1,1
68,4,10.71,441.95,41.02,53.11,0.7909,1,1
68,6,8.66,434.94,41.20,50.24,0.4553,1,1
68,15,1241.30,40.79,14.56,22.23,0.7155,1,1
69,1,0.02,414.96,40.82,60.03,0.8282,1,1
69,3,102.09,575.36,19.64,30.68,0.7969,1,1
69,4,9.85,440.95,42.12,55.22,0.7952,1,1
69,6,-2.11,420.54,54.20,68.22,0.3104,1,1
69,15,1238.99,43.84,14.28,21.78,0.5137,1,1
70,1,0.02,414.97,40.82,59.98,0.8283,1,1
70,3,102.07,575.36,19.66,30.67,0.7976,1,1
70,4,9.98,440.93,41.84,55.28,0.7952,1,1
70,6,-4.43,416.57,56.50,73.15,0.3108,1,1
70,15,1238.68,44.31,14.23,21.68,0.5126,1,1
71,1,-0.37,414.88,41.55,61.94,0.8293,1,1
71,3,102.06,575.38,19.67,30.66,0.7974,1,1
71,4,8.27,440.30,43.92,59.05,0.7681,1,1
71,6,-6.18,415.50,59.69,79.59,0.2508,1,1
71,15,1238.28,43.76,14.35,21.85,0.4174,1,1
72,1,-0.47,414.63,41.81,63.46,0.8291,1,1
72,3,102.04,575.33,19.70,30.70,0.7990,1,1
72,4,8.71,439.78,43.25,58.81,0.7786,1,1
72,15,1238.40,43.31,14.21,21.59,0.3233,1,1
73,1,-0.23,414.73,41.15,62.97,0.8290,1,1
73,3,102.04,575.33,19.71,30.71,0.7996,1,1
73,4,9.64,440.01,42.16,57.60,0.7950,1,1
74,1,-0.31,414.54,41.29,63.92,0.8268,1,1
74,3,102.06,575.37,19.68,30.67,0.7994,1,1
74,4,10.64,439.60,41.16,56.44,0.7970,1,1
75,1,-1.42,414.53,43.64,70.98,0.8251,1,1
75,3,102.05,575.32,19.71,30.72,0.8019,1,1
75,4,9.48,439.70,42.11,57.79,0.7844,1,1
76,1,-0.92,414.53,42.65,71.62,0.8250,1,1
76,3,102.05,575.32,19.71,30.72,0.8020,1,1
76,4,9.27,439.67,42.32,58.19,0.7751,1,1
77,1,-1.17,414.68,43.20,75.54,0.8240,1,1
77,3,102.02,575.34,19.71,30.72,0.7983,1,1
77,4,8.73,439.70,42.91,59.23,0.7557,1,1
78,1,-0.37,414.46,41.47,73.43,0.8271,1,1
78,3,102.00,575.32,19.72,30.75,0.7943,1,1
78,4,8.84,439.38,42.73,59.12,0.7544,1,1
79,1,-0.24,414.41,41.30,73.78,0.8267,1,1
79,3,102.02,575.28,19.73,30.78,0.7904,1,1
79,4,8.84,439.31,42.67,59.11,0.7532,1,1
79,17,-0.21,414.87,38.80,54.89,0.2965,1,1
80,1,-0.42,414.41,41.70,75.65,0.8255,1,1
80,3,102.01,575.29,19.72,30.79,0.7879,1,1
80,4,7.66,438.64,44.35,61.97,0.7212,1,1
80,17,-0.08,414.85,38.51,54.48,0.2596,1,1
81,1,-0.45,414.38,41.95,77.34,0.8235,1,1
81,3,102.02,575.20,19.75,30.87,0.7879,1,1
81,4,7.71,438.89,44.01,61.80,0.7214,1,1
81,17,-0.01,414.85,39.49,56.51,0.7826,1,1
82,1,-0.20,414.43,41.42,76.88,0.8240,1,1
82,3,102.03,575.20,19.74,30.87,0.7885,1,1
82,4,7.80,438.87,43.87,61.87,0.7216,1,1
82,17,0.11,414.91,39.26,56.39,0.7832,1,1
83,1,-0.34,414.46,41.63,78.25,0.8255,1,1
83,3,102.03,575.19,19.74,30.90,0.7879,1,1
83,4,7.67,439.15,43.68,61.79,0.7253,1,1
83,17,0.01,414.94,39.21,56.69,0.7818,1,1
84,1,-0.98,414.48,43.40,84.28,0.8190,1,1
84,3,102.02,575.22,19.75,30.91,0.7919,1,1
84,4,6.08,436.52,45.06,64.58,0.6462,1,1
84,17,-1.84,414.99,41.82,61.71,0.6191,1,1
85,1,0.96,414.12,38.74,72.04,0.8257,1,1
85,3,102.08,575.29,19.69,30.83,0.7931,1,1
85,4,8.12,437.05,42.88,63.96,0.7480,1,1
86,1,2.16,412.83,40.03,73.79,0.4157,1,1
86,3,102.13,575.22,19.67,30.82,0.7888,1,1
86,4,9.17,437.15,38.53,59.71,0.7431,1,1
86,17,0.54,414.38,38.06,54.52,0.8305,1,1
87,3,102.16,575.34,19.62,30.77,0.8040,1,1
87,4,5.53,438.35,40.88,63.28,0.6774,1,1
87,6,7.10,436.89,35.67,49.65,0.6101,1,1
87,17,0.64,414.15,37.30,51.78,0.8402,1,1
87,19,1222.06,65.14,17.23,30.49,0.7555,1,1
88,3,102.22,575.33,19.58,30.74,0.7999,1,1
88,4,5.20,438.44,41.12,63.60,0.6779,1,1
88,6,7.49,437.21,35.01,49.38,0.6108,1,1
88,17,0.40,414.14,37.77,51.72,0.8402,1,1
88,19,1222.27,65.21,16.93,30.58,0.7555,1,1
89,3,102.22,575.50,19.54,30.65,0.8089,1,1
89,4,4.60,439.90,40.40,61.03,0.7286,1,1
89,17,0.51,413.50,37.57,50.22,0.8532,1,1
89,19,1224.26,67.67,16.88,29.51,0.7611,1,1
90,3,102.25,575.76,19.51,30.50,0.8164,1,1
90,4,4.21,444.42,39.42,57.97,0.7928,1,1
90,17,1.35,413.34,37.75,46.79,0.8610,1,1
90,19,1223.86,69.62,16.98,29.31,0.7830,1,1
91,3,102.28,575.83,19.45,30.37,0.8138,1,1
91,4,3.62,447.09,39.75,56.02,0.8299,1,1
91,17,1.98,413.09,37.31,41.38,0.8604,1,1
91,19,1222.71,70.50,17.41,29.46,0.8100,1,1
92,3,102.36,576.16,19.33,30.08,0.8166,1,1
92,6,2.90,447.71,40.27,52.77,0.8348,1,1
92,17,1.25,412.44,38.52,39.68,0.8658,1,1
92,19,1221.80,72.94,17.45,30.19,0.8239,1,1
93,3,102.41,576.42,19.20,29.85,0.8168,1,1
93,4,3.28,447.96,39.37,51.74,0.8395,1,1
93,15,1219.72,75.03,17.61,29.24,0.7949,1,1
93,17,0.99,413.03,38.99,38.29,0.8650,1,1
94,3,102.41,576.41,19.21,29.85,0.8169,1,1
94,4,2.81,447.96,40.30,51.70,0.8395,1,1
94,15,1219.75,75.08,17.49,29.26,0.7949,1,1
94,17,0.56,413.04,39.85,38.26,0.8650,1,1
95,3,102.43,576.42,19.20,29.82,0.8156,1,1
95,4,2.65,448.69,40.38,50.66,0.8442,1,1
95,15,1218.77,81.21,16.50,27.08,0.5936,1,1
95,17,0.08,413.12,40.44,38.98,0.8651,1,1
95,21,1256.15,0.01,22.97,19.64,0.5792,1,1
96,3,102.46,576.59,19.13,29.65,0.8155,1,1
96,4,1.87,448.26,41.45,51.58,0.8278,1,1
96,15,1217.10,84.75,15.35,25.25,0.7469,1,1
96,17,0.07,413.13,40.53,39.25,0.8661,1,1
96,21,1255.47,-0.00,24.12,20.87,0.6593,1,1
97,3,102.51,576.70,19.07,29.50,0.8130,1,1
97,4,1.90,448.44,41.66,51.45,0.8263,1,1
97,15,1215.51,86.66,15.34,25.48,0.8014,1,1
97,17,0.12,413.13,40.43,39.22,0.8666,1,1
97,21,1255.18,-0.00,24.17,21.06,0.6494,1,1
98,3,102.52,576.73,19.06,29.41,0.8135,1,1
98,4,1.73,448.29,41.91,51.58,0.8263,1,1
98,15,1214.35,87.31,15.77,27.49,0.7577,1,1
98,17,0.17,413.09,40.34,39.08,0.8653,1,1
98,21,1255.29,0.00,23.66,20.52,0.5796,1,1
99,3,102.46,576.56,19.15,29.58,0.8107,1,1
99,4,1.70,448.31,41.92,51.46,0.8273,1,1
99,15,1214.04,90.18,16.33,28.99,0.7497,1,1
99,17,0.24,413.31,40.28,38.84,0.8648,1,1
99,21,1254.62,0.00,23.87,20.62,0.6294,1,1
100,3,102.48,576.57,19.12,29.57,0.8099,1,1
100,4,1.65,448.30,42.00,51.47,0.8274,1,1
100,15,1214.14,90.35,16.14,29.05,0.7498,1,1
100,17,0.20,413.30,40.36,38.82,0.8648,1,1
100,21,1254.53,-0.00,23.94,20.63,0.6297,1,1
101,3,102.47,576.55,19.12,29.58,0.8089,1,1
101,4,1.55,448.35,42.16,51.75,0.8238,1,1
101,15,1214.05,91.27,15.34,27.74,0.6922,1,1
101,17,0.20,413.26,40.40,38.75,0.8646,1,1
101,21,1253.61,0.09,24.36,20.87,0.6558,1,1
102,3,102.47,576.45,19.17,29.72,0.8130,1,1
102,4,1.70,448.56,41.89,51.54,0.8282,1,1
102,15,1214.51,89.53,14.47,26.22,0.6721,1,1
102,17,0.15,413.26,40.46,38.81,0.8653,1,1
102,21,1251.52,0.48,26.58,23.10,0.6625,1,1
103,3,102.47,576.41,19.16,29.73,0.8092,1,1
103,4,1.70,448.60,41.83,51.57,0.8262,1,1
103,15,1215.77,88.87,12.63,22.69,0.4367,1,1
103,17,0.15,413.26,40.48,38.81,0.8650,1,1
103,21,1250.21,0.13,27.10,23.98,0.6367,1,1
104,3,102.49,576.47,19.13,29.69,0.8103,1,1
104,4,1.76,448.58,41.69,51.41,0.8296,1,1
104,17,0.16,413.29,40.45,38.77,0.8648,1,1
104,21,1247.75,0.02,26.57,22.92,0.6189,1,1
105,3,102.46,576.41,19.16,29.76,0.8105,1,1
105,4,1.70,448.50,41.62,51.40,0.8285,1,1
105,17,0.16,413.26,40.33,38.62,0.8652,1,1
105,21,1246.22,0.00,25.87,20.64,0.6871,1,1
106,3,102.46,576.38,19.16,29.78,0.8092,1,1
106,4,1.71,448.50,41.59,51.39,0.8286,1,1
106,17,0.14,413.26,40.34,38.63,0.8653,1,1
106,21,1245.58,-0.00,26.90,20.46,0.6832,1,1
107,3,102.47,576.40,19.14,29.76,0.8087,1,1
107,4,1.64,448.40,41.78,51.76,0.8303,1,1
107,17,0.11,413.22,40.30,38.65,0.8649,1,1
107,21,1241.59,0.00,31.51,24.37,0.6849,1,1
108,3,102.51,576.25,19.28,29.92,0.8161,1,1
108,4,1.65,448.27,41.68,51.69,0.8306,1,1
108,17,0.09,413.10,40.34,38.79,0.8642,1,1
108,21,1238.95,0.00,31.54,25.78,0.7144,1,1
109,3,102.51,576.21,19.32,29.98,0.8135,1,1
109,4,1.74,448.32,42.01,52.16,0.8260,1,1
109,17,0.14,413.13,40.30,38.76,0.8651,1,1
109,21,1235.87,0.00,32.50,28.74,0.7626,1,1
110,3,102.52,576.21,19.31,29.94,0.8152,1,1
110,4,1.73,448.24,42.04,52.21,0.8257,1,1
110,17,0.13,413.02,40.26,38.75,0.8661,1,1
110,21,1233.72,0.74,31.90,30.08,0.7718,1,1
110,25,1274.41,118.21,16.11,24.74,0.6855,1,1
111,3,102.54,576.10,19.32,29.97,0.8129,1,1
111,4,1.71,448.21,42.10,52.30,0.8234,1,1
111,17,0.14,412.99,40.24,38.74,0.8652,1,1
111,21,1230.52,1.10,30.91,32.03,0.8678,1,1
111,25,1270.88,119.82,15.66,24.02,0.3158,1,1
111,26,1237.49,0.00,35.37,23.69,0.6590,1,1
112,3,102.55,576.11,19.32,29.96,0.8130,1,1
112,4,1.72,448.20,42.09,52.29,0.8236,1,1
112,17,0.14,412.99,40.23,38.74,0.8652,1,1
112,21,1230.94,1.12,29.95,32.06,0.8676,1,1
112,25,1270.18,120.20,15.54,23.83,0.2955,1,1
112,26,1236.83,-0.00,35.79,23.80,0.6599,1,1
113,3,102.57,576.15,19.26,29.84,0.8086,1,1
113,4,1.79,448.47,42.01,52.19,0.8240,1,1
113,17,0.07,412.82,40.33,38.99,0.8662,1,1
113,21,1228.64,1.99,30.15,32.71,0.8319,1,1
113,25,1266.39,121.44,16.25,25.10,0.3505,1,1
113,26,1233.17,0.00,36.70,24.44,0.6279,1,1
114,3,102.61,576.13,19.24,29.81,0.8028,1,1
114,4,1.77,448.21,42.06,52.23,0.8234,1,1
114,17,0.17,412.81,40.15,38.77,0.8662,1,1
114,21,1225.96,3.30,29.99,32.72,0.7544,1,1
114,26,1232.68,-0.00,34.93,24.05,0.6565,1,1
115,3,102.81,576.15,19.11,29.72,0.7745,1,1
115,4,2.31,449.38,41.25,50.62,0.8253,1,1
115,17,0.18,412.49,39.98,38.48,0.8670,1,1
115,21,1224.31,3.57,29.18,32.44,0.7443,1,1
115,26,1228.43,0.62,36.21,25.90,0.7164,1,1
116,3,102.80,576.25,19.07,29.67,0.7819,1,1
116,4,2.29,449.34,42.16,51.63,0.8275,1,1
116,17,0.08,412.21,40.82,39.11,0.8680,1,1
116,21,1221.76,4.42,29.02,32.90,0.7278,1,1
116,26,1224.83,0.94,36.71,26.90,0.6438,1,1
117,3,102.77,576.22,19.09,29.72,0.7833,1,1
117,4,1.30,445.37,42.71,53.47,0.8262,1,1
117,17,0.02,412.21,40.32,38.58,0.8642,1,1
117,21,1220.18,6.72,28.38,32.66,0.7404,1,1
117,25,1264.92,129.36,16.45,25.42,0.4276,1,1
117,26,1220.47,0.84,34.18,23.42,0.7007,1,1
118,3,102.77,576.21,19.09,29.73,0.7838,1,1
118,4,1.53,445.25,42.21,53.53,0.8262,1,1
118,17,0.01,412.22,40.33,38.57,0.8641,1,1
118,21,1220.29,6.89,28.03,32.60,0.7407,1,1
118,25,1264.96,129.73,16.46,25.45,0.4307,1,1
118,26,1219.54,0.83,35.25,23.13,0.7004,1,1
119,3,102.77,576.22,19.08,29.71,0.7850,1,1
119,4,1.45,444.65,42.99,56.06,0.8141,1,1
119,17,-0.64,412.50,40.84,40.24,0.8555,1,1
119,21,1217.22,6.99,31.06,36.76,0.7956,1,1
119,26,1215.69,0.70,38.81,25.52,0.7277,1,1
119,27,1218.00,1.96,33.83,37.66,0.3036,1,1
120,3,102.74,576.07,19.16,29.84,0.7815,1,1
120,6,2.81,440.51,40.22,58.02,0.7703,1,1
120,17,-1.75,412.67,42.11,45.10,0.8558,1,1
120,21,1216.44,8.96,30.84,37.18,0.7993,1,1
120,26,1213.07,0.52,40.54,27.58,0.6948,1,1
121,3,102.61,575.86,19.43,30.00,0.7648,1,1
121,4,0.44,437.93,47.67,65.31,0.7155,1,1
121,6,4.87,437.40,37.84,55.99,0.4956,1,1
121,17,-1.64,412.37,40.07,46.65,0.8576,1,1
121,21,1215.20,12.05,30.78,38.08,0.7901,1,1
121,26,1213.14,0.71,38.13,26.32,0.7133,1,1
122,3,102.19,576.06,19.69,30.05,0.7673,1,1
122,4,2.52,436.99,44.52,62.21,0.6810,1,1
122,6,8.87,437.19,34.51,51.51,0.6550,1,1
122,17,-2.15,412.42,40.50,52.02,0.8549,1,1
122,21,1214.54,13.94,29.33,36.67,0.7941,1,1
122,26,1210.95,0.35,39.15,28.55,0.7560,1,1
122,28,1277.71,136.02,19.07,26.80,0.5930,1,1
123,3,102.07,575.97,19.91,30.18,0.7689,1,1
123,4,4.01,435.56,44.44,63.38,0.6453,1,1
123,6,12.74,435.85,31.55,46.83,0.6650,1,1
123,17,-1.55,411.80,38.73,53.65,0.8560,1,1
123,21,1213.45,14.86,28.91,36.29,0.7859,1,1
123,26,1210.54,0.88,38.47,29.15,0.7812,1,1
123,28,1279.91,136.99,18.57,25.45,0.5343,1,1
124,3,102.03,575.97,20.00,30.18,0.7688,1,1
124,4,4.50,435.41,43.77,63.49,0.6451,1,1
124,6,13.02,435.73,31.40,46.44,0.6650,1,1
124,17,-0.80,411.79,37.21,53.69,0.8560,1,1
124,21,1213.45,14.89,28.82,36.27,0.7860,1,1
124,26,1210.93,0.91,37.63,29.17,0.7813,1,1
124,28,1280.04,137.20,18.80,25.16,0.5270,1,1
125,3,101.97,575.92,20.09,30.22,0.7666,1,1
125,4,2.74,434.77,45.24,65.80,0.5312,1,1
125,6,10.62,434.50,35.94,53.89,0.6753,1,1
125,17,-0.86,411.74,37.74,56.55,0.8448,1,1
125,21,1212.62,16.78,29.13,36.03,0.7434,1,1
125,26,1208.77,1.52,38.79,30.98,0.7926,1,1
125,28,1280.14,136.46,18.54,24.44,0.3812,1,1
126,3,101.98,575.94,20.11,30.22,0.7693,1,1
126,4,5.32,432.91,43.99,65.76,0.6458,1,1
126,6,12.26,433.45,33.94,50.62,0.6784,1,1
126,17,-0.53,411.12,36.49,56.12,0.8502,1,1
126,21,1212.02,24.25,31.17,40.61,0.8113,1,1
126,26,1208.66,5.97,37.70,30.06,0.7970,1,1
127,3,101.90,575.81,20.18,30.36,0.7713,1,1
127,4,7.04,433.70,40.91,60.84,0.6866,1,1
127,17,-0.66,410.71,36.23,57.45,0.8430,1,1
127,21,1211.82,26.76,29.49,38.16,0.8207,1,1
127,26,1207.77,7.56,37.67,29.77,0.7688,1,1
128,3,101.91,575.71,20.23,30.43,0.7697,1,1
128,6,8.50,433.33,37.66,53.43,0.7034,1,1
128,17,-0.71,410.26,35.28,58.05,0.8465,1,1
128,21,1212.45,28.32,28.96,36.47,0.8317,1,1
128,26,1207.01,9.91,38.55,30.58,0.7675,1,1
129,3,101.80,575.42,20.40,30.78,0.7801,1,1
129,6,9.75,434.24,36.70,50.35,0.7164,1,1
129,17,-0.44,409.58,34.68,58.43,0.8511,1,1
129,21,1212.90,29.96,28.92,35.98,0.8318,1,1
129,26,1207.11,11.47,38.56,30.63,0.7678,1,1
130,3,101.87,575.48,20.33,30.68,0.7767,1,1
130,6,9.52,434.27,37.28,50.14,0.7165,1,1
130,17,-0.23,409.54,34.28,58.46,0.8510,1,1
130,21,1212.83,29.99,29.10,35.98,0.8318,1,1
130,26,1207.12,11.53,38.56,30.66,0.7679,1,1
131,3,101.66,575.37,20.50,30.97,0.7902,1,1
131,6,9.58,433.83,37.54,50.35,0.7169,1,1
131,17,-0.09,409.22,34.53,59.17,0.8526,1,1
131,21,1212.70,30.72,29.08,35.41,0.8172,1,1
131,26,1207.42,13.25,38.61,30.64,0.7721,1,1
132,3,101.65,575.52,20.45,30.85,0.7800,1,1
132,6,9.10,432.47,37.99,50.87,0.7082,1,1
132,17,-0.15,408.71,34.20,59.11,0.8566,1,1
132,21,1210.86,30.91,31.84,39.20,0.8183,1,1
132,26,1207.47,14.34,38.13,30.29,0.7784,1,1
133,3,101.63,575.59,20.45,30.86,0.7865,1,1
133,6,9.47,432.04,37.16,49.63,0.7103,1,1
133,17,-0.04,408.47,33.88,58.67,0.8585,1,1
133,21,1209.56,31.37,33.24,41.29,0.7904,1,1
133,26,1207.60,15.16,38.67,30.87,0.7808,1,1
134,3,101.64,575.77,20.45,30.79,0.7883,1,1
134,6,9.36,432.00,36.50,48.65,0.7061,1,1
134,17,0.19,408.52,33.76,57.72,0.8614,1,1
134,21,1209.39,33.79,32.37,41.80,0.8407,1,1
134,26,1206.62,16.45,38.77,31.12,0.7807,1,1
135,3,101.61,575.73,20.48,30.81,0.7858,1,1
135,4,8.19,431.24,37.49,55.09,0.5870,1,1
135,6,9.97,430.19,34.48,47.15,0.6948,1,1
135,17,0.51,408.44,34.28,56.64,0.8646,1,1
135,21,1209.34,36.95,29.87,38.40,0.8479,1,1
135,26,1204.58,17.05,40.07,32.91,0.7980,1,1
136,3,101.62,575.73,20.49,30.82,0.7871,1,1
136,4,8.10,431.22,37.64,55.00,0.5863,1,1
136,6,10.32,430.05,33.75,47.03,0.6950,1,1
136,17,0.26,408.44,34.81,56.61,0.8646,1,1
136,21,1209.31,37.00,29.88,38.34,0.8479,1,1
136,26,1204.77,17.07,39.60,32.98,0.7979,1,1
137,3,101.59,575.68,20.52,30.87,0.7873,1,1
137,4,6.66,432.84,37.38,54.05,0.5859,1,1
137,6,9.70,432.19,32.11,44.61,0.7035,1,1
137,17,1.22,408.30,35.73,53.53,0.8680,1,1
137,21,1207.98,39.52,29.77,37.51,0.8118,1,1
137,26,1203.76,18.67,39.59,32.67,0.8123,1,1
137,30,1282.96,164.11,22.60,22.72,0.5241,1,1
138,3,101.57,575.57,20.53,30.96,0.7815,1,1
138,4,5.29,433.13,36.80,51.31,0.7136,1,1
138,6,8.69,431.73,31.67,42.75,0.7124,1,1
138,17,0.92,407.87,37.44,53.02,0.8685,1,1
138,21,1206.52,42.23,30.18,37.08,0.7729,1,1
138,26,1201.45,20.48,40.41,32.90,0.7737,1,1
138,30,1280.47,172.02,21.64,23.65,0.7994,1,1
139,3,101.51,575.33,20.56,31.15,0.7687,1,1
139,4,2.07,436.92,40.49,56.51,0.7697,1,1
139,6,6.44,435.26,33.15,43.62,0.6379,1,1
139,17,0.60,408.04,38.46,52.77,0.8615,1,1
139,21,1203.59,43.21,30.44,36.35,0.7660,1,1
139,26,1199.37,23.35,42.81,35.16,0.8053,1,1
139,30,1275.49,176.44,21.76,23.92,0.2636,1,1
140,3,101.56,575.22,20.53,31.24,0.7653,1,1
140,4,2.11,439.50,39.96,55.26,0.8071,1,1
140,6,5.55,437.35,32.77,42.54,0.2994,1,1
140,17,0.81,408.09,38.13,50.12,0.8577,1,1
140,21,1200.83,45.13,31.47,37.24,0.8069,1,1
140,26,1196.91,25.60,43.12,36.39,0.7941,1,1
140,30,1268.52,182.25,22.64,27.09,0.7183,1,1
141,3,101.59,574.88,20.60,31.49,0.7428,1,1
141,4,2.58,442.10,39.66,53.68,0.8026,1,1
141,17,0.56,408.02,39.02,49.50,0.8711,1,1
141,21,1197.39,48.29,34.29,41.50,0.7932,1,1
141,26,1193.73,26.58,44.36,37.86,0.8207,1,1
141,30,1260.99,184.98,21.65,26.86,0.5671,1,1
142,3,101.61,574.88,20.55,31.52,0.7538,1,1
142,4,2.37,442.19,40.13,53.69,0.8030,1,1
142,17,0.27,408.04,39.60,49.47,0.8711,1,1
142,21,1197.50,48.40,33.94,41.64,0.7928,1,1
142,26,1193.77,26.60,44.15,37.91,0.8211,1,1
142,30,1260.27,185.23,20.83,26.78,0.5689,1,1
143,3,101.55,574.91,20.54,31.59,0.7578,1,1
143,4,3.12,443.62,37.91,48.37,0.8309,1,1
143,17,0.17,407.94,40.20,49.73,0.8735,1,1
143,21,1197.05,53.78,30.32,36.53,0.8083,1,1
143,25,1253.78,187.88,16.95,24.68,0.4618,1,1
143,26,1190.54,29.44,43.83,37.86,0.8166,1,1
144,3,101.60,574.88,20.55,31.66,0.7619,1,1
144,4,3.04,444.62,38.32,47.47,0.8412,1,1
144,17,0.41,408.17,39.61,47.56,0.8839,1,1
144,21,1193.15,55.84,32.86,37.96,0.8373,1,1
144,26,1187.22,31.77,43.53,37.09,0.8206,1,1
145,3,101.58,574.92,20.52,31.62,0.7461,1,1
145,4,3.09,444.93,38.19,46.08,0.8405,1,1
145,17,0.32,408.25,40.25,47.34,0.8811,1,1
145,26,1182.96,34.22,46.09,39.79,0.8491,1,1
145,27,1186.77,56.47,34.82,38.54,0.8139,1,1
146,3,101.49,574.58,20.71,32.03,0.7580,1,1
146,4,2.23,445.86,39.74,48.55,0.8183,1,1
146,17,0.29,408.70,40.86,47.12,0.8856,1,1
146,21,1184.79,59.11,32.40,37.59,0.8203,1,1
146,26,1179.42,35.93,46.55,40.29,0.8703,1,1
147,3,101.55,574.53,20.69,32.07,0.7572,1,1
147,4,3.38,447.39,37.85,44.91,0.8346,1,1
147,17,0.28,409.25,42.15,47.72,0.8859,1,1
147,26,1176.42,37.49,44.76,38.97,0.8282,1,1
147,27,1181.08,59.88,33.46,39.56,0.8119,1,1
148,3,101.58,574.51,20.67,32.11,0.7552,1,1
148,4,3.13,447.42,38.35,44.82,0.8346,1,1
148,17,0.13,409.25,42.48,47.73,0.8859,1,1
148,26,1176.43,37.54,44.56,38.93,0.8282,1,1
148,27,1181.35,59.92,32.73,39.57,0.8119,1,1
149,3,101.62,574.49,20.56,31.99,0.7625,1,1
149,4,2.91,447.60,39.12,45.29,0.8300,1,1
149,17,0.15,409.83,42.84,47.73,0.8826,1,1
149,21,1178.56,62.89,31.92,38.13,0.8234,1,1
149,26,1172.20,38.93,44.62,39.39,0.8798,1,1
149,27,1178.17,58.78,31.91,37.90,0.5311,1,1
150,3,101.90,575.07,20.10,30.92,0.7611,1,1
150,4,2.16,448.50,41.66,49.58,0.7946,1,1
150,17,0.08,410.25,43.09,47.79,0.8785,1,1
150,21,1174.36,65.08,31.49,37.64,0.8087,1,1
150,26,1169.40,40.19,44.82,39.07,0.8714,1,1
151,3,101.84,575.13,20.19,30.82,0.7597,1,1
151,4,2.59,448.44,41.29,50.08,0.7914,1,1
151,17,0.26,410.95,43.41,47.43,0.8778,1,1
151,21,1170.01,65.96,32.12,37.72,0.8257,1,1
151,26,1166.08,42.94,44.32,37.88,0.8677,1,1
152,3,101.77,575.24,20.28,30.77,0.7608,1,1
152,4,3.54,449.98,39.13,46.75,0.8097,1,1
152,17,0.41,411.63,43.60,46.70,0.8779,1,1
152,21,1167.81,68.89,31.82,37.34,0.8016,1,1
152,26,1162.83,44.58,43.84,36.71,0.8556,1,1
153,3,101.61,575.33,20.38,30.80,0.7668,1,1
153,4,4.14,450.49,38.21,43.72,0.8133,1,1
153,17,0.10,411.88,44.51,47.69,0.8774,1,1
153,21,1165.74,71.17,31.67,37.14,0.7859,1,1
153,26,1159.58,46.01,43.30,35.59,0.8564,1,1
154,3,101.59,575.34,20.43,30.78,0.7664,1,1
154,4,3.72,450.50,39.08,43.65,0.8133,1,1
154,17,0.10,411.89,44.51,47.71,0.8772,1,1
154,21,1165.70,71.28,31.62,37.08,0.7853,1,1
154,26,1159.36,46.05,43.63,35.52,0.8564,1,1
155,3,101.30,575.39,20.57,30.95,0.7551,1,1
155,4,2.88,451.42,41.26,46.23,0.8046,1,1
155,17,-0.01,412.18,44.75,48.35,0.8756,1,1
155,21,1161.65,71.91,32.69,38.07,0.7598,1,1
155,26,1156.81,47.61,44.88,37.53,0.8592,1,1
156,3,101.40,575.32,20.49,30.81,0.7523,1,1
156,4,3.39,451.96,41.10,46.27,0.8007,1,1
156,17,0.08,413.09,44.84,48.59,0.8738,1,1
156,21,1157.54,74.18,33.65,40.79,0.8330,1,1
156,26,1153.36,50.21,46.62,40.45,0.8377,1,1
157,3,101.28,575.35,20.47,30.81,0.7572,1,1
157,4,3.81,452.39,40.48,45.26,0.8037,1,1
157,17,-0.01,413.40,44.99,48.84,0.8732,1,1
157,21,1154.91,78.88,31.46,37.09,0.8547,1,1
157,26,1151.01,53.24,44.26,39.21,0.8545,1,1
157,34,1231.34,212.06,18.22,26.15,0.8151,1,1
158,3,101.30,575.30,20.49,30.87,0.7561,1,1
158,4,4.04,453.03,39.94,43.91,0.8120,1,1
158,17,-0.07,413.47,44.97,49.07,0.8735,1,1
158,21,1153.28,83.15,31.48,37.97,0.8429,1,1
158,26,1149.10,58.37,40.73,35.09,0.8385,1,1
158,34,1232.04,211.43,18.01,23.12,0.7466,1,1
159,3,101.35,575.30,20.46,30.82,0.7639,1,1
159,4,3.96,453.55,40.25,43.66,0.8103,1,1
159,17,0.01,413.98,44.79,48.95,0.8742,1,1
159,21,1148.50,86.30,34.24,40.75,0.8454,1,1
159,26,1145.78,61.74,42.06,34.79,0.8386,1,1
159,34,1230.89,210.33,18.30,20.62,0.7352,1,1
160,3,101.37,575.36,20.43,30.78,0.7660,1,1
160,4,3.81,453.59,40.56,43.63,0.8103,1,1
160,17,0.03,414.00,44.75,48.96,0.8741,1,1
160,21,1148.28,86.37,34.53,40.82,0.8447,1,1
160,26,1145.27,61.82,42.98,34.78,0.8385,1,1
160,34,1230.05,210.28,19.89,20.51,0.7360,1,1
161,3,101.40,575.45,20.37,30.65,0.7582,1,1
161,4,4.02,454.01,40.36,43.11,0.8110,1,1
161,17,0.09,414.24,44.71,48.86,0.8743,1,1
161,21,1147.10,90.62,34.21,41.19,0.8208,1,1
161,26,1141.45,64.32,46.90,40.22,0.8558,1,1
161,34,1230.35,210.04,18.27,18.39,0.4748,1,1
162,3,101.45,575.32,20.37,30.74,0.7530,1,1
162,4,4.73,456.00,40.59,42.53,0.8197,1,1
162,17,0.23,414.95,44.62,48.43,0.8804,1,1
162,21,1143.80,93.91,32.76,38.89,0.8335,1,1
162,26,1139.83,66.29,46.30,40.56,0.8525,1,1
162,34,1229.78,211.00,17.40,17.16,0.3675,1,1
163,3,101.48,575.20,20.43,31.04,0.7588,1,1
163,4,4.48,457.11,40.84,41.62,0.8355,1,1
163,17,0.22,415.10,45.09,48.73,0.8830,1,1
163,21,1141.04,94.99,33.66,39.45,0.8188,1,1
163,26,1137.87,68.73,46.28,40.39,0.8518,1,1
163,34,1225.83,211.89,18.30,17.70,0.6247,1,1
164,3,101.54,575.31,20.29,30.90,0.7550,1,1
164,4,4.42,457.17,41.32,41.53,0.8334,1,1
164,17,0.06,415.22,45.46,49.27,0.8817,1,1
164,21,1138.37,95.50,33.87,40.28,0.7946,1,1
164,26,1135.65,70.56,47.94,42.00,0.8553,1,1
164,34,1221.44,214.69,20.85,20.78,0.7422,1,1
165,3,101.58,575.42,20.15,30.74,0.7521,1,1
165,4,4.04,457.25,41.88,41.84,0.8281,1,1
165,17,0.08,415.21,45.42,49.32,0.8813,1,1
165,21,1135.36,97.84,32.95,37.79,0.7938,1,1
165,26,1133.17,70.71,47.48,41.06,0.8313,1,1
165,34,1220.18,220.80,20.48,20.79,0.8203,1,1
166,3,101.58,575.43,20.11,30.74,0.7559,1,1
166,4,3.95,457.26,42.04,41.87,0.8282,1,1
166,17,0.10,415.21,45.38,49.33,0.8815,1,1
166,21,1134.91,97.92,33.63,37.70,0.7940,1,1
166,26,1132.94,70.71,47.84,41.03,0.8311,1,1
166,34,1220.23,220.98,20.30,20.78,0.8200,1,1
167,3,101.62,575.39,20.10,30.77,0.7529,1,1
167,4,4.19,457.21,42.00,41.65,0.8192,1,1
167,17,0.12,415.41,45.49,49.40,0.8817,1,1
167,26,1129.21,72.65,50.95,44.49,0.8509,1,1
167,27,1131.06,97.88,35.10,44.11,0.8140,1,1
167,34,1215.73,227.50,22.52,23.85,0.7876,1,1
168,3,101.69,575.52,20.06,30.67,0.7580,1,1
168,4,3.75,457.21,42.55,42.05,0.8199,1,1
168,17,0.10,415.35,45.52,49.46,0.8817,1,1
168,26,1126.04,74.24,51.91,46.22,0.8513,1,1
168,27,1126.85,99.55,34.99,43.98,0.8456,1,1
168,34,1211.75,236.05,21.80,23.29,0.5951,1,1
169,3,101.75,575.59,20.10,30.58,0.7651,1,1
169,4,4.22,457.60,41.89,41.07,0.8288,1,1
169,17,0.09,415.32,45.66,49.61,0.8835,1,1
169,26,1122.43,75.94,52.36,46.04,0.8570,1,1
169,27,1123.36,102.09,34.37,42.69,0.8517,1,1
169,34,1206.48,246.69,22.61,24.97,0.8143,1,1
170,3,101.69,575.62,20.17,30.58,0.7742,1,1
170,4,4.13,457.56,42.10,41.15,0.8350,1,1
170,17,0.09,415.27,45.67,49.65,0.8831,1,1
170,26,1117.82,77.73,54.58,47.10,0.8370,1,1
170,27,1119.91,104.45,34.49,42.23,0.8114,1,1
170,34,1199.02,255.31,22.69,25.01,0.6439,1,1
171,3,101.69,575.51,20.26,30.66,0.7685,1,1
171,4,3.76,457.48,42.56,41.14,0.8388,1,1
171,17,0.15,415.35,45.60,49.51,0.8825,1,1
171,26,1113.92,79.80,55.67,47.35,0.8539,1,1
171,27,1115.59,107.20,35.41,42.06,0.8036,1,1
171,34,1189.04,261.03,25.83,28.60,0.7591,1,1
172,3,101.69,575.52,20.27,30.62,0.7682,1,1
172,4,3.69,457.48,42.74,41.09,0.8377,1,1
172,17,0.13,415.35,45.61,49.52,0.8824,1,1
172,26,1113.65,79.86,56.07,47.37,0.8537,1,1
172,27,1115.13,107.29,36.09,42.06,0.8036,1,1
172,34,1188.53,261.25,25.95,28.85,0.7605,1,1
173,3,101.69,575.54,20.13,30.39,0.7486,1,1
173,4,3.86,457.39,42.69,40.78,0.8399,1,1
173,17,0.14,415.37,45.58,49.46,0.8821,1,1
173,26,1109.47,81.79,56.65,47.29,0.8275,1,1
173,27,1110.57,109.16,36.70,42.52,0.8385,1,1
173,34,1178.68,268.61,24.73,28.90,0.8579,1,1
174,3,101.69,575.53,20.10,30.36,0.7438,1,1
174,4,3.88,457.36,42.55,40.41,0.8416,1,1
174,17,0.14,415.38,45.60,49.47,0.8822,1,1
174,26,1104.94,86.03,57.24,46.58,0.8478,1,1
174,27,1105.96,111.74,37.65,44.09,0.8383,1,1
174,34,1166.24,271.34,24.15,29.77,0.8010,1,1
175,3,101.68,575.42,20.17,30.47,0.7457,1,1
175,4,3.75,457.10,42.73,40.54,0.8332,1,1
175,17,0.13,415.37,45.56,49.45,0.8822,1,1
175,26,1097.13,87.70,62.93,52.53,0.8481,1,1
175,27,1100.23,114.84,38.27,45.26,0.8612,1,1
175,34,1152.46,273.47,22.65,28.21,0.7209,1,1
176,3,101.70,575.41,20.17,30.47,0.7458,1,1
176,4,3.73,457.01,42.54,40.35,0.8318,1,1
176,17,0.02,414.81,45.56,49.79,0.8803,1,1
176,26,1093.89,92.22,59.49,48.37,0.8405,1,1
176,27,1095.96,120.89,36.65,42.90,0.8485,1,1
176,34,1140.79,276.11,23.28,30.46,0.8438,1,1
177,3,101.69,575.55,20.18,30.55,0.7761,1,1
177,4,3.99,456.24,41.06,38.76,0.8201,1,1
177,17,0.18,415.00,45.15,49.25,0.8808,1,1
177,26,1089.28,95.35,59.53,47.05,0.8517,1,1
177,27,1091.72,124.89,35.86,41.09,0.7969,1,1
177,34,1130.19,280.42,23.86,32.10,0.6938,1,1
178,3,101.71,575.55,20.16,30.57,0.7771,1,1
178,4,3.95,456.21,41.13,38.71,0.8201,1,1
178,17,0.16,415.00,45.19,49.25,0.8809,1,1
178,26,1088.81,95.42,60.31,47.03,0.8517,1,1
178,27,1091.34,125.03,36.32,41.01,0.7967,1,1
178,34,1129.65,280.74,23.32,32.24,0.6904,1,1
179,3,101.66,575.50,20.18,30.82,0.8013,1,1
179,4,3.22,455.00,43.29,42.10,0.8431,1,1
179,17,0.04,414.25,45.07,49.30,0.8752,1,1
179,26,1081.94,97.87,61.95,49.75,0.8355,1,1
179,27,1084.20,126.74,38.51,44.69,0.8483,1,1
179,34,1121.17,279.93,20.44,29.05,0.7760,1,1
180,3,101.77,575.51,20.12,30.79,0.7992,1,1
180,4,3.01,453.77,42.02,41.76,0.8225,1,1
180,17,-0.04,413.25,45.05,49.51,0.8771,1,1
180,26,1078.47,100.90,58.28,45.82,0.8493,1,1
180,27,1078.74,128.31,40.02,48.05,0.8608,1,1
180,34,1113.86,282.81,19.30,26.40,0.8401,1,1
181,3,102.07,576.65,20.02,30.61,0.8387,1,1
181,4,2.41,451.97,41.86,42.88,0.8232,1,1
181,17,-0.03,412.61,44.04,48.75,0.8778,1,1
181,26,1070.84,101.79,59.60,47.47,0.8481,1,1
181,27,1075.05,130.84,37.36,45.13,0.8564,1,1
181,34,1108.71,283.62,20.63,29.08,0.8076,1,1
182,3,102.08,576.62,20.04,30.64,0.8381,1,1
182,4,2.13,450.16,41.05,42.95,0.8227,1,1
182,17,-0.09,411.65,43.47,48.60,0.8800,1,1
182,26,1064.73,103.40,59.25,48.13,0.8653,1,1
182,27,1069.80,132.84,37.46,44.36,0.8218,1,1
182,34,1104.21,285.51,21.62,31.47,0.7514,1,1
183,3,102.06,576.46,20.10,30.79,0.8388,1,1
183,4,1.39,449.10,42.05,45.52,0.8053,1,1
183,17,0.03,410.74,42.64,47.63,0.8768,1,1
183,26,1059.97,104.24,57.63,48.78,0.8557,1,1
183,27,1065.23,138.71,36.65,42.43,0.8191,1,1
183,34,1104.05,292.48,20.38,31.78,0.8080,1,1
184,3,102.07,576.43,20.09,30.84,0.8394,1,1
184,4,1.81,449.03,41.23,45.65,0.8053,1,1
184,17,0.02,410.70,42.64,47.64,0.8764,1,1
184,26,1060.49,104.27,56.37,48.81,0.8555,1,1
184,27,1064.87,138.90,37.05,42.33,0.8186,1,1
184,34,1104.44,292.71,19.60,31.80,0.8077,1,1
185,3,102.05,576.38,20.08,30.89,0.8407,1,1
185,4,1.60,447.25,41.93,47.39,0.7825,1,1
185,17,-0.25,409.27,42.46,48.17,0.8791,1,1
185,26,1056.77,107.36,53.95,46.95,0.8363,1,1
185,27,1060.61,138.65,37.70,43.11,0.7887,1,1
185,34,1105.88,298.03,18.82,31.06,0.7887,1,1
186,3,102.01,576.21,20.14,31.08,0.8401,1,1
186,4,1.88,445.96,40.37,45.98,0.8004,1,1
186,17,-0.12,408.61,41.17,47.08,0.8836,1,1
186,26,1051.31,109.68,53.65,46.29,0.8450,1,1
186,27,1056.12,141.56,37.64,43.99,0.8694,1,1
186,34,1107.03,302.00,21.26,33.65,0.8362,1,1
187,3,101.97,576.02,20.21,31.34,0.8507,1,1
187,4,-0.08,442.46,43.08,51.95,0.8031,1,1
187,17,0.05,408.54,40.79,46.48,0.8785,1,1
187,26,1047.41,112.91,53.20,46.08,0.8363,1,1
187,27,1051.47,143.82,40.98,48.65,0.8589,1,1
187,34,1113.69,305.96,20.99,32.36,0.8116,1,1
188,3,102.00,576.13,20.08,31.28,0.8501,1,1
188,4,0.93,441.32,41.08,51.54,0.8337,1,1
188,17,0.07,408.08,40.47,45.94,0.8759,1,1
188,26,1043.46,115.65,52.63,47.05,0.8684,1,1
188,27,1048.32,149.48,37.04,42.73,0.8289,1,1
188,34,1120.80,308.31,21.01,30.49,0.8209,1,1
189,3,101.85,575.67,19.78,31.26,0.8249,1,1
189,4,1.29,440.34,40.23,51.61,0.8245,1,1
189,17,-0.09,407.10,40.39,46.10,0.8745,1,1
189,26,1038.72,118.04,53.28,49.57,0.8563,1,1
189,27,1044.79,153.18,37.36,42.05,0.8004,1,1
189,34,1125.33,309.15,22.06,28.99,0.8555,1,1
190,3,101.94,575.66,19.59,31.25,0.8248,1,1
190,4,1.53,440.32,39.74,51.64,0.8239,1,1
190,17,-0.04,407.14,40.25,46.06,0.8741,1,1
190,26,1039.15,118.08,52.21,49.61,0.8563,1,1
190,27,1044.40,153.29,37.95,42.01,0.8001,1,1
190,34,1124.99,309.12,22.97,28.99,0.8564,1,1
191,3,101.93,575.52,19.55,31.26,0.8347,1,1
191,4,1.20,439.03,40.20,53.37,0.8247,1,1
191,17,0.05,406.86,40.22,45.89,0.8673,1,1
191,21,1040.30,156.37,38.88,48.98,0.8313,1,1
191,26,1036.43,123.45,49.58,45.67,0.8383,1,1
191,34,1129.22,308.70,23.41,27.83,0.8374,1,1
192,3,102.04,575.40,19.38,31.07,0.8231,1,1
192,4,1.20,437.91,40.23,54.59,0.8124,1,1
192,17,0.04,406.48,40.54,46.16,0.8575,1,1
192,21,1037.01,160.30,37.56,46.48,0.8330,1,1
192,26,1033.01,128.90,50.22,45.88,0.8555,1,1
192,34,1132.25,307.72,22.28,25.68,0.8235,1,1
193,3,102.21,575.16,19.50,31.00,0.8096,1,1
193,4,1.52,436.80,39.87,54.98,0.8121,1,1
193,17,0.18,406.48,40.70,45.95,0.8548,1,1
193,21,1033.79,168.11,36.91,43.59,0.8444,1,1
193,26,1029.96,132.79,51.18,47.58,0.8577,1,1
193,34,1133.40,305.37,22.36,24.64,0.8327,1,1
194,3,102.15,574.92,19.63,31.15,0.7884,1,1
194,4,2.60,436.89,38.41,52.16,0.8281,1,1
194,17,0.17,406.43,40.91,45.83,0.8503,1,1
194,21,1030.41,171.28,39.95,48.33,0.8278,1,1
194,26,1027.22,136.58,52.11,49.72,0.8538,1,1
194,34,1133.02,304.48,21.32,22.64,0.8255,1,1
195,3,102.27,574.92,19.48,30.94,0.7691,1,1
195,4,1.77,436.16,39.70,54.56,0.8175,1,1
195,17,0.08,406.65,40.76,45.60,0.8504,1,1
195,21,1028.22,173.99,38.68,46.50,0.8189,1,1
195,26,1025.49,141.74,51.49,48.74,0.8567,1,1
195,34,1131.66,305.82,20.39,21.47,0.8005,1,1
196,3,102.28,574.89,19.48,30.98,0.7711,1,1
196,4,1.88,436.14,39.47,54.66,0.8173,1,1
196,17,0.08,406.70,40.75,45.54,0.8510,1,1
196,21,1028.09,174.06,38.78,46.44,0.8188,1,1
196,26,1025.36,141.82,51.68,48.73,0.8569,1,1
196,34,1131.56,305.85,20.47,21.44,0.8004,1,1
197,3,102.32,574.81,19.58,31.09,0.7712,1,1
197,4,2.54,436.50,38.81,53.32,0.8187,1,1
197,17,0.11,406.82,40.74,45.44,0.8500,1,1
197,21,1025.07,176.91,38.09,44.61,0.7967,1,1
197,26,1022.48,143.73,54.69,50.97,0.8814,1,1
197,34,1128.15,307.11,20.88,21.13,0.8071,1,1
198,3,102.24,574.92,19.54,31.00,0.7754,1,1
198,4,2.72,436.44,38.68,52.58,0.8315,1,1
198,17,0.09,406.79,40.84,45.51,0.8510,1,1
198,21,1022.80,180.85,37.99,42.90,0.7899,1,1
198,26,1020.81,145.42,56.61,51.22,0.8801,1,1
198,34,1122.34,312.64,22.71,23.59,0.8610,1,1
199,3,102.17,574.91,19.58,30.96,0.7681,1,1
199,4,2.77,436.19,38.55,52.00,0.8446,1,1
199,17,0.11,406.83,40.80,45.39,0.8511,1,1
199,26,1018.59,147.36,58.86,52.40,0.8557,1,1
199,27,1019.34,181.90,41.20,46.46,0.8122,1,1
199,34,1118.37,318.93,23.72,24.62,0.8442,1,1
200,3,102.16,574.96,19.62,30.97,0.7745,1,1
200,4,2.89,436.34,38.80,52.66,0.8403,1,1
200,17,0.27,407.53,40.64,44.86,0.8515,1,1
200,26,1015.85,149.72,60.70,53.95,0.8585,1,1
200,27,1016.55,184.40,40.11,46.49,0.8492,1,1
200,34,1113.15,329.05,26.18,28.21,0.8384,1,1
201,3,102.14,574.88,19.71,31.08,0.7769,1,1
201,4,2.60,436.09,39.47,54.21,0.8125,1,1
201,17,0.12,407.78,40.71,44.91,0.8456,1,1
201,26,1012.22,151.90,63.18,57.16,0.8583,1,1
201,27,1013.33,185.63,39.54,46.54,0.8285,1,1
201,34,1107.43,339.63,27.58,30.60,0.8309,1,1
202,3,102.13,574.88,19.73,31.09,0.7780,1,1
202,4,2.73,436.07,39.22,54.27,0.8121,1,1
202,17,0.12,407.78,40.73,44.92,0.8455,1,1
202,26,1012.42,151.95,62.67,57.22,0.8588,1,1
202,27,1013.40,185.64,39.20,46.53,0.8287,1,1
202,34,1107.50,339.90,27.17,30.68,0.8311,1,1
203,3,102.14,574.92,19.70,30.98,0.7773,1,1
203,4,2.98,436.20,38.86,54.02,0.8226,1,1
203,17,0.13,408.06,40.69,44.83,0.8478,1,1
203,26,1009.77,155.86,62.91,55.68,0.8791,1,1
203,27,1009.89,188.21,40.11,47.59,0.8207,1,1
203,34,1102.69,353.28,25.31,28.85,0.8718,1,1
204,3,102.09,574.78,19.82,31.17,0.7815,1,1
204,4,1.80,436.82,40.92,58.93,0.8138,1,1
204,17,0.16,408.96,40.32,44.35,0.8493,1,1
204,26,1006.16,158.99,64.75,56.40,0.8749,1,1
204,27,1007.32,193.91,37.70,43.74,0.7977,1,1
204,34,1093.15,364.22,26.37,31.08,0.8205,1,1
205,3,101.96,575.24,19.76,31.11,0.7959,1,1
205,4,2.96,437.52,38.68,55.94,0.8248,1,1
205,17,-0.01,409.39,40.00,44.26,0.8565,1,1
205,26,1002.57,161.40,64.86,55.87,0.8492,1,1
205,27,1003.93,196.44,41.44,48.59,0.8296,1,1
205,34,1084.24,374.08,26.29,33.01,0.7932,1,1
206,3,101.95,575.51,19.67,31.02,0.8061,1,1
206,4,3.61,438.56,37.12,51.74,0.8398,1,1
206,17,-0.36,409.38,39.63,44.93,0.8563,1,1
206,26,998.93,165.55,66.14,56.31,0.8529,1,1
206,27,999.44,199.04,40.51,47.54,0.8487,1,1
206,34,1073.06,381.81,23.54,32.87,0.8782,1,1
207,3,102.06,576.28,19.25,30.54,0.8278,1,1
207,4,2.88,438.60,38.20,52.94,0.8193,1,1
207,17,0.10,409.92,38.75,43.97,0.8559,1,1
207,26,994.60,171.42,67.46,55.71,0.8469,1,1
207,27,996.06,203.78,40.97,46.99,0.7946,1,1
207,34,1060.92,388.46,22.64,32.97,0.7796,1,1
208,3,102.09,576.24,19.18,30.55,0.8258,1,1
208,4,2.80,438.59,38.37,52.99,0.8195,1,1
208,17,0.14,409.96,38.70,43.93,0.8557,1,1
208,26,993.94,171.52,68.55,55.70,0.8486,1,1
208,27,995.64,203.96,41.60,46.95,0.7947,1,1
208,34,1060.79,388.77,21.81,32.92,0.7790,1,1
208,38,943.32,346.28,18.91,35.77,0.8817,1,1
209,3,101.77,575.84,19.71,31.40,0.8429,1,1
209,4,1.83,439.10,40.78,58.74,0.8081,1,1
209,17,0.08,410.73,38.38,43.70,0.8554,1,1
209,26,989.34,175.86,70.59,57.88,0.8405,1,1
209,27,990.90,210.70,41.66,46.52,0.8177,1,1
209,34,1048.72,395.14,21.12,32.14,0.7362,1,1
209,38,936.96,349.42,17.83,32.86,0.8586,1,1
210,3,101.89,575.96,19.50,31.27,0.8442,1,1
210,4,1.48,438.39,40.94,60.92,0.7670,1,1
210,17,-0.11,411.02,37.78,43.60,0.8598,1,1
210,26,986.34,179.76,69.55,56.70,0.8401,1,1
210,27,985.50,213.75,40.89,45.76,0.8589,1,1
210,34,1037.32,398.72,21.54,32.37,0.8347,1,1
210,38,930.11,351.00,18.66,32.69,0.8850,1,1
211,3,102.16,576.72,19.13,30.58,0.8501,1,1
211,4,2.23,438.29,36.56,54.02,0.7283,1,1
211,17,-0.31,411.95,36.36,43.06,0.8676,1,1
211,26,979.50,183.52,72.27,59.55,0.8620,1,1
211,27,979.69,219.89,40.31,44.53,0.8199,1,1
211,34,1024.89,403.88,21.30,31.95,0.7204,1,1
211,38,925.27,355.51,18.30,31.81,0.8634,1,1
212,3,102.18,576.82,19.16,30.48,0.8500,1,1
212,4,3.11,438.30,34.10,49.03,0.7255,1,1
212,17,-0.12,412.76,35.86,43.00,0.8607,1,1
212,26,973.38,189.61,71.28,57.46,0.8589,1,1
212,27,973.56,222.85,41.21,46.97,0.8721,1,1
212,34,1015.36,405.84,22.07,32.17,0.8171,1,1
212,38,920.53,364.77,17.03,26.95,0.8216,1,1
213,3,102.23,577.05,19.11,30.23,0.8463,1,1
213,4,2.37,439.28,35.27,48.56,0.7881,1,1
213,17,0.00,413.10,35.34,42.55,0.8655,1,1
213,26,966.12,191.01,72.50,58.08,0.8489,1,1
213,27,967.11,225.98,41.31,47.51,0.8764,1,1
213,34,1007.17,409.32,23.00,32.47,0.8241,1,1
213,38,915.17,366.64,19.18,29.46,0.8518,1,1
214,3,102.22,577.12,19.15,30.17,0.8455,1,1
214,4,1.97,439.30,36.09,48.55,0.7880,1,1
214,17,0.04,413.10,35.26,42.53,0.8655,1,1
214,26,965.85,191.02,72.78,58.11,0.8487,1,1
214,27,967.10,226.03,41.18,47.58,0.8759,1,1
214,34,1006.78,409.41,23.39,32.47,0.8240,1,1
214,38,914.93,366.52,19.55,29.68,0.8521,1,1
215,3,102.14,576.71,19.38,30.63,0.8461,1,1
215,4,1.24,440.80,36.09,45.63,0.8710,1,1
215,17,-0.00,413.17,35.38,42.81,0.8689,1,1
215,26,959.83,193.67,71.73,56.04,0.8362,1,1
215,27,961.79,228.71,40.14,46.17,0.8733,1,1
215,34,1001.56,414.63,24.56,35.01,0.7791,1,1
215,38,910.63,371.56,18.10,28.08,0.7759,1,1
216,3,102.05,576.64,19.40,30.70,0.8400,1,1
216,4,0.83,440.33,35.92,44.51,0.8768,1,1
216,17,-0.01,413.83,34.84,42.34,0.8624,1,1
216,26,954.26,195.63,74.36,59.06,0.8417,1,1
216,27,954.70,229.42,43.13,50.28,0.7876,1,1
216,34,1002.01,420.66,23.21,34.89,0.8414,1,1
216,38,906.52,375.51,18.63,28.94,0.7311,1,1
217,3,102.10,576.68,19.34,30.67,0.8375,1,1
217,4,0.87,440.36,35.55,43.59,0.8602,1,1
217,17,0.06,414.12,34.72,42.22,0.8603,1,1
217,26,946.82,200.79,75.27,59.31,0.8520,1,1
217,27,949.83,235.65,40.91,46.83,0.8139,1,1
217,34,1003.25,425.26,23.50,36.92,0.7484,1,1
217,38,900.82,380.61,19.26,28.62,0.8728,1,1
218,3,102.10,576.37,19.41,30.78,0.8372,1,1
218,4,0.97,440.22,35.61,43.26,0.8523,1,1
218,17,0.05,414.14,34.70,42.27,0.8608,1,1
218,26,942.63,204.34,75.45,58.62,0.8399,1,1
218,27,943.79,239.43,42.00,47.07,0.8451,1,1
218,34,1008.74,431.48,21.24,34.98,0.8490,1,1
218,38,894.43,383.96,20.92,32.47,0.8266,1,1
219,3,102.17,576.42,19.30,30.53,0.8250,1,1
219,4,1.01,440.63,35.57,42.81,0.8587,1,1
219,17,0.04,414.09,34.52,42.13,0.8618,1,1
219,26,936.52,207.97,75.95,58.76,0.8545,1,1
219,27,939.10,241.84,42.29,48.22,0.8331,1,1
219,34,1015.59,438.57,20.69,31.53,0.8694,1,1
219,38,888.57,393.48,19.41,29.03,0.6956,1,1
219,40,12.18,487.28,29.82,34.63,0.4675,1,1
220,3,102.16,576.39,19.32,30.58,0.8260,1,1
220,4,0.94,440.67,35.68,42.69,0.8611,1,1
220,17,0.07,414.12,34.48,42.10,0.8613,1,1
220,26,936.29,208.04,76.09,58.78,0.8556,1,1
220,27,939.20,241.93,41.88,48.21,0.8332,1,1
220,34,1015.42,438.67,21.29,31.47,0.8686,1,1
220,38,887.87,394.22,19.88,28.74,0.6966,1,1
220,40,12.26,487.25,29.70,34.62,0.4635,1,1
221,3,102.13,576.24,19.34,30.60,0.8133,1,1
221,4,0.83,440.50,36.21,43.31,0.8691,1,1
221,17,0.02,414.11,34.34,42.05,0.8601,1,1
221,26,929.90,211.23,77.10,60.31,0.8495,1,1
221,27,933.44,246.09,41.65,46.96,0.8174,1,1
221,34,1020.85,441.08,22.24,30.60,0.8371,1,1
221,38,880.66,399.54,21.72,31.45,0.3371,1,1
221,40,12.39,487.56,29.41,34.35,0.3693,1,1
222,3,102.14,576.39,19.30,30.49,0.8169,1,1
222,4,0.93,440.41,36.19,43.27,0.8726,1,1
222,17,0.04,414.16,34.31,42.11,0.8593,1,1
222,26,927.52,214.68,75.42,59.64,0.8530,1,1
222,27,929.17,252.71,42.25,46.69,0.8639,1,1
222,34,1027.73,439.85,23.64,31.30,0.8728,1,1
222,38,871.67,411.48,21.89,28.65,0.8730,1,1
223,3,102.18,576.56,19.19,30.33,0.8134,1,1
223,4,0.80,440.05,36.32,43.57,0.8676,1,1
223,17,0.11,414.21,33.99,41.60,0.8577,1,1
223,26,921.84,219.30,76.18,62.50,0.8569,1,1
223,27,924.07,256.72,42.57,47.46,0.8304,1,1
223,34,1033.83,440.87,24.34,29.24,0.8700,1,1
223,38,864.28,417.68,23.44,31.65,0.8263,1,1
224,3,102.14,576.44,19.11,30.31,0.8074,1,1
224,4,0.72,439.67,36.37,43.81,0.8654,1,1
224,17,0.09,414.24,33.81,41.34,0.8567,1,1
224,26,914.34,227.10,77.17,61.18,0.8606,1,1
224,27,919.12,263.60,42.36,47.48,0.8062,1,1
224,34,1037.80,439.89,26.43,30.06,0.8413,1,1
224,38,857.64,426.68,23.12,31.76,0.7833,1,1
225,3,102.19,576.57,18.97,30.15,0.8027,1,1
225,4,0.72,439.65,36.23,43.73,0.8622,1,1
225,17,0.11,414.27,33.81,41.27,0.8565,1,1
225,26,913.89,233.92,75.14,59.22,0.8365,1,1
225,27,913.92,268.01,44.27,49.73,0.8367,1,1
225,34,1040.61,439.33,27.18,28.88,0.8640,1,1
225,38,850.61,433.05,23.18,32.68,0.8936,1,1
226,3,102.21,576.59,18.94,30.11,0.8031,1,1
226,4,0.73,439.63,36.19,43.73,0.8620,1,1
226,17,0.10,414.27,33.84,41.26,0.8565,1,1
226,26,913.79,234.10,75.32,59.13,0.8368,1,1
226,27,913.85,268.14,44.25,49.76,0.8372,1,1
226,34,1040.27,439.32,27.97,28.85,0.8639,1,1
226,38,850.61,433.11,23.03,32.69,0.8934,1,1
227,3,102.20,576.48,19.03,30.25,0.8108,1,1
227,4,0.73,439.72,36.50,44.64,0.8601,1,1
227,17,0.10,414.27,33.78,41.13,0.8568,1,1
227,26,908.64,239.25,77.80,62.40,0.8469,1,1
227,27,909.57,274.03,46.71,53.55,0.7735,1,1
227,34,1042.61,440.83,24.68,24.38,0.7656,1,1
227,38,844.63,438.63,23.63,32.95,0.8572,1,1
228,3,102.17,576.37,19.06,30.31,0.8066,1,1
228,4,0.84,439.69,36.39,44.56,0.8564,1,1
228,17,0.05,414.30,33.87,41.33,0.8562,1,1
228,26,903.05,246.38,78.94,62.77,0.8585,1,1
228,27,906.49,281.14,44.43,50.21,0.8246,1,1
228,34,1039.83,439.76,25.73,25.03,0.8145,1,1
228,38,839.08,443.32,23.32,33.87,0.8643,1,1
229,3,102.22,576.58,18.99,30.13,0.8108,1,1
229,4,0.86,439.54,37.22,45.49,0.8661,1,1
229,17,0.08,414.29,33.62,41.08,0.8521,1,1
229,26,901.31,250.62,79.15,63.20,0.8591,1,1
229,27,901.34,284.04,45.44,52.81,0.8099,1,1
229,34,1035.31,441.76,26.13,25.16,0.8283,1,1
229,38,835.22,447.73,22.74,32.92,0.9127,1,1
230,3,102.23,576.67,18.94,30.02,0.8079,1,1
230,4,0.71,439.46,37.45,45.77,0.8688,1,1
230,17,-0.03,414.27,33.65,41.41,0.8497,1,1
230,26,898.00,254.16,79.63,63.91,0.8718,1,1
230,27,899.11,292.80,43.97,51.22,0.8125,1,1
230,34,1031.70,448.80,23.73,22.89,0.8140,1,1
230,38,831.25,452.16,23.22,32.52,0.8561,1,1
231,3,102.15,576.43,19.07,30.31,0.8100,1,1
231,4,0.81,439.47,37.91,46.24,0.8706,1,1
231,17,0.03,414.51,33.46,41.33,0.8436,1,1
231,26,895.31,258.98,79.34,62.47,0.8577,1,1
231,27,895.82,297.46,41.87,48.27,0.8174,1,1
231,38,828.99,457.62,22.91,31.68,0.8433,1,1
232,3,102.17,576.41,19.03,30.32,0.8090,1,1
232,4,0.88,439.18,37.96,46.44,0.8705,1,1
232,17,0.13,414.69,33.19,40.97,0.8413,1,1
232,26,894.90,259.05,80.11,62.48,0.8585,1,1
232,27,895.62,297.57,42.05,48.19,0.8173,1,1
232,38,828.88,457.72,23.08,31.67,0.8432,1,1
233,3,102.20,576.38,19.06,30.36,0.8110,1,1
233,4,0.93,439.47,37.86,45.56,0.8718,1,1
233,17,-0.53,414.29,33.86,42.85,0.8321,1,1
233,26,889.56,262.06,82.70,65.20,0.8364,1,1
233,27,891.12,298.23,44.01,51.67,0.8252,1,1
233,38,825.95,462.36,22.45,30.89,0.8490,1,1
234,3,102.22,576.43,19.02,30.28,0.8095,1,1
234,4,1.41,439.57,37.55,45.19,0.8681,1,1
234,17,-0.18,415.14,33.17,42.35,0.8285,1,1
234,26,886.25,266.28,81.91,63.80,0.8683,1,1
234,27,888.08,306.64,45.17,52.02,0.7770,1,1
234,38,824.40,465.38,22.01,30.58,0.8632,1,1
235,3,102.22,576.53,19.02,30.22,0.8108,1,1
235,4,1.51,439.60,37.66,45.20,0.8642,1,1
235,17,-0.09,415.67,33.13,42.53,0.8266,1,1
235,26,881.95,269.76,83.86,66.68,0.8561,1,1
235,27,882.85,309.69,43.68,49.53,0.8499,1,1
235,38,823.88,466.54,22.54,31.55,0.8514,1,1
235,40,13.94,488.29,30.61,36.21,0.3030,1,1
236,3,102.20,576.60,19.04,30.18,0.8123,1,1
236,4,1.59,439.72,37.74,45.08,0.8636,1,1
236,17,-0.03,415.92,32.95,42.41,0.8261,1,1
236,26,877.44,275.07,84.16,67.62,0.8318,1,1
236,27,878.68,313.04,44.44,49.64,0.8300,1,1
236,38,823.31,466.93,22.40,31.01,0.8841,1,1
236,40,14.09,488.26,30.39,36.14,0.2727,1,1
237,3,102.17,576.56,19.04,30.17,0.8103,1,1
237,4,2.35,440.23,37.88,44.09,0.8624,1,1
237,17,-0.60,416.06,34.16,45.16,0.8198,1,1
237,26,872.50,278.55,84.23,66.96,0.8683,1,1
237,27,871.82,320.31,44.71,49.62,0.8003,1,1
237,38,822.67,466.89,21.74,29.87,0.8896,1,1
237,40,13.91,488.18,30.58,36.43,0.2618,1,1
238,3,102.18,576.55,19.05,30.18,0.8129,1,1
238,4,2.14,440.24,38.35,44.08,0.8625,1,1
238,17,-0.35,416.06,33.67,45.25,0.8200,1,1
238,26,872.26,278.61,84.56,66.91,0.8689,1,1
238,27,871.50,320.55,44.90,49.61,0.8005,1,1
238,38,822.65,466.90,21.78,29.83,0.8897,1,1
238,40,13.97,488.11,30.60,36.51,0.2618,1,1
239,3,102.20,576.61,19.01,30.12,0.8130,1,1
239,4,1.91,440.70,38.65,43.70,0.8668,1,1
239,17,-0.10,416.41,33.77,45.57,0.8144,1,1
239,26,866.45,283.01,86.41,69.68,0.8571,1,1
239,27,865.94,325.56,42.99,47.80,0.8175,1,1
239,38,822.41,467.27,21.38,29.53,0.8828,1,1
240,3,102.18,576.73,19.02,30.07,0.8128,1,1
240,4,1.80,440.94,39.03,43.85,0.8678,1,1
240,17,0.09,416.68,34.36,46.17,0.8094,1,1
240,26,860.77,289.94,85.22,66.95,0.8598,1,1
240,27,861.14,330.69,42.42,47.64,0.8126,1,1
240,38,821.96,467.70,20.48,28.19,0.8688,1,1
241,3,101.94,576.48,18.91,30.23,0.8016,1,1
241,4,1.54,441.98,39.62,43.98,0.8391,1,1
241,17,0.24,417.10,35.25,46.89,0.8137,1,1
241,26,855.27,296.74,87.26,68.79,0.8580,1,1
241,27,852.63,336.29,41.67,47.65,0.8271,1,1
241,38,820.63,469.54,19.64,28.29,0.8579,1,1
242,3,102.15,576.54,18.73,29.96,0.7984,1,1
242,4,1.12,442.03,41.13,45.65,0.7953,1,1
242,17,0.15,417.87,36.22,47.88,0.8153,1,1
242,26,847.64,303.58,86.85,67.87,0.8567,1,1
242,27,844.89,342.01,41.63,49.05,0.8146,1,1
242,38,819.43,470.69,19.95,28.01,0.8611,1,1
243,3,102.19,576.69,18.64,29.84,0.7997,1,1
243,4,2.66,443.49,40.41,45.60,0.8130,1,1
243,17,0.29,418.35,36.92,48.22,0.8176,1,1
243,26,840.79,310.38,87.81,67.96,0.8516,1,1
243,27,838.69,350.90,39.37,45.75,0.7919,1,1
243,38,816.87,473.58,17.52,24.05,0.7816,1,1
244,3,102.20,576.68,18.64,29.84,0.8002,1,1
244,4,2.90,443.50,40.03,45.62,0.8130,1,1
244,17,0.18,418.39,37.17,48.21,0.8186,1,1
244,26,840.45,310.50,88.26,67.97,0.8517,1,1
244,27,838.32,351.21,39.62,45.63,0.7920,1,1
244,38,816.66,473.69,17.69,23.85,0.7798,1,1
245,3,102.20,576.75,18.60,29.78,0.7994,1,1
245,4,3.60,444.81,39.32,44.90,0.8135,1,1
245,17,0.58,419.65,38.22,48.24,0.8321,1,1
245,26,831.21,315.01,90.61,70.26,0.8480,1,1
245,27,830.31,355.69,41.04,47.73,0.7208,1,1
246,3,102.17,576.66,18.65,29.85,0.7981,1,1
246,4,4.23,446.86,39.23,44.48,0.8162,1,1
246,17,0.56,420.41,38.94,47.75,0.8459,1,1
246,26,823.78,319.25,84.89,63.48,0.8235,1,1
246,27,822.91,360.73,39.96,46.94,0.7949,1,1
247,3,102.16,576.62,18.67,29.90,0.8002,1,1
247,4,4.27,447.56,40.00,45.48,0.8062,1,1
247,17,0.50,421.52,39.73,47.48,0.8512,1,1
247,26,813.38,323.21,92.48,69.39,0.8716,1,1
247,27,814.39,367.89,39.39,44.27,0.8596,1,1
248,3,102.15,576.59,18.70,29.95,0.8012,1,1
248,4,5.15,448.13,39.46,45.36,0.8027,1,1
248,17,0.42,422.47,40.46,47.35,0.8553,1,1
248,26,804.15,327.13,93.94,72.78,0.8736,1,1
248,27,804.27,369.47,40.92,46.60,0.6604,1,1
248,55,839.55,597.21,26.26,36.14,0.8224,1,1
249,3,102.21,576.58,18.65,29.87,0.8020,1,1
249,4,5.68,449.03,38.77,44.03,0.7859,1,1
249,17,0.14,422.62,41.11,47.80,0.8526,1,1
249,26,796.72,331.28,91.87,70.27,0.8648,1,1
249,27,797.13,373.33,42.75,48.88,0.7411,1,1
249,55,837.27,605.83,24.39,34.65,0.8373,1,1
250,3,102.23,576.57,18.65,29.87,0.8020,1,1
250,4,5.57,449.06,39.03,43.98,0.7860,1,1
250,17,0.08,422.62,41.25,47.81,0.8526,1,1
250,26,796.33,331.34,92.39,70.22,0.8648,1,1
250,27,796.82,373.53,42.74,49.01,0.7410,1,1
250,55,837.45,605.99,23.95,34.62,0.8373,1,1
251,3,102.34,577.66,18.39,29.26,0.8283,1,1
251,4,4.81,450.21,40.32,45.30,0.7972,1,1
251,17,-0.16,422.62,42.03,49.09,0.8507,1,1
251,26,789.64,335.78,91.67,69.92,0.8817,1,1
251,27,789.08,380.75,40.61,46.89,0.8694,1,1
251,55,836.91,605.08,27.81,42.69,0.8046,1,1
252,3,102.36,577.85,18.35,29.07,0.8258,1,1
252,4,4.60,451.03,40.24,44.98,0.8125,1,1
252,17,-0.01,422.82,41.78,48.82,0.8522,1,1
252,26,780.73,341.21,93.99,71.69,0.8751,1,1
252,27,781.58,385.95,40.46,46.85,0.8118,1,1
252,55,843.88,611.26,25.44,40.31,0.8477,1,1
253,3,102.40,577.94,18.51,29.08,0.8288,1,1
253,4,5.39,451.46,40.23,45.00,0.8067,1,1
253,17,-0.02,422.80,41.98,49.11,0.8516,1,1
253,26,771.68,344.36,97.06,75.07,0.8748,1,1
253,27,775.34,392.22,39.68,46.39,0.8328,1,1
253,55,853.97,620.25,20.79,33.14,0.7394,1,1
254,3,102.39,578.07,18.57,28.92,0.8285,1,1
254,4,5.02,451.54,40.58,45.19,0.7971,1,1
254,17,0.05,422.84,41.99,49.02,0.8532,1,1
254,26,764.38,350.63,96.80,75.18,0.8930,1,1
254,27,766.60,397.41,40.55,47.96,0.7751,1,1
254,55,862.90,621.28,22.75,36.26,0.7683,1,1
255,3,102.37,578.14,18.60,28.84,0.8277,1,1
255,4,4.67,451.64,40.91,45.37,0.8006,1,1
255,17,0.07,422.90,42.04,48.92,0.8528,1,1
255,26,757.79,357.19,95.35,74.10,0.8728,1,1
255,27,759.63,403.71,39.81,47.32,0.7752,1,1
255,40,18.71,495.14,29.36,33.93,0.2801,1,1
255,55,871.72,620.46,23.78,35.60,0.8263,1,1
256,3,102.37,578.18,18.62,28.81,0.8286,1,1
256,4,4.62,451.68,41.00,45.35,0.8003,1,1
256,17,0.04,422.92,42.10,48.91,0.8530,1,1
256,26,757.71,357.24,95.32,74.12,0.8729,1,1
256,27,759.42,403.96,39.66,47.30,0.7751,1,1
256,40,18.68,495.25,29.77,33.87,0.2804,1,1
256,55,871.70,620.56,24.43,35.51,0.8217,1,1
257,3,102.44,578.11,18.51,28.71,0.8126,1,1
257,4,4.42,451.50,41.40,46.04,0.8167,1,1
257,17,0.07,423.05,42.03,48.69,0.8517,1,1
257,26,749.21,362.68,97.42,75.90,0.8852,1,1
257,27,750.93,411.25,39.25,46.66,0.8387,1,1
257,55,881.33,624.63,24.16,31.09,0.7953,1,1
258,3,102.49,578.15,18.45,28.66,0.8132,1,1
258,4,4.40,450.72,41.97,47.26,0.8291,1,1
258,17,0.07,423.08,42.09,48.61,0.8499,1,1
258,26,743.38,371.32,96.59,75.34,0.8704,1,1
258,27,744.95,418.78,40.63,48.27,0.7363,1,1
258,55,885.51,621.14,30.06,33.03,0.8437,1,1
259,3,102.40,577.74,18.56,29.03,0.8132,1,1
259,4,4.40,450.35,41.81,48.61,0.8463,1,1
259,17,0.11,423.04,42.17,48.47,0.8494,1,1
259,26,735.17,377.69,99.12,77.56,0.8835,1,1
259,27,737.03,424.80,40.66,47.91,0.8437,1,1
259,55,888.02,620.35,31.11,29.82,0.8283,1,1
260,3,102.37,577.70,18.40,29.05,0.8107,1,1
260,4,5.01,448.38,42.66,52.16,0.8290,1,1
260,17,-0.05,421.84,42.76,49.26,0.8543,1,1
260,26,730.37,385.29,97.75,76.66,0.8817,1,1
260,27,730.59,434.07,41.54,47.54,0.8426,1,1
260,40,24.05,502.32,24.89,27.42,0.2555,1,1
260,55,887.19,622.82,32.57,28.15,0.8100,1,1
260,60,648.17,588.19,28.58,45.04,0.8038,1,1
261,3,102.45,577.63,18.30,29.08,0.8185,1,1
261,4,6.79,447.90,41.05,50.98,0.7205,1,1
261,17,-0.17,420.84,42.92,49.85,0.8558,1,1
261,26,723.16,392.01,99.64,77.08,0.8821,1,1
261,27,722.74,439.39,41.40,47.75,0.8074,1,1
261,40,26.45,507.33,23.72,26.62,0.6210,1,1
261,55,884.59,628.91,31.19,24.25,0.7842,1,1
261,60,646.00,600.85,25.32,40.14,0.8474,1,1
262,3,102.48,577.55,18.23,29.13,0.8165,1,1
262,4,7.22,447.82,40.39,50.86,0.7081,1,1
262,17,-0.08,420.79,42.77,49.88,0.8559,1,1
262,26,722.71,392.08,100.31,77.12,0.8820,1,1
262,27,722.63,439.67,41.14,47.61,0.8098,1,1
262,40,26.73,507.73,23.48,26.52,0.6320,1,1
262,55,883.45,629.12,33.14,24.11,0.7817,1,1
262,60,646.02,601.11,25.16,40.01,0.8473,1,1
263,3,102.28,576.97,18.58,29.80,0.8177,1,1
263,4,5.96,446.00,40.64,51.98,0.6305,1,1
263,17,0.14,419.75,42.07,48.71,0.8554,1,1
263,26,716.30,396.88,101.34,78.56,0.8853,1,1
263,27,717.61,445.10,40.93,47.73,0.7742,1,1
263,55,871.29,633.93,38.70,28.28,0.8292,1,1
263,60,644.50,598.57,27.07,44.31,0.8545,1,1
264,3,102.07,576.84,18.76,30.00,0.8163,1,1
264,4,5.07,443.01,40.53,51.89,0.4632,1,1
264,17,-0.30,418.13,42.93,50.36,0.8507,1,1
264,26,711.10,402.76,101.12,79.53,0.8818,1,1
264,27,711.25,451.29,41.22,47.55,0.8587,1,1
264,60,645.16,599.79,27.01,45.94,0.8596,1,1
265,3,102.27,577.26,18.57,29.70,0.8195,1,1
265,4,6.86,443.61,41.10,53.41,0.6911,1,1
265,17,0.03,417.50,42.16,49.39,0.8396,1,1
265,26,703.98,406.80,102.35,79.10,0.8803,1,1
265,27,702.50,454.12,42.11,49.80,0.7848,1,1
265,60,646.27,602.69,27.34,46.78,0.8115,1,1
266,3,101.78,575.94,19.66,31.25,0.8148,1,1
266,4,7.56,444.83,39.83,52.01,0.7062,1,1
266,17,-0.15,416.83,42.25,49.80,0.8384,1,1
266,26,696.92,413.04,102.89,80.05,0.8940,1,1
266,27,698.27,462.13,40.78,46.45,0.7690,1,1
266,60,645.83,609.76,26.51,45.78,0.6206,1,1
267,3,102.15,575.11,19.59,31.50,0.8142,1,1
267,4,6.33,443.64,40.85,54.13,0.7174,1,1
267,17,-0.17,416.75,42.04,49.86,0.8314,1,1
267,26,689.34,419.42,103.94,79.42,0.8857,1,1
267,27,689.07,468.27,41.61,47.34,0.8073,1,1
267,60,644.56,619.89,23.94,41.80,0.5948,1,1
268,3,102.26,575.07,19.46,31.51,0.8127,1,1
268,4,6.46,443.54,40.55,54.28,0.7172,1,1
268,17,-0.09,416.75,41.89,49.85,0.8314,1,1
268,26,688.85,419.44,104.78,79.47,0.8854,1,1
268,27,688.78,468.46,41.65,47.36,0.8078,1,1
268,60,644.64,621.29,23.33,41.12,0.5747,1,1
269,3,102.44,574.67,19.33,31.65,0.8065,1,1
269,4,6.27,441.92,39.68,53.16,0.7277,1,1
269,17,-0.45,416.23,41.01,49.59,0.8237,1,1
269,26,680.58,421.08,107.42,85.04,0.8850,1,1
269,27,681.47,471.52,41.12,46.83,0.7437,1,1
269,60,639.07,625.65,24.54,46.27,0.7879,1,1
269,65,47.61,582.14,38.10,28.17,0.8499,1,1
270,3,102.48,575.04,19.16,31.38,0.8208,1,1
270,4,3.49,439.89,42.59,57.42,0.6818,1,1
270,17,-0.33,415.61,40.44,49.55,0.8195,1,1
270,26,673.68,429.86,106.45,82.08,0.8823,1,1
270,27,674.12,477.10,39.58,44.51,0.7333,1,1
270,60,636.67,634.54,22.61,42.52,0.8374,1,1
270,65,47.53,583.57,36.81,27.06,0.8296,1,1
271,3,102.51,575.40,19.03,30.99,0.8281,1,1
271,4,4.13,439.21,39.20,51.76,0.6821,1,1
271,17,0.14,415.18,38.59,47.14,0.8366,1,1
271,26,666.72,434.04,105.95,82.07,0.8799,1,1
271,27,666.81,485.15,41.03,45.41,0.6271,1,1
271,60,632.21,640.44,21.88,38.93,0.8700,1,1
271,65,44.08,583.24,37.85,27.49,0.7630,1,1
272,3,102.54,575.29,19.13,31.14,0.8232,1,1
272,4,4.85,437.92,37.69,49.65,0.6772,1,1
272,17,0.36,414.72,37.47,45.18,0.8386,1,1
272,26,657.51,439.04,107.78,83.65,0.8859,1,1
272,27,660.53,493.57,42.28,44.58,0.7781,1,1
272,60,629.91,632.82,25.31,44.73,0.8611,1,1
272,65,44.97,583.15,36.18,26.32,0.8630,1,1
273,3,102.51,575.21,19.16,31.22,0.8115,1,1
273,4,2.16,437.09,38.11,49.01,0.6807,1,1
273,17,0.54,414.45,35.78,41.93,0.8453,1,1
273,26,646.79,447.28,110.12,81.81,0.8749,1,1
273,27,651.80,501.80,40.87,42.56,0.6693,1,1
273,60,632.72,635.47,22.16,36.88,0.8381,1,1
273,65,44.94,583.55,34.73,25.66,0.8783,1,1
274,3,102.53,575.23,19.13,31.19,0.8105,1,1
274,4,1.57,437.09,39.18,49.73,0.6752,1,1
274,17,-0.01,414.33,36.99,43.48,0.8455,1,1
274,26,645.55,447.35,112.36,81.82,0.8749,1,1
274,27,650.96,502.47,41.11,42.35,0.6677,1,1
274,60,632.47,635.60,22.77,36.61,0.8374,1,1
274,65,45.09,583.55,34.48,25.65,0.8786,1,1
275,3,102.58,575.42,19.09,31.08,0.8151,1,1
275,4,0.76,436.93,40.45,51.40,0.6993,1,1
275,17,0.08,414.00,35.53,41.58,0.8485,1,1
275,26,637.14,453.25,113.65,85.00,0.8283,1,1
275,27,640.85,509.06,40.25,41.70,0.3369,1,1
275,65,44.14,583.46,34.95,25.89,0.8769,1,1
276,3,102.52,575.29,19.18,31.21,0.8146,1,1
276,4,4.21,437.15,34.84,44.28,0.4503,1,1
276,17,0.08,413.62,34.52,40.20,0.8518,1,1
276,26,628.67,461.58,109.61,83.28,0.8690,1,1
276,65,44.43,583.26,34.80,26.15,0.8756,1,1
276,73,-1.57,437.87,48.16,58.53,0.7359,1,1
277,3,102.50,575.41,19.21,31.20,0.8246,1,1
277,4,1.94,432.40,35.02,44.32,0.2726,1,1
277,17,0.07,413.54,33.70,39.10,0.8519,1,1
277,26,617.29,467.90,110.11,84.38,0.8734,1,1
277,27,620.33,523.06,39.93,41.34,0.4305,1,1
277,65,44.41,583.33,34.66,26.16,0.8681,1,1
277,73,-0.22,437.54,43.53,57.30,0.7729,1,1
278,3,102.38,575.48,19.20,31.16,0.8205,1,1
278,4,1.03,433.54,35.33,44.54,0.3878,1,1
278,17,-0.17,413.29,33.69,39.47,0.8522,1,1
278,26,606.38,475.56,110.52,83.93,0.8550,1,1
278,65,44.79,583.16,34.37,26.31,0.8638,1,1
278,73,0.08,438.30,42.50,58.65,0.7624,1,1
279,3,102.34,575.42,19.21,31.20,0.8226,1,1
279,17,0.16,413.16,33.23,38.64,0.8479,1,1
279,26,593.30,478.61,112.77,85.84,0.8678,1,1
279,65,44.01,582.30,35.07,26.99,0.8721,1,1
279,73,1.17,437.87,39.81,57.05,0.7883,1,1
280,3,102.36,575.39,19.20,31.20,0.8218,1,1
280,17,0.12,413.16,33.38,38.64,0.8480,1,1
280,26,593.17,478.67,112.70,85.88,0.8673,1,1
280,27,590.74,534.26,38.60,41.03,0.3938,1,1
280,65,44.04,582.27,35.01,27.00,0.8716,1,1
280,73,1.67,437.84,38.84,56.95,0.7880,1,1
280,77,626.71,786.39,28.69,43.21,0.8135,1,1
281,3,102.24,575.22,19.34,31.43,0.8257,1,1
281,17,0.03,412.92,33.67,39.02,0.8455,1,1
281,26,579.13,482.69,115.42,87.79,0.8473,1,1
281,27,578.99,538.01,36.05,38.56,0.3307,1,1
281,65,44.07,581.66,35.18,26.96,0.8880,1,1
281,73,2.03,438.11,37.69,56.92,0.7966,1,1
281,77,622.89,798.23,24.26,37.28,0.8058,1,1
282,3,102.05,574.99,19.57,31.65,0.8223,1,1
282,17,-0.08,412.28,33.86,39.47,0.8469,1,1
282,26,568.21,488.10,113.39,85.92,0.8529,1,1
282,65,44.77,580.88,34.72,27.00,0.8802,1,1
282,73,1.19,437.20,38.22,59.77,0.7912,1,1
282,77,623.47,796.46,28.01,47.45,0.8413,1,1
283,3,101.98,574.59,19.66,31.84,0.8060,1,1
283,4,0.41,437.02,37.63,51.83,0.8186,1,1
283,17,0.09,412.07,33.70,39.18,0.8529,1,1
283,26,555.64,492.95,116.72,88.01,0.8544,1,1
283,65,45.05,579.87,34.19,27.19,0.8814,1,1
283,77,627.59,798.79,28.19,52.49,0.8348,1,1
284,3,101.90,574.00,19.81,32.26,0.7745,1,1
284,4,0.18,439.51,38.13,53.60,0.8024,1,1
284,17,-0.13,411.43,34.66,40.78,0.8674,1,1
284,26,541.25,496.45,120.45,91.83,0.8087,1,1
284,65,43.32,579.29,33.97,26.88,0.8429,1,1
284,77,632.36,806.06,27.05,51.54,0.8597,1,1
285,3,101.88,574.31,19.63,31.99,0.7789,1,1
285,4,0.16,442.24,37.64,53.51,0.7824,1,1
285,17,-0.66,411.54,35.63,43.95,0.8745,1,1
285,26,530.30,504.20,119.15,91.02,0.7817,1,1
285,65,38.31,578.09,35.50,26.79,0.8188,1,1
285,77,637.99,808.20,28.08,52.84,0.8527,1,1
286,3,101.90,574.31,19.62,31.99,0.7807,1,1
286,4,0.29,442.34,37.37,53.51,0.7823,1,1
286,17,-0.30,411.52,34.90,44.01,0.8745,1,1
286,26,529.94,504.53,118.93,90.98,0.7776,1,1
286,65,37.62,578.04,36.59,26.80,0.8178,1,1
286,77,638.04,808.24,28.27,52.87,0.8526,1,1
287,3,101.75,574.33,19.59,32.02,0.7887,1,1
287,4,2.44,447.55,34.35,46.80,0.7893,1,1
287,17,-0.58,412.28,36.52,47.87,0.8751,1,1
287,26,516.24,510.27,120.75,92.24,0.7968,1,1
287,65,35.23,577.75,34.81,25.09,0.6641,1,1
287,77,643.25,809.60,31.21,53.58,0.8253,1,1
288,3,101.66,574.03,19.70,32.45,0.7794,1,1
288,4,3.09,450.49,33.79,43.08,0.8000,1,1
288,17,-0.16,413.03,36.79,48.84,0.8785,1,1
288,26,505.56,518.76,118.05,90.97,0.7959,1,1
288,65,32.03,576.28,34.61,25.01,0.4476,1,1
288,77,650.55,814.24,29.98,46.35,0.7887,1,1
289,3,101.88,574.35,19.45,31.96,0.7769,1,1
289,4,3.02,451.20,34.20,41.30,0.8013,1,1
289,17,0.15,412.67,36.79,48.32,0.8794,1,1
289,26,494.86,526.07,120.53,92.92,0.7485,1,1
289,77,656.30,820.71,29.90,37.72,0.7892,1,1
290,3,101.83,574.26,19.36,31.84,0.7460,1,1
290,4,2.65,450.82,35.24,41.12,0.8083,1,1
290,17,-0.02,413.08,37.03,48.87,0.8769,1,1
290,26,484.56,534.07,122.64,94.68,0.6810,1,1
290,77,658.05,823.73,32.49,33.98,0.8515,1,1
291,3,101.88,574.27,19.27,31.76,0.7363,1,1
291,4,2.00,448.44,36.12,41.55,0.8041,1,1
291,17,-0.33,412.32,37.17,50.26,0.8782,1,1
291,26,474.42,545.25,119.46,91.62,0.7662,1,1
291,77,659.33,827.18,32.92,31.89,0.8077,1,1
292,3,102.55,573.29,18.93,31.65,0.7346,1,1
292,4,1.83,448.32,36.46,41.61,0.8041,1,1
292,17,-0.12,412.32,36.78,50.27,0.8781,1,1
292,26,473.82,545.81,119.67,91.39,0.7680,1,1
292,77,658.59,827.26,34.47,31.84,0.8080,1,1
292,81,525.46,634.64,36.39,36.76,0.6354,1,1
293,3,102.05,574.23,19.02,31.71,0.7361,1,1
293,4,1.55,447.38,37.51,43.03,0.8049,1,1
293,17,0.28,411.91,35.97,48.34,0.8779,1,1
293,26,463.19,554.57,119.42,91.93,0.7639,1,1
293,77,656.56,826.78,38.73,35.40,0.8673,1,1
293,81,517.49,644.18,35.71,36.20,0.3936,1,1
294,3,102.24,574.33,19.14,31.82,0.7352,1,1
294,4,2.28,448.33,36.02,40.62,0.8159,1,1
294,17,0.27,411.91,36.04,47.73,0.8761,1,1
294,26,453.67,563.46,125.11,96.58,0.5588,1,1
294,77,655.11,833.28,38.07,33.51,0.7981,1,1
294,81,506.37,656.93,35.89,37.37,0.6865,1,1
295,3,102.27,574.24,19.26,32.01,0.7473,1,1
295,4,2.04,448.01,36.66,41.23,0.8171,1,1
295,17,0.16,411.86,36.44,47.95,0.8760,1,1
295,26,442.13,573.80,123.49,96.30,0.4651,1,1
295,77,648.63,840.54,40.80,35.08,0.8369,1,1
295,81,498.62,667.16,35.54,37.25,0.5871,1,1
296,3,102.34,574.51,19.19,31.70,0.7328,1,1
296,4,1.81,446.10,38.16,44.05,0.8279,1,1
296,17,0.32,412.73,36.94,47.93,0.8724,1,1
296,26,431.74,583.34,125.23,98.59,0.7007,1,1
296,77,638.87,852.58,41.25,35.15,0.8479,1,1
296,81,488.64,676.47,36.92,39.11,0.6338,1,1
297,3,102.31,574.76,19.17,31.51,0.7392,1,1
297,4,2.80,447.28,36.82,42.47,0.8367,1,1
297,17,0.60,413.69,37.82,47.81,0.8671,1,1
297,26,424.00,591.64,127.09,100.07,0.3674,1,1
297,77,625.45,866.28,41.70,35.83,0.8257,1,1
297,81,479.17,686.65,35.31,37.39,0.5159,1,1
298,3,102.29,574.76,19.23,31.49,0.7393,1,1
298,4,2.84,447.31,36.79,42.40,0.8377,1,1
298,17,0.39,413.70,38.28,47.78,0.8672,1,1
298,26,422.53,593.48,127.51,100.43,0.3658,1,1
298,77,625.45,866.83,41.57,35.68,0.8215,1,1
298,81,477.83,688.10,35.01,37.07,0.5163,1,1
299,3,102.11,575.12,19.60,31.95,0.7799,1,1
299,4,3.75,447.69,36.30,41.20,0.8176,1,1
299,17,0.52,414.07,38.72,46.82,0.8696,1,1
299,26,415.31,600.50,122.69,97.08,0.7010,1,1
299,81,469.99,693.83,35.21,37.43,0.6138,1,1
300,3,102.09,574.50,19.88,32.56,0.7770,1,1
300,4,3.83,448.45,37.27,41.77,0.8236,1,1
300,17,0.35,414.40,39.51,46.87,0.8665,1,1
300,26,405.32,607.34,124.72,98.35,0.5707,1,1
300,81,462.13,703.17,33.45,35.46,0.3369,1,1
301,3,102.91,572.95,18.96,31.53,0.7285,1,1
301,4,3.60,448.61,39.45,44.91,0.8089,1,1
301,17,0.21,414.69,39.91,46.81,0.8662,1,1
301,26,394.71,614.27,127.78,100.80,0.4403,1,1
301,81,451.90,712.23,33.38,35.60,0.4814,1,1
302,3,103.18,572.95,18.66,31.21,0.7327,1,1
302,4,4.08,449.88,38.53,42.73,0.8248,1,1
302,17,0.38,414.87,40.80,46.77,0.8719,1,1
302,26,384.87,623.67,125.98,99.14,0.7316,1,1
302,81,441.39,720.43,33.58,36.13,0.5738,1,1
303,3,103.28,572.73,18.58,31.19,0.7318,1,1
303,4,3.56,450.95,40.42,44.74,0.8090,1,1
303,17,0.23,415.20,41.65,47.11,0.8750,1,1
303,26,373.38,630.65,128.37,101.04,0.2702,1,1
303,81,432.22,728.85,32.94,35.51,0.2698,1,1
304,3,103.33,572.75,18.55,31.18,0.7318,1,1
304,4,3.51,450.98,40.56,44.83,0.8085,1,1
304,17,0.13,415.25,41.89,47.06,0.8749,1,1
304,26,370.27,632.31,129.19,101.71,0.2749,1,1
304,81,430.02,730.87,32.69,35.31,0.2755,1,1
305,3,103.50,573.37,18.38,30.65,0.7357,1,1
305,4,5.00,453.46,38.51,40.24,0.8241,1,1
305,17,0.09,416.09,42.54,47.52,0.8798,1,1
305,26,360.73,638.35,130.97,103.00,0.4087,1,1
305,81,420.84,736.69,33.10,35.85,0.4505,1,1
306,3,103.52,573.64,18.32,30.40,0.7385,1,1
306,4,5.36,454.88,39.89,40.92,0.8007,1,1
306,17,0.09,416.76,43.16,47.96,0.8802,1,1
306,26,350.42,646.26,131.45,103.20,0.4843,1,1
307,3,103.51,573.80,18.30,30.26,0.7377,1,1
307,4,6.32,455.96,39.98,40.91,0.8129,1,1
307,17,-0.05,417.29,43.74,48.75,0.8769,1,1
307,26,337.90,654.65,131.50,103.89,0.6493,1,1
308,3,103.47,573.76,18.33,30.28,0.7369,1,1
308,4,7.87,457.45,39.19,40.81,0.8216,1,1
308,17,-0.17,417.55,44.35,49.91,0.8799,1,1
308,26,327.92,664.56,128.81,104.08,0.7500,1,1
309,3,103.40,573.48,18.34,30.52,0.7326,1,1
309,4,8.03,457.96,39.15,41.47,0.8276,1,1
309,17,0.03,417.86,44.32,49.81,0.8845,1,1
309,26,313.25,675.23,131.03,107.19,0.6610,1,1
310,3,103.48,573.45,18.21,30.44,0.7331,1,1
310,4,8.16,457.96,38.89,41.50,0.8264,1,1
310,17,0.03,417.86,44.35,49.80,0.8849,1,1
310,26,312.49,676.06,130.17,107.56,0.6655,1,1
311,3,103.53,573.53,18.12,30.31,0.7319,1,1
311,4,8.37,459.25,38.21,40.43,0.8296,1,1
311,17,-0.10,417.88,44.64,50.58,0.8855,1,1
312,3,103.53,573.43,18.14,30.37,0.7319,1,1
312,4,8.20,460.19,38.63,40.63,0.8246,1,1
312,17,0.02,418.55,44.49,50.56,0.8853,1,1
312,26,285.82,690.04,130.44,108.46,0.6192,1,1
312,81,351.25,793.80,29.45,32.13,0.2721,1,1
313,3,103.46,573.24,18.13,30.51,0.7311,1,1
313,4,8.33,461.04,38.04,39.18,0.8393,1,1
313,17,0.45,419.02,44.09,50.40,0.8866,1,1
313,26,271.54,697.83,129.83,108.27,0.3672,1,1
314,3,103.42,572.93,18.15,30.74,0.7308,1,1
314,4,8.45,461.20,38.13,38.81,0.8375,1,1
314,17,0.42,418.83,44.27,51.04,0.8877,1,1
314,26,257.44,702.44,129.95,109.95,0.5372,1,1
315,3,103.42,572.87,18.16,30.87,0.7332,1,1
315,4,8.39,461.05,38.29,38.82,0.8519,1,1
315,17,0.69,419.63,43.91,50.30,0.8872,1,1
315,26,243.39,709.31,126.10,106.78,0.4095,1,1
316,3,103.45,572.85,18.13,30.89,0.7340,1,1
316,4,8.38,461.00,38.35,38.84,0.8545,1,1
316,17,0.63,419.64,44.00,50.25,0.8868,1,1
316,26,240.73,710.56,125.10,106.01,0.4147,1,1
317,3,103.42,572.80,18.21,31.10,0.7355,1,1
317,4,8.14,461.17,38.46,38.85,0.8532,1,1
317,17,0.58,419.76,44.13,50.46,0.8862,1,1
317,26,228.13,715.17,123.83,104.60,0.3111,1,1
318,3,103.43,572.79,18.12,31.03,0.7351,1,1
318,4,8.04,461.45,38.89,39.44,0.8435,1,1
318,17,0.53,419.65,44.28,50.81,0.8854,1,1
319,3,103.45,572.78,18.11,31.06,0.7358,1,1
319,4,7.98,461.35,39.03,39.65,0.8415,1,1
319,17,0.57,419.56,44.29,50.95,0.8857,1,1
320,3,103.48,572.81,18.09,31.00,0.7369,1,1
320,4,7.97,461.43,39.07,39.50,0.8461,1,1
320,17,0.62,419.56,44.27,50.89,0.8858,1,1
321,3,103.48,572.95,18.03,30.86,0.7365,1,1
321,4,8.02,461.44,39.11,39.40,0.8456,1,1
321,17,0.59,419.53,44.33,51.00,0.8858,1,1
322,3,103.48,572.97,18.08,30.89,0.7370,1,1
322,4,7.99,461.47,39.20,39.49,0.8446,1,1
322,17,0.61,419.53,44.32,50.98,0.8858,1,1
323,3,103.43,572.93,18.18,31.01,0.7382,1,1
323,4,8.07,461.37,39.21,39.15,0.8425,1,1
323,17,0.65,419.65,44.25,50.81,0.8856,1,1
324,3,103.36,572.78,18.29,31.21,0.7387,1,1
324,4,7.85,461.31,39.52,39.37,0.8396,1,1
324,17,0.67,419.66,44.23,50.64,0.8843,1,1
325,3,103.37,572.84,18.26,31.14,0.7378,1,1
325,4,7.84,461.18,39.56,39.43,0.8396,1,1
325,17,0.56,419.22,44.40,51.00,0.8854,1,1
326,3,103.36,572.91,18.30,31.19,0.7370,1,1
326,4,8.04,460.28,39.71,40.11,0.8382,1,1
326,17,0.36,419.11,44.62,50.54,0.8837,1,1
327,3,103.32,572.75,18.37,31.33,0.7375,1,1
327,4,8.23,459.56,39.59,40.83,0.8395,1,1
327,17,0.25,418.62,44.76,50.25,0.8859,1,1
328,3,103.33,572.72,18.38,31.35,0.7371,1,1
328,4,8.49,459.52,39.02,40.60,0.8409,1,1
328,17,0.17,418.64,44.92,50.22,0.8860,1,1
329,3,103.30,572.70,18.42,31.41,0.7349,1,1
329,4,7.90,459.41,39.16,40.26,0.8375,1,1
329,17,0.10,418.06,44.74,49.96,0.8856,1,1
330,3,103.34,572.90,18.31,31.16,0.7407,1,1
330,4,7.26,458.00,40.08,41.59,0.8569,1,1
330,17,0.14,417.97,44.20,49.03,0.8776,1,1
331,3,103.35,572.98,18.27,31.08,0.7394,1,1
331,4,6.06,455.79,41.47,43.32,0.8683,1,1
331,17,0.30,417.63,43.92,47.92,0.8766,1,1
332,3,103.32,572.89,18.33,31.19,0.7399,1,1
332,4,4.57,454.11,42.63,44.28,0.8600,1,1
332,17,0.17,417.48,43.77,47.37,0.8767,1,1
333,3,103.35,572.92,18.29,31.15,0.7347,1,1
333,4,3.68,451.97,43.86,46.61,0.8445,1,1
333,17,0.05,417.29,43.72,47.18,0.8732,1,1
334,3,103.36,572.92,18.28,31.15,0.7346,1,1
334,4,3.94,451.92,43.33,46.65,0.8447,1,1
334,17,0.03,417.29,43.77,47.17,0.8731,1,1
335,3,103.23,572.73,18.44,31.53,0.7314,1,1
335,4,3.24,450.65,44.04,48.46,0.8035,1,1
335,17,-0.08,417.01,43.48,47.06,0.8681,1,1
336,3,103.22,572.66,18.50,31.60,0.7376,1,1
336,4,1.44,448.60,45.58,52.46,0.7515,1,1
336,17,-0.02,416.17,43.05,46.63,0.8595,1,1
337,3,103.29,572.80,18.48,31.50,0.7407,1,1
337,4,2.15,450.11,44.34,52.03,0.7340,1,1
337,17,-0.07,415.68,42.90,46.64,0.8622,1,1
338,3,103.34,572.92,18.46,31.45,0.7397,1,1
338,4,2.58,448.61,43.10,51.68,0.7673,1,1
338,17,-0.20,415.71,42.36,46.46,0.8557,1,1
338,26,3.99,815.17,114.61,108.45,0.4057,1,1
339,3,103.37,573.27,18.33,31.31,0.7354,1,1
339,4,2.13,448.93,43.29,52.55,0.7139,1,1
339,17,-0.14,415.32,42.31,46.72,0.8568,1,1
339,26,-4.16,818.30,109.51,109.08,0.4088,1,1
340,3,103.39,573.31,18.31,31.33,0.7348,1,1
340,4,2.30,448.95,42.93,52.61,0.7140,1,1
340,17,-0.07,415.31,42.18,46.74,0.8567,1,1
340,26,-4.61,818.85,106.42,109.20,0.4083,1,1
341,3,103.19,573.29,18.44,31.71,0.7408,1,1
341,4,2.62,448.90,41.98,50.79,0.7256,1,1
341,17,-0.48,415.16,41.96,47.80,0.8560,1,1
341,26,-7.16,820.22,101.79,107.63,0.3911,1,1
342,3,103.39,573.58,18.17,31.30,0.7417,1,1
342,4,1.71,448.87,42.59,52.13,0.7096,1,1
342,17,0.12,415.11,41.25,46.70,0.8586,1,1
343,3,103.56,573.89,17.91,30.81,0.7393,1,1
343,4,1.57,448.57,42.41,51.37,0.7207,1,1
343,17,-0.30,414.90,40.92,47.02,0.8583,1,1
344,3,103.61,573.83,17.81,30.61,0.7425,1,1
344,4,1.39,448.73,42.15,50.62,0.7509,1,1
344,17,0.08,415.55,40.58,46.42,0.8591,1,1
345,3,103.59,573.84,17.76,30.51,0.7407,1,1
345,4,1.04,448.88,42.33,50.75,0.7367,1,1
345,17,0.11,416.34,39.99,45.48,0.8599,1,1
345,99,-7.63,809.80,72.49,117.45,0.3144,1,1
346,3,103.59,573.82,17.75,30.50,0.7414,1,1
346,4,1.03,448.89,42.26,50.58,0.7396,1,1
346,17,0.06,416.35,40.08,45.46,0.8598,1,1
346,99,-7.86,808.93,71.17,117.21,0.3047,1,1
347,3,103.65,573.80,17.62,30.28,0.7460,1,1
347,4,1.13,449.25,41.71,49.73,0.7808,1,1
347,17,-0.01,416.63,39.92,45.31,0.8580,1,1
347,99,-7.23,801.87,61.54,122.48,0.7725,1,1
348,3,103.48,573.57,17.75,30.58,0.7518,1,1
348,4,1.40,450.00,41.50,49.45,0.6651,1,1
348,17,-0.27,417.03,40.06,46.06,0.8567,1,1
348,99,-7.11,801.34,53.22,120.71,0.7421,1,1
349,3,103.54,573.62,17.72,30.50,0.7476,1,1
349,4,0.44,452.02,42.30,51.38,0.6761,1,1
349,17,0.00,417.84,39.54,45.46,0.8570,1,1
349,99,-7.79,805.26,47.47,114.43,0.5870,1,1
350,3,103.49,573.73,17.74,30.57,0.7459,1,1
350,4,1.43,450.84,39.98,48.40,0.6803,1,1
350,17,0.06,418.68,38.68,44.34,0.8464,1,1
350,99,-8.01,819.87,38.57,95.51,0.2581,1,1
350,100,-0.35,448.40,40.86,37.58,0.6521,1,1
351,3,103.50,573.73,17.74,30.60,0.7478,1,1
351,4,1.86,451.32,38.42,45.32,0.7892,1,1
351,17,0.19,419.17,38.63,43.86,0.8509,1,1
352,3,103.50,573.70,17.75,30.65,0.7479,1,1
352,4,1.66,451.34,38.81,45.20,0.7893,1,1
352,17,0.11,419.20,38.80,43.84,0.8511,1,1
353,3,103.50,573.71,17.74,30.64,0.7454,1,1
353,4,1.22,451.42,39.06,44.74,0.8655,1,1
353,17,0.25,420.32,38.50,42.91,0.8562,1,1
354,3,103.47,573.65,17.76,30.73,0.7437,1,1
354,4,0.82,450.99,39.25,44.84,0.8613,1,1
354,17,0.12,420.72,38.78,42.93,0.8615,1,1
355,3,103.40,573.47,17.83,30.92,0.7430,1,1
355,4,1.23,451.65,39.04,43.91,0.8632,1,1
355,17,-0.11,420.79,39.25,43.74,0.8640,1,1
356,3,103.43,573.55,17.88,30.96,0.7397,1,1
356,4,1.18,452.27,39.47,43.55,0.8651,1,1
356,17,-0.22,420.72,39.57,44.63,0.8649,1,1
356,104,22.12,501.45,24.13,25.53,0.3408,1,1
357,3,103.47,573.73,17.77,30.74,0.7393,1,1
357,4,0.86,452.33,39.66,43.79,0.8677,1,1
357,17,-0.19,421.05,39.60,45.12,0.8615,1,1
358,3,103.47,573.79,17.77,30.70,0.7391,1,1
358,4,0.86,452.35,39.65,43.78,0.8679,1,1
358,17,-0.10,421.06,39.41,45.14,0.8610,1,1
359,3,103.44,573.45,17.85,30.95,0.7393,1,1
359,4,0.71,452.46,39.56,43.84,0.8760,1,1
359,17,-0.08,421.22,39.36,45.26,0.8569,1,1
360,3,103.46,573.47,17.88,31.01,0.7363,1,1
360,4,1.07,452.41,40.32,44.41,0.8819,1,1
360,17,0.01,421.28,39.24,45.13,0.8571,1,1
360,104,20.80,501.44,23.92,25.10,0.3413,1,1
361,3,103.64,573.72,17.81,30.60,0.7370,1,1
361,4,1.50,452.32,40.65,44.50,0.8499,1,1
361,17,-0.05,420.92,39.41,45.46,0.8576,1,1
361,104,18.60,501.15,26.02,27.33,0.6517,1,1
362,3,103.91,574.10,17.33,29.66,0.7452,1,1
362,4,1.39,451.80,40.78,44.41,0.7818,1,1
362,17,-0.07,420.62,39.43,45.65,0.8567,1,1
362,104,17.34,498.81,27.33,29.10,0.6077,1,1
363,3,103.92,574.15,17.33,29.59,0.7427,1,1
363,4,1.47,451.85,40.97,44.30,0.8512,1,1
363,17,-0.05,420.52,39.42,45.74,0.8534,1,1
363,104,17.88,498.14,27.16,29.26,0.5328,1,1
364,3,103.91,574.16,17.35,29.58,0.7427,1,1
364,4,1.41,451.84,41.09,44.31,0.8515,1,1
364,17,-0.02,420.52,39.37,45.72,0.8532,1,1
364,104,18.11,498.04,26.89,29.25,0.5279,1,1
364,105,101.75,578.42,18.66,30.73,0.2896,1,1
365,3,103.91,574.22,17.34,29.51,0.7429,1,1
365,4,1.57,452.08,40.64,43.77,0.8650,1,1
365,17,-0.20,419.13,39.73,46.57,0.8473,1,1
365,104,16.27,500.31,28.90,31.80,0.2959,1,1
365,105,101.76,578.53,18.61,30.65,0.2875,1,1
366,3,103.85,574.19,17.44,29.62,0.7417,1,1
366,4,1.71,452.07,40.69,43.91,0.7862,1,1
366,17,-0.13,419.35,39.91,47.07,0.8499,1,1
366,104,17.55,507.63,27.65,31.33,0.4290,1,1
366,105,101.84,577.96,18.74,30.87,0.3204,1,1
367,3,103.76,573.99,17.57,29.86,0.7400,1,1
367,4,2.03,452.52,40.65,43.79,0.7358,1,1
367,17,-0.11,419.00,39.97,47.39,0.8507,1,1
368,3,103.72,573.91,17.72,30.10,0.7328,1,1
368,4,1.99,452.93,40.91,43.92,0.7931,1,1
368,17,-0.04,418.72,39.89,47.39,0.8529,1,1
369,3,103.73,573.94,17.73,30.13,0.7369,1,1
369,4,1.93,452.75,41.18,44.07,0.8002,1,1
369,17,0.01,418.53,39.85,47.31,0.8544,1,1
370,3,103.73,573.89,17.74,30.14,0.7372,1,1
370,4,1.90,452.70,41.26,44.10,0.8000,1,1
370,17,-0.01,418.46,39.88,47.37,0.8548,1,1
371,3,103.42,573.72,18.30,31.29,0.7258,1,1
371,4,1.45,452.64,42.14,45.17,0.7064,1,1
371,17,0.04,418.58,39.83,47.22,0.8589,1,1
371,105,100.63,576.94,20.88,34.67,0.4276,1,1
372,3,103.50,573.48,17.96,31.18,0.7299,1,1
372,4,0.89,453.23,44.77,48.48,0.6798,1,1
372,17,-0.18,418.50,40.47,48.56,0.8752,1,1
372,105,99.80,577.81,21.08,35.23,0.2926,1,1
373,3,103.47,571.91,18.00,31.68,0.7054,1,1
373,4,2.21,453.07,43.50,48.36,0.7829,1,1
373,17,0.12,419.44,40.29,47.98,0.8722,1,1
374,3,103.58,571.73,17.79,31.73,0.6934,1,1
374,4,3.73,454.59,41.38,46.24,0.7638,1,1
374,17,0.51,420.22,40.61,46.73,0.8796,1,1
374,106,50.45,584.77,35.93,25.58,0.8187,1,1
375,3,103.66,571.67,17.38,31.42,0.6949,1,1
375,4,6.08,456.14,40.32,45.58,0.7783,1,1
375,17,0.10,420.34,41.25,47.16,0.8858,1,1
375,106,51.82,585.03,36.45,25.50,0.8242,1,1
376,3,103.75,571.70,17.21,31.40,0.6944,1,1
376,4,6.31,456.20,40.01,45.56,0.7787,1,1
376,17,0.04,420.33,41.36,47.16,0.8858,1,1
376,106,51.73,585.03,36.64,25.23,0.8272,1,1
377,3,103.81,571.74,17.03,31.15,0.7116,1,1
377,4,6.60,457.10,39.25,44.39,0.7859,1,1
377,17,0.09,421.07,41.33,46.85,0.8857,1,1
377,106,50.26,585.10,37.31,25.40,0.7830,1,1
378,3,103.81,571.85,17.01,31.14,0.7181,1,1
378,4,7.41,458.59,38.21,42.12,0.8082,1,1
378,17,-0.11,421.37,41.95,47.90,0.8849,1,1
378,106,50.89,585.30,38.86,25.74,0.7898,1,1
379,3,103.65,571.69,17.24,31.52,0.7272,1,1
379,4,7.68,458.93,38.36,41.37,0.8025,1,1
379,17,-0.19,421.85,42.60,49.26,0.8856,1,1
379,106,50.58,583.68,40.53,26.59,0.7977,1,1
380,3,103.52,571.71,17.50,31.87,0.7338,1,1
380,4,7.51,459.08,38.91,41.07,0.8215,1,1
380,17,-0.05,422.16,42.76,49.58,0.8842,1,1
380,106,49.54,582.96,42.81,26.70,0.7871,1,1
381,3,103.67,571.46,17.34,31.60,0.7378,1,1
381,4,7.72,459.21,38.94,40.57,0.8349,1,1
381,17,-0.04,422.17,43.03,50.01,0.8819,1,1
381,106,52.50,581.74,42.29,26.53,0.8507,1,1
382,3,103.67,571.45,17.31,31.60,0.7370,1,1
382,4,7.56,459.11,39.20,40.53,0.8359,1,1
382,17,-0.02,422.16,42.98,50.01,0.8818,1,1
382,106,52.59,581.72,42.19,26.51,0.8508,1,1
383,3,103.77,571.32,16.76,30.07,0.7979,1,1
383,4,7.12,459.45,39.57,40.43,0.8335,1,1
383,17,0.00,422.37,43.18,50.22,0.8796,1,1
383,106,44.78,580.13,45.96,26.79,0.7108,1,1
384,3,103.49,571.30,17.05,30.12,0.7942,1,1
384,4,7.12,459.79,39.68,40.02,0.8393,1,1
384,17,0.02,422.36,43.18,50.17,0.8781,1,1
384,106,44.92,577.91,49.78,26.77,0.7830,1,1
385,3,103.29,571.60,17.29,29.98,0.7896,1,1
385,4,7.21,459.73,39.76,39.71,0.8353,1,1
385,17,0.06,422.53,43.12,49.91,0.8783,1,1
385,106,44.29,576.67,53.23,27.52,0.7582,1,1
386,3,103.27,571.93,17.41,29.81,0.7711,1,1
386,4,7.28,460.39,39.81,39.34,0.8345,1,1
386,17,0.08,422.45,43.35,49.95,0.8783,1,1
386,106,44.84,576.55,53.43,26.38,0.7645,1,1
387,3,103.09,571.83,17.60,29.84,0.7900,1,1
387,4,7.45,460.22,40.02,39.40,0.8336,1,1
387,17,0.07,422.49,43.66,50.11,0.8781,1,1
387,106,44.70,577.47,54.26,26.08,0.7281,1,1
388,3,103.03,571.80,17.71,29.85,0.7910,1,1
388,4,7.41,460.22,40.12,39.42,0.8329,1,1
388,17,0.04,422.49,43.75,50.11,0.8780,1,1
388,106,44.20,577.54,55.30,26.05,0.7292,1,1
389,3,102.96,572.13,17.86,29.90,0.7978,1,1
389,4,7.56,460.17,40.00,39.34,0.8369,1,1
389,17,0.04,422.48,43.98,50.27,0.8766,1,1
389,106,45.18,578.04,54.69,25.65,0.6686,1,1
390,3,102.62,571.55,18.08,30.24,0.7857,1,1
390,4,7.60,460.02,40.12,39.45,0.8368,1,1
390,17,0.03,422.29,44.21,50.47,0.8747,1,1
390,106,45.95,578.45,53.77,25.43,0.6886,1,1
391,3,103.14,571.08,17.65,29.68,0.8009,1,1
391,4,8.14,460.13,39.62,38.80,0.8335,1,1
391,17,0.04,422.11,44.34,50.51,0.8735,1,1
391,106,46.10,578.48,53.95,25.88,0.6970,1,1
392,3,103.18,570.97,17.70,29.77,0.8154,1,1
392,4,8.20,459.78,39.86,39.04,0.8196,1,1
392,17,0.06,421.70,44.52,51.96,0.8727,1,1
392,106,46.88,578.81,54.04,26.67,0.6635,1,1
393,3,103.08,570.75,17.88,30.06,0.8211,1,1
393,4,8.24,459.53,39.98,39.28,0.8230,1,1
393,17,0.54,421.50,44.24,51.73,0.8766,1,1
393,106,53.29,579.86,46.76,24.79,0.7697,1,1
394,3,103.08,570.74,17.89,30.04,0.8209,1,1
394,4,8.28,459.51,39.92,39.31,0.8234,1,1
394,17,0.59,421.52,44.22,51.67,0.8771,1,1
394,106,54.53,579.91,44.69,24.71,0.7702,1,1
395,3,102.91,570.47,18.18,30.65,0.8064,1,1
395,4,8.70,459.34,39.37,38.87,0.8127,1,1
395,17,0.63,421.40,44.46,51.97,0.8768,1,1
395,106,57.33,581.56,40.84,25.23,0.8315,1,1
396,3,103.32,570.14,17.84,30.45,0.7797,1,1
396,4,8.83,458.91,39.35,39.17,0.8073,1,1
396,17,0.71,421.20,44.53,52.00,0.8786,1,1
396,106,59.74,583.55,39.30,25.05,0.8511,1,1
397,3,103.63,570.25,17.33,29.69,0.7930,1,1
397,4,9.82,458.44,38.80,39.21,0.7910,1,1
397,17,0.82,420.59,44.70,51.98,0.8837,1,1
397,106,61.57,585.61,39.81,24.68,0.8380,1,1
398,3,103.74,570.08,17.17,29.17,0.7979,1,1
398,4,10.18,457.98,38.35,39.38,0.8005,1,1
398,17,0.76,420.36,44.81,52.11,0.8832,1,1
398,106,60.08,586.70,40.54,24.62,0.8394,1,1
399,3,103.62,569.98,17.23,29.36,0.7728,1,1
399,4,10.94,456.88,37.84,39.83,0.7904,1,1
399,17,0.62,419.87,44.91,52.54,0.8836,1,1
399,106,60.40,588.79,37.13,22.05,0.8438,1,1
400,3,103.64,570.00,17.20,29.36,0.7729,1,1
400,4,11.24,456.83,37.27,39.86,0.7895,1,1
400,17,0.64,419.78,44.85,52.71,0.8834,1,1
400,106,60.20,588.83,37.46,21.99,0.8438,1,1
401,3,103.72,569.96,17.22,29.33,0.7789,1,1
401,4,12.04,456.44,36.82,40.02,0.7996,1,1
401,17,0.99,419.78,44.69,51.98,0.8835,1,1
401,106,58.19,589.89,33.24,19.68,0.7045,1,1
402,3,103.65,570.20,17.33,29.29,0.7610,1,1
402,4,12.28,456.20,36.74,40.52,0.7963,1,1
402,17,1.09,419.87,44.62,51.33,0.8825,1,1
403,3,103.65,570.49,17.38,28.99,0.7875,1,1
403,4,12.82,455.58,36.07,40.52,0.7825,1,1
403,17,1.10,419.90,44.71,51.01,0.8825,1,1
404,3,103.52,570.39,17.66,29.35,0.7878,1,1
404,4,12.33,456.06,36.19,40.69,0.8125,1,1
404,17,1.20,419.80,44.77,50.62,0.8810,1,1
405,3,103.52,570.64,17.62,29.14,0.7894,1,1
405,4,12.26,456.54,36.29,40.79,0.8281,1,1
405,17,1.17,419.69,44.95,50.63,0.8806,1,1
406,3,103.49,570.65,17.70,29.17,0.7885,1,1
406,4,12.24,456.53,36.29,40.75,0.8273,1,1
406,17,1.13,419.67,45.03,50.65,0.8805,1,1
407,3,103.64,570.84,17.80,29.17,0.7744,1,1
407,4,12.07,456.94,36.27,40.47,0.8313,1,1
407,17,1.14,419.59,45.05,50.82,0.8822,1,1
408,3,103.57,570.84,17.78,29.13,0.7729,1,1
408,4,11.93,458.27,36.04,39.40,0.8331,1,1
408,17,1.22,419.61,44.93,50.63,0.8861,1,1
409,3,103.60,570.91,17.69,29.01,0.7757,1,1
409,4,11.79,458.44,36.32,39.27,0.8310,1,1
409,17,1.21,419.61,45.08,50.74,0.8875,1,1
410,3,103.63,570.87,17.67,29.05,0.7668,1,1
410,4,11.51,459.09,36.53,38.97,0.8302,1,1
410,17,1.28,419.68,45.12,50.58,0.8888,1,1
411,3,103.65,570.90,17.66,29.07,0.7629,1,1
411,4,11.77,459.51,36.40,38.33,0.8272,1,1
411,17,1.34,420.07,45.05,50.19,0.8887,1,1
412,3,103.66,570.91,17.67,29.11,0.7618,1,1
412,4,11.55,459.56,36.67,38.30,0.8258,1,1
412,17,1.28,420.07,45.16,50.18,0.8887,1,1
413,3,103.67,570.96,17.75,29.27,0.7489,1,1
413,4,11.71,459.75,36.67,38.07,0.8269,1,1
413,17,1.34,420.40,45.04,49.75,0.8878,1,1
414,3,103.73,571.02,17.61,29.06,0.7521,1,1
414,4,11.67,460.01,36.66,37.86,0.8254,1,1
414,17,1.26,420.35,45.15,49.84,0.8879,1,1
415,3,103.65,570.88,17.69,29.25,0.7518,1,1
415,4,11.61,459.85,36.83,38.02,0.8267,1,1
415,17,1.23,420.34,45.18,49.89,0.8874,1,1
416,3,103.65,570.57,17.73,29.60,0.7570,1,1
416,4,11.68,459.93,36.72,37.94,0.8289,1,1
416,17,1.23,420.32,45.18,49.96,0.8872,1,1
416,106,44.80,588.42,37.84,23.04,0.3470,1,1
417,3,103.66,570.28,17.84,30.09,0.7607,1,1
417,4,11.55,459.84,36.94,38.20,0.8287,1,1
417,17,1.24,420.49,45.23,50.03,0.8853,1,1
417,106,46.75,588.79,35.56,21.96,0.3158,1,1
418,3,103.71,570.27,17.73,30.11,0.7605,1,1
418,4,11.52,459.88,36.93,38.16,0.8305,1,1
418,17,1.26,420.49,45.20,49.98,0.8853,1,1
418,106,47.56,588.92,34.62,21.60,0.3144,1,1
419,3,103.78,570.31,17.66,29.97,0.7567,1,1
419,4,11.35,460.32,36.91,37.76,0.8329,1,1
419,17,1.40,420.83,44.90,49.29,0.8832,1,1
419,106,46.78,588.00,34.71,22.17,0.6620,1,1
420,3,103.78,570.41,17.64,29.92,0.7559,1,1
420,4,10.93,460.73,37.22,37.60,0.8355,1,1
420,17,1.42,421.10,44.89,48.96,0.8820,1,1
420,106,45.47,587.38,35.91,23.07,0.6682,1,1
421,3,103.84,570.86,17.78,30.16,0.7321,1,1
421,4,11.09,461.22,37.35,37.75,0.8405,1,1
421,17,1.23,421.19,45.47,49.95,0.8814,1,1
421,106,46.33,587.41,35.75,23.31,0.6739,1,1
422,3,103.86,570.44,17.69,30.17,0.7306,1,1
422,4,9.86,460.98,38.43,38.68,0.8259,1,1
422,17,1.25,420.90,45.28,50.05,0.8828,1,1
422,106,45.06,587.41,36.09,23.26,0.5967,1,1
422,107,27.92,585.87,54.91,25.38,0.2773,1,1
423,3,103.90,570.54,17.59,30.06,0.7301,1,1
423,4,9.79,461.01,38.53,38.67,0.8259,1,1
423,17,1.32,420.87,45.15,50.02,0.8827,1,1
423,106,42.96,587.11,37.15,23.57,0.4190,1,1
423,107,25.74,585.63,55.66,25.63,0.2903,1,1
424,3,103.91,570.55,17.56,30.05,0.7300,1,1
424,4,9.72,461.01,38.64,38.71,0.8266,1,1
424,17,1.34,420.87,45.11,50.03,0.8826,1,1
424,106,42.40,587.06,37.73,23.60,0.4215,1,1
424,107,25.29,585.60,55.89,25.63,0.2940,1,1
425,3,103.93,570.67,17.44,29.93,0.7287,1,1
425,4,9.81,461.11,38.54,38.47,0.8263,1,1
425,17,1.43,420.87,45.09,50.08,0.8826,1,1
425,106,42.58,587.20,37.68,23.27,0.2972,1,1
426,3,103.93,570.75,17.30,29.63,0.7487,1,1
426,4,9.86,461.32,38.61,38.35,0.8294,1,1
426,17,1.47,420.78,45.12,50.18,0.8827,1,1
426,106,51.50,589.66,33.35,20.67,0.5132,1,1
427,3,103.76,570.51,17.43,29.72,0.7515,1,1
427,4,9.85,461.49,38.82,38.19,0.8296,1,1
427,17,1.63,421.08,45.00,49.85,0.8798,1,1
427,106,51.73,588.86,33.09,20.86,0.5987,1,1
428,3,103.66,570.26,17.63,30.23,0.7519,1,1
428,4,9.73,461.47,39.09,38.19,0.8277,1,1
428,17,1.69,421.02,45.10,49.96,0.8801,1,1
429,3,103.78,570.53,17.41,29.91,0.7547,1,1
429,4,9.66,461.65,39.20,38.11,0.8302,1,1
429,17,1.85,421.58,44.98,49.44,0.8766,1,1
430,3,103.79,570.57,17.37,29.88,0.7548,1,1
430,4,9.61,461.64,39.31,38.14,0.8297,1,1
430,17,1.80,421.59,45.15,49.37,0.8765,1,1
431,3,103.76,570.77,17.30,29.76,0.7307,1,1
431,4,9.63,461.62,39.37,38.21,0.8308,1,1
431,17,1.82,421.60,45.27,49.28,0.8770,1,1
432,3,103.73,570.91,17.30,29.74,0.7415,1,1
432,4,10.01,461.79,39.12,37.98,0.8320,1,1
432,17,1.82,421.96,45.32,49.12,0.8736,1,1
433,3,103.71,570.90,17.42,29.90,0.7434,1,1
433,4,10.06,461.82,39.25,38.36,0.8221,1,1
433,17,1.17,422.03,45.56,50.38,0.8706,1,1
434,3,103.69,570.72,17.52,30.14,0.7418,1,1
434,4,9.98,462.50,39.05,38.21,0.8198,1,1
434,17,0.87,422.64,45.50,51.32,0.8683,1,1
435,3,103.79,570.92,17.35,29.88,0.7422,1,1
435,4,9.09,463.32,39.35,38.10,0.8108,1,1
435,17,0.86,423.37,44.34,50.01,0.8652,1,1
436,3,103.80,570.97,17.32,29.83,0.7420,1,1
436,4,8.95,463.35,39.59,38.10,0.8108,1,1
436,17,0.86,423.39,44.31,49.99,0.8654,1,1
437,3,103.73,570.81,17.40,29.95,0.7427,1,1
437,4,8.31,463.11,40.43,39.33,0.7968,1,1
437,17,0.06,423.11,45.57,51.66,0.8684,1,1
438,3,103.77,570.97,17.51,30.09,0.7324,1,1
438,4,7.81,462.99,40.43,39.97,0.8177,1,1
438,17,-0.36,423.99,45.56,52.79,0.8764,1,1
439,3,103.66,570.88,17.60,30.15,0.7377,1,1
439,4,7.76,463.03,40.49,40.83,0.8042,1,1
439,17,-0.19,424.26,44.70,52.41,0.8766,1,1
440,3,103.74,571.03,17.51,29.98,0.7364,1,1
440,4,8.35,462.90,39.58,40.95,0.8010,1,1
440,17,0.13,424.66,44.32,51.66,0.8816,1,1
441,3,103.73,571.07,17.47,29.87,0.7383,1,1
441,4,7.64,460.96,40.51,43.47,0.7956,1,1
441,17,0.29,424.93,43.74,50.25,0.8821,1,1
442,3,103.72,571.07,17.49,29.87,0.7376,1,1
442,4,8.04,460.95,39.82,43.89,0.7947,1,1
442,17,0.20,424.96,44.02,50.15,0.8825,1,1
442,110,24.97,517.54,30.15,35.03,0.6826,1,1
443,3,103.76,571.13,17.47,29.81,0.7360,1,1
443,4,8.28,460.78,38.27,42.57,0.8170,1,1
443,17,0.11,425.01,43.66,49.62,0.8818,1,1
443,110,26.42,515.60,26.46,30.89,0.7353,1,1
444,3,103.78,571.19,17.46,29.75,0.7352,1,1
444,4,8.51,459.40,38.65,44.18,0.8381,1,1
444,17,0.24,424.97,43.17,48.51,0.8814,1,1
444,110,26.13,513.97,25.60,29.54,0.6781,1,1
445,3,103.77,571.22,17.46,29.72,0.7353,1,1
445,4,9.09,458.72,37.85,44.46,0.8550,1,1
445,17,0.09,424.97,43.35,48.60,0.8813,1,1
445,110,24.88,511.40,25.56,29.38,0.7030,1,1
446,3,103.78,571.24,17.50,29.68,0.7358,1,1
446,4,9.20,458.05,37.28,44.52,0.8582,1,1
446,17,-0.07,425.11,42.96,48.51,0.8803,1,1
446,110,25.10,511.63,24.75,27.03,0.7366,1,1
447,3,103.87,571.43,17.44,29.36,0.7444,1,1
447,4,8.75,456.94,36.70,43.97,0.8498,1,1
447,17,0.12,425.90,41.96,47.15,0.8736,1,1
447,110,24.86,511.24,25.29,26.07,0.7809,1,1
448,3,103.83,571.43,17.53,29.35,0.7445,1,1
448,4,8.71,456.60,36.62,44.06,0.8501,1,1
448,17,0.02,425.90,41.90,47.13,0.8735,1,1
448,110,24.46,511.18,26.11,26.12,0.7816,1,1
449,3,103.82,571.46,17.56,29.31,0.7437,1,1
449,4,8.47,456.95,36.93,44.24,0.8700,1,1
449,17,0.02,425.87,41.92,47.17,0.8749,1,1
449,110,23.96,509.99,26.80,26.57,0.7600,1,1
450,3,103.84,571.55,17.53,29.20,0.7429,1,1
450,4,8.22,456.77,37.00,44.04,0.8662,1,1
450,17,0.02,426.16,41.78,47.07,0.8758,1,1
450,110,23.89,508.33,27.16,27.17,0.7479,1,1
451,3,103.84,571.67,17.53,29.15,0.7412,1,1
451,4,8.09,456.75,37.45,44.27,0.8645,1,1
451,17,0.16,426.44,41.56,46.51,0.8750,1,1
451,110,24.34,507.83,26.56,26.80,0.7402,1,1
452,3,103.83,571.67,17.54,29.15,0.7405,1,1
452,4,8.16,456.73,37.52,44.21,0.8612,1,1
452,17,0.09,426.37,41.72,46.55,0.8750,1,1
452,110,24.44,507.75,26.39,26.84,0.7388,1,1
