3,1,-0.06,416.26,34.53,47.02,0.8720,1,1
3,2,2.91,451.80,36.18,40.80,0.8414,1,1
3,3,102.41,575.08,18.41,27.30,0.7851,1,1
4,1,0.07,416.22,34.27,47.02,0.8721,1,1
4,2,2.82,451.78,36.34,40.80,0.8410,1,1
4,3,102.38,575.04,18.46,27.36,0.7865,1,1
5,1,0.21,416.77,33.26,45.36,0.8715,1,1
5,2,2.40,450.49,36.00,41.38,0.8388,1,1
5,3,102.49,575.04,18.38,27.22,0.7729,1,1
6,1,0.28,416.96,32.41,43.82,0.8585,1,1
6,2,1.03,447.88,37.16,44.25,0.8367,1,1
6,3,102.39,574.91,18.51,27.35,0.7733,1,1
7,1,-0.01,416.30,32.33,44.02,0.8449,1,1
7,2,1.03,446.08,37.06,46.08,0.8330,1,1
7,3,102.32,574.97,18.56,27.28,0.7723,1,1
8,1,0.18,416.08,31.93,43.22,0.8444,1,1
8,2,1.14,445.42,36.03,45.91,0.8392,1,1
8,3,102.35,574.98,18.52,27.39,0.7775,1,1
9,1,-0.17,416.21,31.99,43.81,0.8280,1,1
9,2,1.35,444.38,35.80,46.55,0.8284,1,1
9,3,102.43,575.10,18.35,27.21,0.7734,1,1
10,1,-0.08,416.18,31.77,43.85,0.8287,1,1
10,2,1.56,444.37,35.38,46.54,0.8288,1,1
10,3,102.47,575.21,18.26,27.08,0.7759,1,1
11,1,-0.23,414.97,31.65,44.38,0.8411,1,1
11,2,1.33,443.42,35.03,46.82,0.8354,1,1
11,3,102.38,575.05,18.35,27.18,0.7661,1,1
12,1,-0.08,414.37,31.06,43.81,0.8334,1,1
12,2,0.89,442.55,34.97,47.48,0.8297,1,1
12,3,102.50,575.36,18.23,26.97,0.7842,1,1
13,1,-0.15,413.61,30.76,43.75,0.8310,1,1
13,2,1.25,442.33,35.03,47.59,0.8322,1,1
13,3,102.46,575.42,18.17,26.88,0.7830,1,1
14,1,-0.20,413.22,30.58,43.97,0.8293,1,1
14,2,1.37,442.05,34.69,46.98,0.8338,1,1
14,3,102.30,575.38,18.46,27.35,0.8022,1,1
15,1,-0.29,412.45,30.52,44.52,0.8261,1,1
15,2,1.00,441.24,35.64,49.02,0.8330,1,1
15,3,102.32,575.40,18.41,27.33,0.7964,1,1
16,1,-0.17,412.43,30.26,44.52,0.8259,1,1
16,2,1.14,441.24,35.34,49.01,0.8328,1,1
16,3,102.36,575.46,18.37,27.28,0.7979,1,1
17,1,-0.10,412.76,29.82,44.09,0.8249,1,1
17,2,1.25,440.57,35.08,48.51,0.8430,1,1
17,3,102.30,575.37,18.38,27.36,0.7951,1,1
18,1,-0.05,412.99,29.95,44.39,0.8225,1,1
18,2,1.22,440.05,35.51,49.24,0.8439,1,1
18,3,102.40,575.41,18.43,27.47,0.8001,1,1
19,1,0.16,413.21,29.95,44.09,0.8231,1,1
19,2,1.41,440.15,35.34,48.85,0.8383,1,1
19,3,102.40,575.34,18.39,27.40,0.7918,1,1
20,1,0.02,412.99,30.21,44.45,0.8303,1,1
20,2,1.72,439.97,35.24,47.78,0.8334,1,1
20,3,102.29,575.00,18.50,27.68,0.7824,1,1
21,1,0.21,412.59,30.60,44.45,0.8415,1,1
21,2,1.86,440.02,35.48,47.64,0.8300,1,1
21,3,102.23,574.87,18.55,27.84,0.7812,1,1
22,1,0.11,412.52,30.82,44.50,0.8419,1,1
22,2,1.77,440.01,35.66,47.64,0.8298,1,1
22,3,102.25,574.83,18.53,27.86,0.7802,1,1
23,1,-0.07,411.08,31.86,46.21,0.8500,1,1
23,2,1.67,441.11,34.98,45.92,0.8327,1,1
23,3,102.19,574.71,18.58,28.00,0.7808,1,1
24,1,-0.16,410.78,31.90,46.74,0.8577,1,1
24,2,1.82,441.22,35.42,46.56,0.8339,1,1
24,3,102.34,574.87,18.44,27.90,0.7812,1,1
25,1,-0.08,410.74,31.73,46.72,0.8560,1,1
25,2,2.44,441.74,34.81,45.55,0.8340,1,1
25,3,102.40,574.87,18.36,27.85,0.7769,1,1
26,1,-0.05,410.72,31.90,47.10,0.8521,1,1
26,2,2.66,442.40,34.77,45.36,0.8343,1,1
26,3,102.18,574.41,18.61,28.43,0.7857,1,1
27,1,0.39,411.49,32.66,47.20,0.8448,1,1
27,2,2.91,443.83,34.57,44.19,0.8318,1,1
27,3,102.26,574.42,18.55,28.36,0.7826,1,1
28,1,0.24,411.58,33.01,47.08,0.8459,1,1
28,2,2.75,443.86,34.91,44.13,0.8318,1,1
28,3,102.25,574.48,18.52,28.32,0.7839,1,1
29,1,0.18,411.24,34.56,48.87,0.8556,1,1
29,2,4.78,446.59,33.74,42.05,0.8415,1,1
29,3,102.30,574.57,18.51,28.35,0.7985,1,1
30,1,0.34,411.47,35.26,49.08,0.8626,1,1
30,2,4.81,448.11,34.08,42.32,0.8541,1,1
30,3,102.43,574.70,18.38,28.15,0.7966,1,1
31,1,0.41,411.66,35.43,48.19,0.8774,1,1
31,2,4.38,449.99,34.19,41.52,0.8567,1,1
31,3,102.47,574.53,18.39,28.19,0.7873,1,1
32,1,0.18,412.08,36.15,49.06,0.8785,1,1
32,2,3.96,451.27,34.82,41.57,0.8629,1,1
32,3,102.45,574.56,18.36,28.05,0.7852,1,1
33,1,0.14,412.14,36.36,49.43,0.8667,1,1
33,2,3.70,451.70,35.10,40.71,0.8521,1,1
33,3,102.38,574.65,18.42,28.07,0.7907,1,1
34,1,0.15,412.11,36.35,49.47,0.8667,1,1
34,2,3.44,451.70,35.62,40.71,0.8526,1,1
34,3,102.37,574.67,18.45,28.07,0.7925,1,1
35,1,0.31,412.34,36.57,49.31,0.8675,1,1
35,2,3.64,451.36,35.98,40.27,0.8726,1,1
35,3,102.34,574.45,18.57,28.18,0.7840,1,1
36,1,0.33,412.44,36.80,49.25,0.8603,1,1
36,2,3.42,451.23,36.59,40.01,0.8692,1,1
36,3,102.30,574.34,18.67,28.34,0.7848,1,1
37,1,0.33,412.42,37.18,49.30,0.8529,1,1
37,2,3.96,451.44,36.44,38.88,0.8635,1,1
37,3,102.24,574.24,18.74,28.46,0.7816,1,1
38,1,0.09,412.32,37.68,49.85,0.8541,1,1
38,2,4.46,451.46,36.49,38.61,0.8673,1,1
38,3,102.27,574.11,18.73,28.59,0.7710,1,1
39,1,0.16,412.32,37.96,49.83,0.8562,1,1
39,2,4.17,452.51,36.72,37.94,0.8665,1,1
39,3,102.41,574.23,18.58,28.46,0.7678,1,1
40,1,0.10,412.30,38.13,49.86,0.8565,1,1
40,2,3.96,452.51,37.13,37.95,0.8670,1,1
40,3,102.42,574.24,18.55,28.47,0.7688,1,1
41,1,0.05,412.07,38.49,50.21,0.8581,1,1
41,2,4.10,452.61,36.98,37.46,0.8654,1,1
41,3,102.37,574.35,18.54,28.47,0.7702,1,1
42,1,0.01,412.03,38.71,50.52,0.8590,1,1
42,2,4.14,453.01,36.95,37.05,0.8676,1,1
42,3,102.34,574.20,18.60,28.55,0.7677,1,1
43,1,0.21,412.72,38.77,50.08,0.8620,1,1
43,2,4.36,453.19,36.92,36.58,0.8740,1,1
43,3,102.31,574.42,18.60,28.52,0.7762,1,1
44,1,0.22,412.67,39.07,49.98,0.8601,1,1
44,2,4.39,453.41,37.29,36.77,0.8747,1,1
44,3,102.33,574.41,18.64,28.54,0.7841,1,1
45,1,0.33,413.15,39.25,49.46,0.8619,1,1
45,2,4.47,454.20,37.32,36.36,0.8842,1,1
45,3,102.34,574.51,18.66,28.43,0.7837,1,1
46,1,0.20,413.17,39.52,49.43,0.8615,1,1
46,2,4.39,454.21,37.52,36.38,0.8844,1,1
46,3,102.35,574.56,18.66,28.34,0.7818,1,1
47,1,0.11,413.23,40.01,49.91,0.8665,1,1
47,2,4.68,454.18,38.35,36.73,0.8920,1,1
47,3,102.24,574.27,18.75,28.40,0.7720,1,1
48,1,-0.07,413.01,40.40,50.75,0.8601,1,1
48,2,4.72,454.42,39.76,38.34,0.8933,1,1
48,3,102.18,573.89,18.81,28.60,0.7547,1,1
49,1,-0.02,413.74,40.37,50.91,0.8592,1,1
49,2,5.46,450.88,41.32,41.64,0.8947,1,1
49,3,102.23,574.24,18.59,28.29,0.7584,1,1
50,1,-1.64,414.32,43.54,58.46,0.8420,1,1
50,2,6.12,449.20,41.26,43.82,0.8965,1,1
50,3,102.28,574.40,18.58,28.28,0.7649,1,1
51,1,-1.52,414.68,42.49,60.21,0.8300,1,1
51,2,8.85,448.23,39.40,43.96,0.8882,1,1
51,3,102.17,574.32,18.65,28.34,0.7616,1,1
52,1,-0.85,414.70,41.11,60.22,0.8297,1,1
52,2,9.35,448.22,38.50,43.97,0.8884,1,1
52,3,102.17,574.30,18.68,28.34,0.7594,1,1
53,1,-1.65,414.66,42.85,65.82,0.8076,1,1
53,2,10.17,447.00,38.53,45.34,0.8956,1,1
53,3,102.23,574.52,18.58,28.10,0.7640,1,1
54,1,-1.73,413.88,43.48,70.25,0.8048,1,1
54,2,11.57,446.20,37.21,45.23,0.8838,1,1
54,3,102.20,574.42,18.65,28.22,0.7615,1,1
55,1,-1.10,414.13,42.07,70.29,0.8054,1,1
55,2,13.11,446.39,36.49,44.18,0.8785,1,1
55,3,102.23,574.42,18.60,28.19,0.7574,1,1
56,1,-0.68,414.11,41.57,70.94,0.8061,1,1
56,2,13.32,446.00,37.03,44.42,0.8829,1,1
56,3,102.14,574.21,18.69,28.38,0.7559,1,1
57,1,-0.55,414.17,40.55,70.41,0.8023,1,1
57,2,13.61,446.44,36.87,43.90,0.8779,1,1
57,3,102.23,574.26,18.67,28.28,0.7499,1,1
58,1,-0.35,414.17,40.14,70.50,0.8020,1,1
58,2,13.57,446.46,36.97,43.89,0.8778,1,1
58,3,102.24,574.28,18.68,28.27,0.7516,1,1
59,1,-0.24,414.02,40.13,71.05,0.8027,1,1
59,2,14.77,446.60,36.17,43.79,0.8693,1,1
59,3,102.26,574.32,18.64,28.20,0.7523,1,1
60,1,-0.01,414.08,39.62,70.18,0.8065,1,1
60,2,15.11,446.56,35.71,43.39,0.8635,1,1
60,3,102.31,574.27,18.69,28.40,0.7545,1,1
61,1,-0.06,413.49,39.77,70.64,0.8142,1,1
61,2,17.62,446.78,33.80,41.61,0.8414,1,1
61,3,102.39,574.46,18.45,28.19,0.7576,1,1
62,1,-0.40,412.46,40.11,72.34,0.8100,1,1
62,2,16.59,446.73,34.73,42.85,0.8410,1,1
62,3,102.42,574.49,18.58,28.57,0.7855,1,1
63,1,-0.20,412.45,39.86,72.47,0.8097,1,1
63,2,16.78,446.82,34.51,42.65,0.8390,1,1
63,3,102.39,574.51,18.62,28.69,0.7912,1,1
64,1,-0.09,412.51,39.65,72.41,0.8098,1,1
64,2,16.85,446.86,34.40,42.55,0.8382,1,1
64,3,102.40,574.48,18.62,28.72,0.7905,1,1
65,1,-0.00,412.61,39.71,72.61,0.8063,1,1
65,2,16.71,446.66,34.52,42.64,0.8413,1,1
65,3,102.35,574.44,18.67,28.78,0.7929,1,1
66,1,0.17,413.09,39.51,71.93,0.8074,1,1
66,2,16.83,446.59,34.25,42.04,0.8356,1,1
66,3,102.38,574.47,18.60,28.66,0.7920,1,1
67,1,0.08,413.04,39.60,72.00,0.8065,1,1
67,2,16.87,446.65,34.21,41.88,0.8318,1,1
67,3,102.34,574.40,18.67,28.74,0.7907,1,1
68,1,0.01,413.02,39.76,72.39,0.8120,1,1
68,2,17.86,446.10,33.25,40.80,0.8141,1,1
68,3,102.38,574.58,18.54,28.55,0.7929,1,1
69,1,0.05,412.77,39.71,72.31,0.8149,1,1
69,2,18.20,445.93,32.97,40.50,0.8017,1,1
69,3,102.39,574.60,18.53,28.53,0.7929,1,1
70,1,0.05,412.74,39.71,72.32,0.8148,1,1
70,2,18.23,445.93,32.92,40.47,0.8010,1,1
70,3,102.41,574.65,18.49,28.46,0.7935,1,1
71,1,0.02,412.59,39.66,72.32,0.8170,1,1
71,2,18.46,445.68,32.78,40.62,0.8021,1,1
71,3,102.41,574.63,18.49,28.48,0.7935,1,1
71,5,1235.67,44.58,18.17,26.27,0.4027,1,1
72,1,-0.10,411.87,39.69,72.83,0.8209,1,1
72,2,17.99,445.17,33.13,41.29,0.8164,1,1
72,3,102.42,574.71,18.48,28.45,0.7965,1,1
72,5,1235.97,45.56,17.74,25.61,0.2852,1,1
73,1,-0.13,411.74,39.46,72.92,0.8219,1,1
73,2,18.39,444.91,32.86,41.09,0.8115,1,1
73,3,102.39,574.74,18.49,28.42,0.7964,1,1
74,1,-0.17,411.42,39.32,73.25,0.8237,1,1
74,2,18.90,443.75,32.51,41.89,0.8058,1,1
74,3,102.39,574.75,18.45,28.36,0.7955,1,1
75,1,-0.12,411.54,39.04,73.21,0.8250,1,1
75,2,18.92,443.23,32.18,42.24,0.8088,1,1
75,3,102.38,574.85,18.44,28.29,0.7987,1,1
76,1,-0.05,411.54,38.91,73.22,0.8251,1,1
76,2,19.10,443.22,31.80,42.25,0.8082,1,1
76,3,102.38,574.84,18.46,28.30,0.7986,1,1
77,1,-0.14,411.67,38.86,73.62,0.8232,1,1
77,2,17.94,443.54,32.42,42.25,0.8100,1,1
77,3,102.32,574.84,18.50,28.30,0.7980,1,1
78,1,-0.14,411.59,38.66,73.75,0.8241,1,1
78,2,17.75,442.87,32.98,43.17,0.8123,1,1
78,3,102.29,574.78,18.58,28.44,0.7992,1,1
79,1,-0.17,411.63,38.51,74.06,0.8231,1,1
79,2,17.87,442.92,32.76,43.07,0.8106,1,1
79,3,102.29,575.01,18.52,28.39,0.8073,1,1
80,1,-0.19,411.54,38.43,74.53,0.8217,1,1
80,2,17.83,442.84,32.68,43.17,0.8060,1,1
80,3,102.31,574.91,18.49,28.38,0.8034,1,1
81,1,-0.03,411.59,38.10,74.03,0.8222,1,1
81,2,17.65,443.55,32.62,42.41,0.8111,1,1
81,3,102.30,574.81,18.50,28.41,0.7997,1,1
82,1,0.00,411.63,38.04,74.01,0.8216,1,1
82,2,17.28,442.97,33.20,43.29,0.8108,1,1
82,3,102.30,574.78,18.51,28.44,0.7994,1,1
83,1,-0.02,411.55,37.96,73.99,0.8221,1,1
83,2,17.76,443.22,32.48,42.53,0.8123,1,1
83,3,102.31,574.83,18.50,28.42,0.8018,1,1
84,1,-0.49,411.61,37.94,75.33,0.8143,1,1
84,2,15.13,441.92,34.36,44.26,0.8398,1,1
84,3,102.32,574.91,18.46,28.41,0.8046,1,1
85,1,0.15,413.08,35.37,69.73,0.8186,1,1
85,2,10.82,439.67,37.32,48.91,0.8943,1,1
85,3,102.29,575.01,18.43,28.37,0.8076,1,1
86,1,1.80,412.90,32.85,58.58,0.8344,1,1
86,2,10.19,439.83,37.31,48.30,0.8995,1,1
86,3,102.25,574.98,18.43,28.38,0.8073,1,1
86,8,1222.62,68.03,13.69,24.25,0.7481,1,1
87,1,1.72,412.95,33.19,53.63,0.8463,1,1
87,2,9.10,439.95,36.85,47.01,0.8956,1,1
87,3,102.20,574.89,18.55,28.52,0.8119,1,1
87,8,1224.45,69.21,14.90,25.58,0.7870,1,1
87,9,1300.00,77.08,16.95,26.84,0.3847,1,1
88,1,0.97,412.91,34.68,53.56,0.8468,1,1
88,2,8.99,439.98,37.05,46.98,0.8957,1,1
88,3,102.24,574.88,18.54,28.48,0.8110,1,1
88,8,1224.41,69.24,15.19,25.62,0.7875,1,1
88,9,1300.53,78.04,16.90,26.55,0.3795,1,1
89,1,1.54,412.46,33.96,48.88,0.8399,1,1
89,2,7.91,441.63,35.44,45.00,0.8863,1,1
89,3,102.26,575.14,18.56,28.50,0.8155,1,1
89,8,1224.73,70.97,15.21,25.26,0.6696,1,1
89,9,1302.25,79.59,17.11,26.10,0.5032,1,1
90,1,2.52,412.06,33.85,44.72,0.8095,1,1
90,2,6.12,444.24,35.02,42.84,0.8775,1,1
90,3,102.42,575.23,18.37,28.13,0.8133,1,1
90,8,1225.02,73.27,15.34,24.52,0.7596,1,1
91,1,2.64,411.27,34.48,39.87,0.8349,1,1
91,2,3.82,446.45,36.99,42.29,0.8870,1,1
91,3,102.46,575.29,18.32,28.03,0.8117,1,1
91,8,1225.88,76.34,15.69,24.75,0.7888,1,1
92,1,1.81,411.12,36.21,38.16,0.8498,1,1
92,2,2.83,447.64,37.48,40.90,0.8858,1,1
92,3,102.56,575.26,18.29,27.94,0.8087,1,1
92,8,1224.95,79.10,16.03,25.06,0.8007,1,1
93,1,0.99,410.98,38.07,38.41,0.8584,1,1
93,2,2.08,448.52,37.60,40.56,0.8745,1,1
93,3,102.54,575.06,18.38,28.14,0.8011,1,1
93,8,1222.68,80.89,16.74,25.44,0.8235,1,1
94,1,0.60,410.98,38.85,38.42,0.8584,1,1
94,2,1.96,448.52,37.82,40.57,0.8745,1,1
94,3,102.56,575.05,18.36,28.14,0.8009,1,1
94,8,1222.50,80.94,17.00,25.46,0.8235,1,1
95,1,0.52,411.19,39.36,38.41,0.8552,1,1
95,2,2.21,448.87,38.37,41.10,0.8819,1,1
95,3,102.58,575.17,18.33,28.08,0.8079,1,1
95,8,1220.28,81.35,17.59,26.79,0.8086,1,1
96,1,0.52,411.48,39.47,38.03,0.8526,1,1
96,2,2.11,449.09,38.69,41.29,0.8828,1,1
96,3,102.66,575.47,18.29,28.00,0.8220,1,1
96,8,1218.18,83.46,17.71,26.68,0.7126,1,1
97,1,0.45,411.50,39.67,37.86,0.8519,1,1
97,2,2.22,449.15,38.73,41.30,0.8846,1,1
97,3,102.66,575.58,18.24,27.93,0.8229,1,1
97,8,1217.07,86.25,17.69,25.73,0.6370,1,1
97,12,1255.67,0.01,26.18,20.18,0.4839,1,1
98,1,0.38,411.43,39.84,37.75,0.8520,1,1
98,2,2.22,449.18,38.74,41.36,0.8829,1,1
98,3,102.65,575.66,18.29,28.05,0.8278,1,1
98,8,1217.16,90.81,17.74,25.06,0.6164,1,1
98,12,1255.42,0.01,26.51,20.46,0.2968,1,1
99,1,0.30,411.43,39.94,37.71,0.8520,1,1
99,2,2.20,449.14,38.75,41.37,0.8832,1,1
99,3,102.61,575.60,18.32,28.10,0.8260,1,1
99,8,1216.34,93.53,18.00,25.09,0.2657,1,1
99,15,1210.96,92.20,20.38,26.21,0.6205,1,1
100,1,0.25,411.41,40.01,37.75,0.8523,1,1
100,2,2.17,449.11,38.74,41.39,0.8825,1,1
100,3,102.62,575.59,18.32,28.12,0.8263,1,1
100,8,1216.01,94.18,18.30,25.14,0.2618,1,1
100,15,1211.08,92.35,20.11,26.31,0.6265,1,1
101,1,0.22,411.39,40.01,37.76,0.8519,1,1
101,2,2.19,449.17,38.54,41.08,0.8806,1,1
101,3,102.62,575.63,18.29,28.11,0.8263,1,1
101,12,1253.98,0.01,27.74,21.44,0.2701,1,1
101,15,1211.47,93.38,18.27,23.89,0.3016,1,1
102,1,0.21,411.33,40.09,37.84,0.8522,1,1
102,2,2.00,449.50,38.68,41.14,0.8820,1,1
102,3,102.64,575.59,18.24,28.11,0.8255,1,1
102,12,1251.92,1.19,28.76,22.60,0.4336,1,1
103,1,0.18,411.32,40.14,37.95,0.8522,1,1
103,2,1.95,449.53,38.83,41.55,0.8834,1,1
103,3,102.61,575.44,18.24,28.19,0.8275,1,1
103,12,1250.59,1.27,28.76,23.16,0.4460,1,1
104,1,0.20,411.31,40.12,37.96,0.8528,1,1
104,2,2.02,449.53,38.72,41.50,0.8832,1,1
104,3,102.62,575.38,18.20,28.17,0.8234,1,1
104,12,1249.63,1.04,28.39,23.47,0.5474,1,1
105,1,0.23,411.35,40.07,37.86,0.8527,1,1
105,2,2.00,449.43,38.76,41.65,0.8844,1,1
105,3,102.62,575.27,18.17,28.18,0.8200,1,1
105,12,1247.20,0.14,27.15,22.91,0.5903,1,1
106,1,0.21,411.35,40.10,37.87,0.8527,1,1
106,2,2.02,449.42,38.73,41.64,0.8844,1,1
106,3,102.64,575.25,18.15,28.17,0.8203,1,1
106,12,1247.06,0.00,26.66,22.82,0.5939,1,1
107,1,0.17,411.36,39.98,37.80,0.8513,1,1
107,2,1.93,449.27,38.77,41.68,0.8831,1,1
107,3,102.64,575.22,18.13,28.17,0.8190,1,1
107,12,1244.73,0.78,28.90,26.14,0.6788,1,1
108,1,0.14,411.32,39.93,37.89,0.8536,1,1
108,2,1.97,449.43,38.52,41.24,0.8819,1,1
108,3,102.83,574.95,18.14,28.26,0.8111,1,1
108,12,1241.77,0.98,29.78,27.92,0.6651,1,1
109,1,0.18,411.32,39.81,37.80,0.8553,1,1
109,2,1.68,449.50,38.61,41.38,0.8752,1,1
109,3,102.84,574.90,18.13,28.27,0.8080,1,1
109,12,1239.54,2.05,27.99,26.81,0.7343,1,1
110,1,0.22,411.33,39.77,37.70,0.8549,1,1
110,2,1.67,449.51,38.65,41.44,0.8760,1,1
110,3,102.79,574.80,18.23,28.39,0.8064,1,1
110,12,1238.24,4.12,27.30,26.10,0.3030,1,1
111,1,0.24,411.38,39.66,37.50,0.8540,1,1
111,2,1.72,449.27,38.63,41.47,0.8758,1,1
111,3,102.89,575.17,18.17,28.17,0.8093,1,1
111,12,1233.71,4.42,29.52,28.57,0.3565,1,1
112,1,0.21,411.38,39.71,37.50,0.8540,1,1
112,2,1.73,449.26,38.61,41.47,0.8757,1,1
112,3,102.87,575.17,18.21,28.14,0.8085,1,1
112,12,1232.81,4.44,29.74,29.15,0.3582,1,1
113,1,0.20,411.36,39.80,37.56,0.8531,1,1
113,2,1.75,449.12,38.42,41.30,0.8741,1,1
113,3,102.85,575.28,18.22,28.13,0.8100,1,1
113,12,1230.29,4.38,29.33,29.68,0.5476,1,1
114,1,0.22,411.42,39.68,37.38,0.8524,1,1
114,2,1.67,448.82,38.50,41.53,0.8722,1,1
114,3,102.81,575.24,18.27,28.22,0.8122,1,1
114,12,1228.21,6.44,27.33,30.38,0.8270,1,1
115,1,0.10,411.21,39.35,37.11,0.8516,1,1
115,2,1.58,448.04,38.97,42.11,0.8709,1,1
115,3,102.85,575.25,18.13,28.04,0.8064,1,1
115,12,1225.97,8.47,27.48,31.36,0.8435,1,1
116,1,0.08,411.02,39.28,36.91,0.8433,1,1
116,2,1.84,447.54,39.57,42.48,0.8812,1,1
116,3,102.89,575.27,18.05,27.92,0.8010,1,1
116,12,1223.07,7.92,26.97,32.00,0.8227,1,1
116,19,1264.80,129.27,13.60,24.16,0.6661,1,1
116,20,1227.82,0.01,30.98,21.31,0.6233,1,1
117,1,-0.37,411.54,39.31,37.50,0.8340,1,1
117,2,1.61,445.50,39.74,43.63,0.8702,1,1
117,3,102.91,575.33,18.02,27.88,0.8028,1,1
117,12,1221.16,8.96,26.66,31.47,0.8505,1,1
117,19,1266.48,130.33,14.90,26.09,0.6007,1,1
117,20,1223.51,0.00,32.18,21.72,0.6686,1,1
118,1,-0.21,411.55,38.98,37.51,0.8340,1,1
118,2,1.82,445.47,39.32,43.66,0.8702,1,1
118,3,102.91,575.34,18.02,27.87,0.8033,1,1
118,12,1221.08,8.97,26.70,31.45,0.8506,1,1
118,19,1266.57,130.42,15.22,26.28,0.5995,1,1
118,20,1222.99,-0.01,32.72,21.76,0.6685,1,1
119,1,-1.38,412.43,40.70,40.75,0.8020,1,1
119,2,2.86,443.73,38.64,43.82,0.8679,1,1
119,3,102.88,575.24,18.07,27.97,0.8032,1,1
119,12,1219.07,9.17,26.40,31.92,0.8302,1,1
119,19,1267.38,131.56,16.54,28.34,0.2965,1,1
119,20,1219.73,0.00,32.52,20.79,0.6586,1,1
120,1,-2.36,412.45,40.31,45.06,0.8418,1,1
120,2,4.07,441.50,37.73,44.23,0.8584,1,1
120,3,102.87,575.31,18.07,27.96,0.8063,1,1
120,12,1218.25,12.12,26.44,31.60,0.8327,1,1
120,19,1271.34,132.79,17.17,29.11,0.3065,1,1
120,20,1216.30,-0.00,33.67,20.37,0.7038,1,1
121,1,-1.85,413.15,38.83,48.22,0.8585,1,1
121,2,5.05,439.78,36.46,44.69,0.8368,1,1
121,3,102.54,575.11,18.03,27.66,0.7825,1,1
121,12,1217.49,15.31,27.24,32.88,0.8472,1,1
121,19,1275.73,135.03,17.00,28.47,0.2760,1,1
121,20,1213.98,0.00,37.29,22.89,0.6969,1,1
122,1,-1.59,413.23,37.65,51.03,0.8603,1,1
122,2,6.83,437.96,37.71,48.34,0.8551,1,1
122,3,102.47,574.60,18.14,27.68,0.7408,1,1
122,12,1216.33,17.27,27.73,34.56,0.8271,1,1
122,19,1278.82,136.63,16.83,27.61,0.2659,1,1
122,20,1211.85,0.01,38.95,24.50,0.6230,1,1
123,1,-1.10,413.19,36.26,52.10,0.8579,1,1
123,2,8.28,436.05,37.48,50.07,0.8202,1,1
123,3,102.49,574.70,18.15,27.59,0.7453,1,1
123,12,1215.79,17.58,28.07,35.89,0.8334,1,1
123,19,1281.21,137.39,16.51,26.48,0.2596,1,1
123,20,1210.72,0.01,38.78,24.93,0.5606,1,1
124,1,-0.56,413.18,35.17,52.12,0.8580,1,1
124,2,8.82,436.00,36.48,50.11,0.8208,1,1
124,3,102.47,574.69,18.20,27.59,0.7447,1,1
124,12,1215.97,17.59,27.69,35.92,0.8339,1,1
124,19,1281.70,137.53,16.64,26.15,0.2629,1,1
124,20,1210.93,-0.01,38.10,24.99,0.5601,1,1
125,1,-0.69,413.19,35.45,53.99,0.8334,1,1
125,2,9.81,434.50,35.24,50.17,0.8258,1,1
125,3,102.52,574.73,18.20,27.52,0.7428,1,1
125,12,1215.32,20.87,27.12,34.06,0.8821,1,1
125,20,1208.20,1.42,40.08,26.84,0.5460,1,1
126,1,-0.86,412.59,34.55,54.69,0.8337,1,1
126,2,10.85,434.08,34.35,49.34,0.8163,1,1
126,3,102.58,573.33,18.34,28.06,0.7479,1,1
126,12,1213.98,26.10,27.28,33.68,0.8437,1,1
126,20,1206.98,2.24,39.71,31.02,0.8550,1,1
127,1,-0.96,411.63,34.34,56.78,0.8332,1,1
127,2,11.73,434.52,33.88,47.66,0.8276,1,1
127,3,102.60,573.04,18.23,28.18,0.7593,1,1
127,12,1213.37,28.96,27.37,33.79,0.8822,1,1
127,20,1207.50,6.90,37.27,29.63,0.8541,1,1
128,1,-0.51,411.02,33.75,57.26,0.8409,1,1
128,2,11.89,434.66,34.05,46.87,0.8331,1,1
128,3,102.49,572.89,18.21,28.29,0.7661,1,1
128,12,1212.94,30.46,27.91,34.42,0.8777,1,1
128,20,1206.93,8.93,37.96,30.92,0.8424,1,1
129,1,-0.33,410.36,33.13,57.21,0.8445,1,1
129,2,12.22,434.18,33.87,45.77,0.8427,1,1
129,3,102.38,572.87,18.27,28.42,0.7622,1,1
129,12,1213.06,31.45,27.65,33.50,0.8750,1,1
129,20,1208.20,11.25,35.87,29.73,0.8331,1,1
130,1,-0.18,410.32,32.83,57.23,0.8443,1,1
130,2,12.08,434.16,34.16,45.75,0.8425,1,1
130,3,102.35,572.85,18.25,28.40,0.7628,1,1
130,12,1212.96,31.45,27.86,33.48,0.8751,1,1
130,20,1208.42,11.31,35.42,29.66,0.8332,1,1
131,1,-0.27,410.60,33.15,58.53,0.8346,1,1
131,2,11.94,433.12,34.21,46.11,0.8537,1,1
131,3,102.29,572.87,18.32,28.54,0.7550,1,1
131,12,1212.11,32.56,29.45,36.75,0.8776,1,1
131,20,1208.15,12.79,35.97,29.86,0.8297,1,1
132,1,-0.21,410.34,33.31,59.34,0.8302,1,1
132,2,11.43,432.12,34.33,46.95,0.8529,1,1
132,3,102.24,574.39,18.15,28.00,0.7593,1,1
132,12,1212.64,33.16,27.88,34.33,0.8695,1,1
132,20,1207.47,13.92,36.38,30.16,0.8243,1,1
133,1,0.08,410.95,33.18,58.85,0.8283,1,1
133,2,11.02,432.05,34.05,47.32,0.8530,1,1
133,3,102.15,574.41,18.24,28.01,0.7539,1,1
133,12,1211.71,34.86,28.94,36.01,0.8391,1,1
133,20,1207.01,14.44,37.74,31.72,0.8305,1,1
134,1,0.26,411.51,32.68,57.10,0.8394,1,1
134,2,10.73,431.94,33.85,47.92,0.8534,1,1
134,3,102.07,574.44,18.29,27.99,0.7538,1,1
134,12,1210.81,36.18,28.55,35.90,0.7707,1,1
134,20,1206.15,15.61,38.23,32.61,0.8230,1,1
135,1,0.48,411.81,33.24,56.63,0.8410,1,1
135,2,9.84,431.69,33.73,48.69,0.8553,1,1
135,3,102.05,574.29,18.38,28.10,0.7496,1,1
135,12,1209.41,37.77,28.33,35.28,0.7926,1,1
135,20,1204.05,15.74,39.80,34.99,0.8316,1,1
136,1,0.27,411.81,33.66,56.61,0.8407,1,1
136,2,9.99,431.67,33.42,48.72,0.8552,1,1
136,3,102.05,574.30,18.37,28.07,0.7483,1,1
136,12,1209.27,37.82,28.50,35.26,0.7927,1,1
136,20,1204.31,15.75,39.21,35.04,0.8313,1,1
137,1,0.39,410.87,34.21,56.58,0.8311,1,1
137,2,8.46,432.66,33.62,47.31,0.8569,1,1
137,3,102.05,574.22,18.39,28.15,0.7472,1,1
137,12,1207.96,39.80,28.78,35.70,0.8004,1,1
137,20,1203.09,18.75,39.57,34.77,0.8397,1,1
138,1,1.10,409.16,34.54,54.02,0.8353,1,1
138,2,6.53,436.32,34.73,45.27,0.8627,1,1
138,3,102.19,572.92,18.40,28.37,0.7544,1,1
138,12,1206.50,41.42,29.26,36.11,0.7830,1,1
138,20,1201.74,20.19,40.81,35.72,0.8085,1,1
139,1,1.26,408.04,35.36,52.46,0.8230,1,1
139,2,4.88,439.94,35.77,43.79,0.8562,1,1
139,3,102.29,572.87,18.23,28.34,0.7520,1,1
139,12,1205.42,45.63,28.82,34.46,0.8217,1,1
139,20,1200.60,23.03,39.50,34.04,0.8454,1,1
140,1,0.98,407.19,36.34,51.60,0.8293,1,1
140,2,5.21,443.90,36.16,41.01,0.8563,1,1
140,3,102.36,572.85,18.13,28.41,0.7529,1,1
140,12,1202.90,48.55,28.50,33.24,0.8523,1,1
140,20,1197.04,25.55,41.86,35.72,0.8453,1,1
141,1,0.59,406.83,37.14,51.39,0.8315,1,1
141,2,4.69,446.16,36.45,39.34,0.8617,1,1
141,3,102.46,572.76,18.02,28.43,0.7563,1,1
141,12,1200.15,50.81,29.48,34.12,0.8296,1,1
141,20,1193.92,27.84,43.10,37.56,0.8660,1,1
142,1,0.35,406.94,37.62,51.29,0.8314,1,1
142,2,4.27,446.17,37.29,39.34,0.8613,1,1
142,3,102.50,572.76,17.95,28.48,0.7539,1,1
142,12,1200.01,50.88,29.63,34.14,0.8288,1,1
142,20,1194.04,27.86,42.79,37.64,0.8658,1,1
143,1,0.49,407.48,37.81,50.61,0.8297,1,1
143,2,4.09,446.68,37.74,39.24,0.8711,1,1
143,3,102.49,572.72,17.92,28.56,0.7537,1,1
143,12,1196.79,54.65,29.90,34.76,0.8293,1,1
143,20,1191.28,30.31,44.01,39.98,0.8806,1,1
144,1,0.60,407.37,37.65,49.28,0.8267,1,1
144,2,4.34,447.74,37.54,38.23,0.8660,1,1
144,3,102.51,572.70,17.83,28.46,0.7558,1,1
144,12,1193.66,58.46,29.85,36.26,0.8471,1,1
144,20,1188.93,32.34,42.92,39.80,0.8778,1,1
145,1,0.69,408.12,37.80,48.26,0.8267,1,1
145,2,4.17,448.01,37.87,37.98,0.8691,1,1
145,3,102.55,572.59,17.84,28.46,0.7643,1,1
145,12,1189.79,62.03,29.11,35.08,0.8603,1,1
145,20,1185.40,35.19,41.46,38.22,0.8589,1,1
146,1,0.78,409.04,38.18,47.50,0.8280,1,1
146,2,3.56,448.33,38.15,38.28,0.8593,1,1
146,3,102.58,572.44,17.94,28.69,0.7637,1,1
146,12,1185.97,63.04,28.87,34.49,0.7885,1,1
146,20,1181.94,36.58,42.51,39.50,0.8726,1,1
147,1,0.67,409.24,38.80,47.44,0.8312,1,1
147,2,3.81,450.20,37.67,37.39,0.8710,1,1
147,3,102.67,572.47,17.88,28.74,0.7535,1,1
147,12,1182.22,65.04,28.19,32.56,0.8027,1,1
147,20,1177.19,37.00,43.59,40.74,0.8759,1,1
148,1,0.50,409.24,39.17,47.44,0.8312,1,1
148,2,3.73,450.23,37.84,37.37,0.8710,1,1
148,3,102.71,572.48,17.81,28.72,0.7523,1,1
148,12,1181.80,65.07,28.74,32.50,0.8032,1,1
148,20,1177.18,37.01,43.51,40.74,0.8760,1,1
149,1,0.35,409.47,39.76,48.02,0.8393,1,1
149,2,3.82,450.64,37.88,37.38,0.8739,1,1
149,3,102.81,572.57,17.74,28.65,0.7538,1,1
149,12,1178.38,66.46,30.25,34.50,0.7870,1,1
149,20,1173.35,38.77,42.56,39.90,0.8673,1,1
150,1,0.52,409.15,40.43,48.31,0.8523,1,1
150,2,3.91,452.82,36.25,34.82,0.8580,1,1
150,3,102.96,572.43,17.70,28.60,0.7590,1,1
150,12,1175.07,67.39,30.76,35.58,0.8668,1,1
150,20,1170.17,40.90,42.04,39.14,0.8491,1,1
151,1,0.67,409.84,40.72,47.77,0.8572,1,1
151,2,3.68,453.21,36.70,34.72,0.8609,1,1
151,3,102.90,572.38,17.72,28.59,0.7641,1,1
151,12,1171.49,68.14,30.84,36.85,0.8545,1,1
151,20,1167.73,43.54,43.65,40.84,0.8730,1,1
152,1,0.62,410.39,41.17,47.53,0.8590,1,1
152,2,3.78,454.74,37.34,34.54,0.8747,1,1
152,3,102.84,572.52,17.67,28.42,0.7618,1,1
152,12,1169.52,70.59,30.19,36.43,0.8659,1,1
152,20,1164.48,44.52,43.06,39.43,0.8796,1,1
153,1,0.03,410.27,42.00,48.73,0.8531,1,1
153,2,3.75,455.04,37.75,34.43,0.8788,1,1
153,3,102.79,572.75,17.71,28.35,0.7549,1,1
153,12,1166.03,72.05,31.20,37.99,0.8671,1,1
153,20,1161.34,45.96,42.09,37.70,0.8644,1,1
154,1,0.08,410.26,41.90,48.75,0.8531,1,1
154,2,3.63,455.04,37.98,34.44,0.8786,1,1
154,3,102.75,572.75,17.79,28.36,0.7545,1,1
154,12,1166.05,72.08,31.09,38.03,0.8673,1,1
154,20,1161.07,46.00,42.51,37.66,0.8641,1,1
155,1,-0.29,409.53,42.91,50.65,0.8549,1,1
155,2,3.83,456.41,38.38,34.15,0.8656,1,1
155,3,102.34,574.41,17.86,28.17,0.7322,1,1
155,12,1162.43,73.74,32.13,40.68,0.8798,1,1
155,20,1157.00,48.29,44.87,41.99,0.8740,1,1
156,1,-0.11,409.56,42.89,50.91,0.8631,1,1
156,2,4.03,456.78,38.27,33.73,0.8524,1,1
156,3,102.29,574.43,18.01,28.09,0.7287,1,1
156,12,1159.57,76.18,32.13,41.30,0.8155,1,1
156,20,1154.31,50.74,44.01,41.93,0.8867,1,1
157,1,-0.04,409.50,42.79,50.88,0.8608,1,1
157,2,4.18,457.02,38.19,33.31,0.8509,1,1
157,3,102.41,574.59,18.02,27.87,0.7300,1,1
157,12,1157.48,81.12,30.24,38.88,0.8727,1,1
157,20,1151.54,53.81,41.85,40.33,0.8898,1,1
158,1,0.04,409.73,42.63,50.63,0.8601,1,1
158,2,4.27,456.89,37.86,32.75,0.8483,1,1
158,3,102.32,574.61,18.10,27.80,0.7306,1,1
158,12,1153.44,84.20,30.63,39.36,0.8648,1,1
158,20,1149.03,58.55,40.93,38.02,0.8800,1,1
159,1,0.19,410.45,42.44,50.00,0.8600,1,1
159,2,4.44,456.96,37.77,32.34,0.8510,1,1
159,3,102.28,574.59,18.17,27.83,0.7361,1,1
159,12,1151.67,86.89,30.93,40.43,0.8626,1,1
159,20,1146.02,61.02,42.11,39.00,0.8745,1,1
160,1,0.12,410.44,42.62,50.01,0.8600,1,1
160,2,4.37,456.97,37.97,32.33,0.8513,1,1
160,3,102.28,574.62,18.19,27.80,0.7370,1,1
160,12,1151.77,86.94,30.67,40.44,0.8630,1,1
160,20,1145.96,61.05,42.19,39.00,0.8745,1,1
161,1,0.12,410.42,42.75,49.90,0.8603,1,1
161,2,4.50,457.11,38.28,32.47,0.8545,1,1
161,3,102.22,574.61,18.21,27.80,0.7385,1,1
161,12,1148.69,89.87,30.40,39.91,0.8488,1,1
161,20,1144.64,65.59,41.06,36.37,0.8548,1,1
162,1,0.05,410.66,43.05,50.16,0.8657,1,1
162,2,4.50,458.29,38.55,32.51,0.8584,1,1
162,3,102.32,573.02,18.25,28.07,0.7408,1,1
162,12,1145.94,93.78,31.60,41.62,0.8494,1,1
162,20,1141.70,68.42,43.01,37.00,0.8884,1,1
163,1,0.15,411.68,42.87,49.59,0.8726,1,1
163,2,4.58,459.11,38.50,31.98,0.8539,1,1
163,3,102.43,572.77,18.32,28.39,0.7478,1,1
163,12,1142.36,95.24,31.90,42.86,0.8553,1,1
163,20,1137.92,69.90,44.26,39.56,0.8829,1,1
164,1,0.17,411.98,43.14,49.54,0.8753,1,1
164,2,4.59,459.27,38.74,32.08,0.8559,1,1
164,3,102.52,572.79,18.21,28.40,0.7442,1,1
164,12,1139.18,96.06,32.08,43.43,0.8505,1,1
164,20,1136.22,71.65,46.29,43.64,0.8872,1,1
165,1,0.12,412.08,43.29,49.48,0.8777,1,1
165,2,4.51,459.55,38.62,31.72,0.8499,1,1
165,3,102.50,574.06,18.23,28.34,0.7445,1,1
165,12,1136.40,97.50,32.96,44.70,0.8168,1,1
165,20,1133.98,72.97,46.14,44.18,0.8914,1,1
166,1,0.10,412.19,43.34,49.37,0.8776,1,1
166,2,4.43,459.57,38.76,31.70,0.8500,1,1
166,3,102.50,574.13,18.26,28.34,0.7454,1,1
166,12,1136.36,97.56,32.94,44.72,0.8171,1,1
166,20,1134.11,73.01,45.87,44.20,0.8913,1,1
167,1,0.19,412.45,43.57,49.21,0.8791,1,1
167,2,4.72,459.85,39.08,31.64,0.8537,1,1
167,3,102.56,574.10,18.21,28.32,0.7412,1,1
167,12,1132.81,98.34,32.26,43.54,0.8146,1,1
167,20,1130.62,74.08,47.66,44.99,0.8980,1,1
168,1,0.08,412.37,43.78,49.35,0.8794,1,1
168,2,4.54,459.87,39.47,31.90,0.8544,1,1
168,3,102.72,573.00,18.16,28.34,0.7444,1,1
168,12,1129.46,103.78,31.53,39.92,0.8324,1,1
168,20,1127.23,75.54,48.92,45.64,0.9048,1,1
169,1,0.06,412.34,43.97,49.51,0.8821,1,1
169,2,4.55,460.08,39.55,31.92,0.8572,1,1
169,3,102.53,573.77,18.36,28.61,0.7496,1,1
169,12,1125.02,103.54,33.54,41.60,0.8567,1,1
169,20,1122.90,78.15,48.70,44.36,0.9069,1,1
170,1,0.03,412.20,44.04,49.64,0.8819,1,1
170,2,4.59,460.14,39.51,31.78,0.8568,1,1
170,3,102.58,573.96,18.33,28.49,0.7516,1,1
170,12,1119.54,104.49,33.81,43.36,0.8570,1,1
170,20,1119.29,80.59,49.41,44.44,0.8895,1,1
171,1,0.07,412.18,44.01,49.54,0.8820,1,1
171,2,4.51,460.18,39.27,31.32,0.8538,1,1
171,3,102.63,574.07,18.23,28.32,0.7450,1,1
171,12,1115.28,105.52,33.91,44.48,0.8196,1,1
171,20,1115.36,81.58,50.76,45.74,0.8868,1,1
172,1,0.05,412.20,44.00,49.52,0.8818,1,1
172,2,4.44,460.15,39.49,31.40,0.8549,1,1
172,3,102.67,574.16,18.18,28.25,0.7466,1,1
172,12,1115.41,105.57,33.42,44.48,0.8193,1,1
172,20,1115.35,81.59,50.74,45.72,0.8873,1,1
173,1,0.07,412.24,44.02,49.48,0.8816,1,1
173,2,4.40,460.24,39.71,31.55,0.8565,1,1
173,3,102.87,573.07,18.01,28.18,0.7341,1,1
173,12,1111.90,108.73,33.36,43.74,0.8102,1,1
173,20,1110.79,84.55,52.29,46.76,0.8853,1,1
174,1,0.04,412.22,44.01,49.48,0.8812,1,1
174,2,4.44,460.30,39.63,31.44,0.8570,1,1
174,3,102.74,574.15,17.98,28.08,0.7356,1,1
174,12,1107.54,112.63,33.74,41.90,0.8635,1,1
174,20,1105.80,87.91,53.94,46.75,0.8959,1,1
175,1,0.01,412.18,43.99,49.56,0.8815,1,1
175,2,4.27,460.35,39.60,31.37,0.8586,1,1
175,3,102.91,573.05,17.97,28.17,0.7441,1,1
175,12,1102.59,116.84,35.24,41.36,0.8812,1,1
175,20,1100.84,91.35,54.89,48.48,0.8786,1,1
176,1,-0.05,411.98,43.80,49.62,0.8794,1,1
176,2,4.26,460.29,39.54,31.31,0.8595,1,1
176,3,102.88,572.90,17.95,28.22,0.7477,1,1
176,12,1095.91,119.12,35.71,41.98,0.8827,1,1
176,20,1095.27,95.30,55.41,47.41,0.9142,1,1
177,1,0.04,412.26,43.43,49.17,0.8790,1,1
177,2,3.87,460.27,39.56,31.49,0.8521,1,1
177,3,102.85,572.83,18.03,28.47,0.7442,1,1
177,12,1090.66,123.63,35.88,44.58,0.8697,1,1
177,20,1089.80,99.06,55.72,45.87,0.9111,1,1
178,1,0.04,412.26,43.45,49.17,0.8790,1,1
178,2,3.93,460.27,39.46,31.50,0.8521,1,1
178,3,102.89,572.82,17.99,28.49,0.7440,1,1
178,12,1091.09,123.72,34.88,44.60,0.8698,1,1
178,20,1089.41,99.09,56.42,45.84,0.9110,1,1
179,1,-0.19,411.54,43.26,49.48,0.8722,1,1
179,2,3.29,458.45,40.33,32.92,0.8472,1,1
179,3,102.63,573.74,18.21,28.67,0.7622,1,1
179,12,1086.92,126.47,33.17,41.48,0.8062,1,1
179,20,1083.50,101.61,58.39,48.97,0.8773,1,1
180,1,-0.06,410.83,43.04,49.40,0.8667,1,1
180,2,3.45,457.23,39.67,32.78,0.8529,1,1
180,3,102.75,572.75,18.24,28.81,0.7552,1,1
180,12,1080.41,128.93,34.12,40.81,0.8047,1,1
180,20,1079.30,103.78,55.50,45.30,0.8931,1,1
181,1,-0.46,409.47,42.71,50.15,0.8615,1,1
181,2,2.74,455.87,39.48,33.34,0.8547,1,1
181,3,103.08,574.60,17.72,28.05,0.7769,1,1
181,12,1074.34,128.50,36.20,43.01,0.8277,1,1
181,20,1072.43,105.54,52.91,43.45,0.9028,1,1
182,1,-0.02,409.81,41.08,48.65,0.8561,1,1
182,2,2.61,454.79,38.59,32.89,0.8516,1,1
182,3,103.07,574.64,17.73,28.05,0.7783,1,1
182,12,1069.30,130.32,37.06,44.35,0.8275,1,1
182,20,1066.63,106.70,52.88,44.08,0.8866,1,1
183,1,-0.12,409.89,40.36,48.56,0.8642,1,1
183,2,2.28,452.75,38.94,34.52,0.8728,1,1
183,3,103.07,574.58,17.75,28.12,0.7794,1,1
183,12,1064.03,133.61,37.50,46.69,0.8690,1,1
183,20,1061.67,107.85,52.42,45.10,0.8873,1,1
184,1,0.04,409.88,40.07,48.56,0.8640,1,1
184,2,2.61,452.71,38.30,34.54,0.8731,1,1
184,3,103.08,574.62,17.74,28.07,0.7809,1,1
184,12,1064.25,133.64,36.92,46.71,0.8684,1,1
184,20,1061.94,107.85,51.79,45.20,0.8867,1,1
184,27,1102.78,290.70,21.35,35.64,0.2960,1,1
185,1,0.06,409.13,39.67,48.30,0.8586,1,1
185,2,3.51,450.91,38.13,35.43,0.8729,1,1
185,3,103.02,574.71,17.72,28.03,0.7839,1,1
185,12,1062.04,136.53,35.60,44.66,0.8522,1,1
185,20,1057.36,110.11,51.50,45.68,0.8871,1,1
186,1,0.12,408.55,39.01,47.54,0.8516,1,1
186,2,4.02,449.92,37.59,35.35,0.8502,1,1
186,3,102.94,574.66,17.80,28.10,0.7819,1,1
186,12,1057.50,141.72,34.94,41.90,0.8659,1,1
186,20,1053.39,111.61,49.89,44.77,0.8746,1,1
187,1,0.07,408.54,38.83,47.42,0.8340,1,1
187,2,3.43,448.07,38.36,37.25,0.8536,1,1
187,3,102.85,574.76,17.81,28.00,0.7888,1,1
187,12,1053.56,143.74,36.12,43.58,0.8765,1,1
187,20,1048.85,115.13,49.14,43.80,0.8809,1,1
188,1,-0.37,406.66,39.10,48.51,0.8368,1,1
188,2,1.63,445.83,38.69,38.72,0.8259,1,1
188,3,102.70,574.84,17.84,27.87,0.7889,1,1
188,12,1049.27,149.00,35.47,43.39,0.8821,1,1
188,20,1044.49,118.44,50.00,45.05,0.8852,1,1
189,1,-0.14,406.19,38.37,47.91,0.8395,1,1
189,2,3.06,445.91,36.66,37.38,0.8413,1,1
189,3,102.56,574.72,17.90,27.84,0.7650,1,1
189,12,1045.83,153.53,35.45,44.32,0.9064,1,1
189,20,1040.29,121.33,49.21,45.19,0.8961,1,1
190,1,-0.07,406.19,38.23,47.89,0.8395,1,1
190,2,3.27,445.92,36.26,37.34,0.8413,1,1
190,3,102.53,574.70,17.95,27.85,0.7651,1,1
190,12,1045.92,153.56,35.22,44.33,0.9064,1,1
190,20,1040.42,121.30,48.86,45.22,0.8962,1,1
191,1,-0.07,406.03,38.50,48.39,0.8426,1,1
191,2,3.30,445.65,37.50,38.48,0.8445,1,1
191,3,102.45,574.70,18.22,28.29,0.7903,1,1
191,12,1040.98,154.84,35.46,44.72,0.9049,1,1
191,20,1037.55,126.76,48.10,43.87,0.8834,1,1
192,1,0.01,405.95,38.53,48.38,0.8401,1,1
192,2,2.59,444.08,37.43,39.50,0.8457,1,1
192,3,102.38,574.36,18.29,28.33,0.7777,1,1
192,12,1036.63,158.37,38.05,48.97,0.8794,1,1
192,20,1033.87,131.14,49.43,44.48,0.8791,1,1
193,1,0.09,406.13,38.70,48.39,0.8357,1,1
193,2,3.37,443.41,38.16,40.44,0.8547,1,1
193,3,102.36,574.05,18.33,28.44,0.7525,1,1
193,12,1034.24,165.19,36.66,46.83,0.8539,1,1
193,20,1029.98,136.52,50.73,46.88,0.8636,1,1
194,1,0.08,405.92,38.87,48.43,0.8359,1,1
194,2,3.05,442.18,37.68,41.06,0.8500,1,1
194,3,102.69,572.79,18.23,28.54,0.7610,1,1
194,12,1031.38,169.35,36.56,46.12,0.8681,1,1
194,20,1027.37,140.47,50.90,48.28,0.8871,1,1
195,1,0.08,405.86,38.93,48.33,0.8337,1,1
195,2,3.45,441.74,37.19,41.36,0.8516,1,1
195,3,102.79,572.67,18.14,28.51,0.7661,1,1
195,12,1028.69,172.66,36.58,45.37,0.8417,1,1
195,20,1025.31,144.30,50.61,46.51,0.9097,1,1
196,1,0.06,405.92,38.99,48.30,0.8335,1,1
196,2,3.65,441.73,36.82,41.37,0.8513,1,1
196,3,102.82,572.62,18.09,28.51,0.7685,1,1
196,12,1028.47,172.75,36.93,45.34,0.8416,1,1
196,20,1025.06,144.34,51.08,46.49,0.9097,1,1
197,1,0.08,405.91,38.98,48.12,0.8320,1,1
197,2,3.91,441.14,36.71,41.52,0.8547,1,1
197,3,102.85,572.34,18.23,28.96,0.7756,1,1
197,12,1025.82,173.23,38.13,46.82,0.8585,1,1
197,20,1023.61,146.54,52.18,46.55,0.9104,1,1
198,1,0.06,405.96,39.02,48.06,0.8290,1,1
198,2,3.87,440.91,36.95,42.03,0.8559,1,1
198,3,102.67,572.56,18.22,28.95,0.7724,1,1
198,12,1022.97,174.22,37.74,47.18,0.8763,1,1
198,20,1022.02,148.01,53.60,47.86,0.9112,1,1
199,1,-0.02,405.99,39.08,48.17,0.8285,1,1
199,2,3.67,440.63,37.22,42.79,0.8514,1,1
199,3,102.71,572.67,18.12,28.78,0.7720,1,1
199,12,1019.91,176.66,38.14,47.67,0.8931,1,1
199,20,1019.95,149.99,56.08,48.83,0.9122,1,1
200,1,-0.05,406.29,39.13,48.32,0.8232,1,1
200,2,3.73,440.01,37.28,43.59,0.8476,1,1
200,3,102.72,572.47,18.21,28.81,0.7825,1,1
200,12,1016.37,179.10,38.27,49.45,0.8811,1,1
200,20,1016.31,152.23,59.15,51.66,0.9023,1,1
201,1,-0.31,406.47,39.13,48.91,0.8235,1,1
201,2,3.87,439.81,36.89,43.97,0.8475,1,1
201,3,102.76,572.49,18.17,28.79,0.7796,1,1
201,12,1014.07,182.61,37.62,48.91,0.8731,1,1
201,20,1013.63,154.73,60.14,53.26,0.8946,1,1
202,1,-0.19,406.47,38.87,48.93,0.8234,1,1
202,2,4.06,439.80,36.52,43.99,0.8474,1,1
202,3,102.76,572.49,18.15,28.79,0.7790,1,1
202,12,1014.11,182.67,37.51,48.88,0.8729,1,1
202,20,1013.77,154.75,59.81,53.27,0.8946,1,1
203,1,-0.18,406.87,38.31,48.62,0.8303,1,1
203,2,4.29,439.79,36.25,43.94,0.8483,1,1
203,3,102.59,572.05,18.35,29.20,0.7903,1,1
203,12,1010.76,185.60,35.51,45.17,0.8652,1,1
203,20,1010.68,157.95,60.86,54.35,0.9093,1,1
204,1,0.01,408.05,37.82,47.95,0.8248,1,1
204,2,4.07,439.75,36.23,44.21,0.8490,1,1
204,3,102.18,571.90,18.57,29.42,0.8011,1,1
204,12,1006.38,187.46,38.08,49.11,0.8566,1,1
204,20,1009.01,160.20,61.00,54.88,0.8917,1,1
205,1,-0.07,408.35,37.67,47.90,0.8283,1,1
205,2,4.10,439.70,35.59,43.62,0.8527,1,1
205,3,102.02,571.26,19.43,30.73,0.8127,1,1
205,12,1002.96,190.21,38.19,49.69,0.8355,1,1
205,20,1004.51,163.85,62.54,53.90,0.8975,1,1
206,1,-0.17,409.49,37.21,47.73,0.8324,1,1
206,2,3.64,439.35,36.03,44.34,0.8557,1,1
206,3,102.37,571.45,19.48,30.83,0.8128,1,1
206,12,1000.27,195.55,37.51,48.03,0.8563,1,1
206,20,999.86,168.06,64.50,52.62,0.9163,1,1
206,28,952.70,346.75,17.64,31.87,0.3011,1,1
207,1,0.08,410.35,36.63,46.91,0.8298,1,1
207,2,3.65,439.25,35.98,44.44,0.8573,1,1
207,3,102.35,573.19,19.03,29.85,0.7898,1,1
207,12,994.78,198.51,39.38,49.67,0.8423,1,1
207,20,996.11,172.39,65.92,53.47,0.9161,1,1
208,1,0.07,410.35,36.65,46.90,0.8300,1,1
208,2,3.69,439.24,35.92,44.44,0.8572,1,1
208,3,102.29,573.22,19.12,29.82,0.7886,1,1
208,12,994.49,198.57,39.73,49.69,0.8421,1,1
208,20,996.01,172.42,66.07,53.50,0.9160,1,1
208,30,35.53,551.01,27.63,24.06,0.7141,1,1
208,31,944.51,351.09,17.61,31.71,0.8714,1,1
209,1,-0.00,410.75,36.05,46.25,0.8379,1,1
209,2,3.58,439.54,35.64,44.52,0.8480,1,1
209,3,102.82,574.55,18.41,28.53,0.8082,1,1
209,12,991.99,204.28,37.92,48.14,0.8868,1,1
209,20,991.97,176.78,66.70,54.20,0.9096,1,1
209,31,937.45,350.92,17.93,32.85,0.8668,1,1
210,1,-0.46,411.07,35.52,46.67,0.8382,1,1
210,2,3.61,440.43,35.17,43.94,0.8229,1,1
210,3,103.18,575.71,17.85,27.95,0.8370,1,1
210,12,987.27,211.29,36.35,44.36,0.8562,1,1
210,20,986.43,181.89,67.93,55.94,0.9189,1,1
210,31,930.17,350.10,19.12,33.35,0.8667,1,1
211,1,-0.38,411.78,34.44,46.14,0.8407,1,1
211,2,2.52,440.05,35.70,44.66,0.8127,1,1
211,3,103.24,575.96,17.61,27.84,0.8398,1,1
211,12,979.37,213.64,39.30,48.16,0.8466,1,1
211,20,981.03,186.00,68.70,56.35,0.9094,1,1
211,31,925.38,353.97,18.03,32.34,0.7989,1,1
212,1,-0.08,412.62,33.85,45.48,0.8309,1,1
212,2,2.09,440.37,35.96,44.99,0.8107,1,1
212,3,103.25,576.23,17.38,27.59,0.8378,1,1
212,12,974.09,217.93,39.51,48.54,0.8011,1,1
212,20,975.66,191.79,68.02,54.93,0.9085,1,1
212,31,921.32,360.12,17.11,29.42,0.7852,1,1
213,1,0.02,413.58,33.84,45.41,0.8331,1,1
213,2,1.61,440.41,35.65,44.37,0.8144,1,1
213,3,103.28,576.32,17.37,27.45,0.8389,1,1
213,12,967.98,222.07,38.05,47.63,0.8136,1,1
213,20,969.12,194.58,68.60,55.59,0.9117,1,1
213,31,915.84,366.22,17.66,28.78,0.8232,1,1
214,1,0.02,413.60,33.86,45.41,0.8331,1,1
214,2,1.56,440.40,35.75,44.35,0.8143,1,1
214,3,103.28,576.32,17.41,27.46,0.8393,1,1
214,12,968.01,222.21,37.63,47.65,0.8153,1,1
214,20,969.12,194.64,68.51,55.56,0.9116,1,1
214,31,915.46,366.34,18.15,28.77,0.8239,1,1
214,35,14.59,510.10,17.66,22.19,0.2692,1,1
215,1,-0.06,414.59,33.80,45.46,0.8341,1,1
215,2,1.57,440.97,35.51,43.62,0.8195,1,1
215,3,103.21,576.26,17.49,27.59,0.8416,1,1
215,12,962.47,224.59,37.69,47.06,0.8556,1,1
215,20,962.02,197.05,69.75,55.40,0.9065,1,1
215,31,911.30,368.88,18.92,30.58,0.8299,1,1
216,1,-0.34,415.05,33.76,46.07,0.8209,1,1
216,2,1.47,441.02,35.42,43.03,0.8183,1,1
216,3,103.12,576.28,17.57,27.71,0.8454,1,1
216,12,955.57,226.28,38.62,47.14,0.9113,1,1
216,20,955.31,198.57,70.86,55.35,0.9079,1,1
216,31,906.09,373.91,19.60,30.12,0.8550,1,1
217,1,-0.29,415.42,33.62,46.47,0.8157,1,1
217,2,1.59,441.33,35.67,42.86,0.8150,1,1
217,3,103.17,576.15,17.53,27.69,0.8400,1,1
217,12,950.72,231.74,40.13,48.19,0.8669,1,1
217,20,949.39,202.44,71.54,56.19,0.9091,1,1
217,31,901.16,381.00,18.87,28.82,0.4183,1,1
217,37,5.50,557.74,20.87,27.42,0.6157,1,1
218,1,-0.19,415.55,33.40,46.58,0.8161,1,1
218,2,1.52,441.43,35.88,42.83,0.8147,1,1
218,3,103.14,575.94,17.44,27.49,0.8252,1,1
218,12,944.75,236.26,40.59,49.14,0.8515,1,1
218,20,943.48,205.81,72.71,57.68,0.9155,1,1
218,31,897.09,391.60,16.97,25.65,0.7526,1,1
218,37,5.68,558.41,20.92,27.11,0.6824,1,1
218,38,14.98,493.79,21.29,25.33,0.5442,1,1
219,1,-0.15,415.38,33.33,46.83,0.8194,1,1
219,2,1.25,441.48,36.18,43.17,0.8179,1,1
219,3,103.17,576.02,17.43,27.40,0.8263,1,1
219,12,940.09,240.26,39.56,47.06,0.8369,1,1
219,20,938.01,208.52,74.52,59.61,0.9080,1,1
219,31,890.30,397.13,18.24,26.76,0.8210,1,1
219,37,5.55,558.35,21.20,27.23,0.6795,1,1
219,38,15.04,493.84,21.35,25.37,0.4983,1,1
220,1,-0.06,415.41,33.15,46.78,0.8205,1,1
220,2,1.24,441.47,36.17,43.17,0.8183,1,1
220,3,103.17,576.03,17.46,27.41,0.8273,1,1
220,12,939.80,240.35,39.95,47.02,0.8367,1,1
220,20,938.05,208.53,74.25,59.63,0.9084,1,1
220,31,889.99,397.28,18.52,26.82,0.8209,1,1
220,37,5.46,558.41,21.34,27.20,0.6750,1,1
220,38,15.04,493.95,21.32,25.31,0.4825,1,1
221,1,-0.07,415.37,33.09,46.87,0.8244,1,1
221,2,1.14,441.36,36.34,43.49,0.8212,1,1
221,3,103.03,575.72,17.59,27.57,0.8224,1,1
221,12,935.75,245.89,39.86,46.47,0.8466,1,1
221,20,932.69,211.31,73.92,60.22,0.9081,1,1
221,31,880.52,402.32,20.23,29.19,0.8266,1,1
221,37,5.40,558.32,21.50,27.27,0.6761,1,1
221,38,14.75,494.51,21.57,25.57,0.4904,1,1
222,1,-0.02,415.49,32.99,46.85,0.8245,1,1
222,2,1.26,441.38,36.18,43.40,0.8218,1,1
222,3,103.04,575.89,17.56,27.52,0.8253,1,1
222,12,929.56,246.53,41.86,49.48,0.9221,1,1
222,20,928.82,215.82,71.37,58.91,0.9131,1,1
222,31,872.43,408.75,20.92,31.26,0.7894,1,1
222,37,5.41,558.45,21.54,27.15,0.6788,1,1
222,38,14.87,494.54,21.64,25.69,0.4846,1,1
223,1,0.01,415.81,32.69,46.40,0.8290,1,1
223,2,1.35,441.29,36.11,43.39,0.8234,1,1
223,3,102.99,575.93,17.60,27.56,0.8299,1,1
223,12,924.22,252.49,42.81,50.19,0.8700,1,1
223,20,923.99,219.83,70.21,60.40,0.9206,1,1
223,31,866.86,415.91,20.54,31.39,0.8412,1,1
223,37,5.76,558.72,21.46,26.98,0.6979,1,1
223,38,14.81,494.78,21.90,26.10,0.4479,1,1
224,1,-0.03,415.94,32.49,46.20,0.8290,1,1
224,2,1.47,440.93,36.14,43.51,0.8238,1,1
224,3,102.98,575.92,17.57,27.53,0.8273,1,1
224,12,918.79,257.69,44.68,54.54,0.8381,1,1
224,20,919.77,228.72,70.29,58.91,0.9216,1,1
224,31,858.87,421.45,21.67,34.86,0.8660,1,1
224,37,5.83,558.68,21.40,26.87,0.6966,1,1
224,38,14.83,494.67,21.99,26.36,0.4292,1,1
225,1,0.03,416.05,32.37,45.92,0.8309,1,1
225,2,1.56,440.76,36.01,43.32,0.8246,1,1
225,3,103.04,575.96,17.51,27.41,0.8238,1,1
225,12,915.39,264.81,40.96,50.22,0.8083,1,1
225,20,915.31,234.60,72.02,60.06,0.9105,1,1
225,31,854.54,430.41,21.17,33.39,0.7999,1,1
225,37,6.36,559.46,20.91,26.21,0.7171,1,1
225,38,14.96,494.71,21.74,26.14,0.3839,1,1
226,1,0.03,416.05,32.39,45.90,0.8308,1,1
226,2,1.55,440.75,36.02,43.31,0.8246,1,1
226,3,103.05,575.96,17.51,27.42,0.8240,1,1
226,12,915.37,265.11,40.67,50.00,0.8092,1,1
226,20,915.19,234.64,72.17,60.06,0.9104,1,1
226,31,854.26,430.77,21.43,33.28,0.7993,1,1
226,37,6.41,559.50,20.92,26.19,0.7176,1,1
226,38,15.10,494.66,21.65,26.10,0.3830,1,1
227,1,-0.10,415.91,32.60,46.43,0.8317,1,1
227,2,1.31,440.71,36.18,43.55,0.8284,1,1
227,3,103.02,576.00,17.53,27.46,0.8281,1,1
227,12,910.92,270.92,40.91,50.76,0.8922,1,1
227,20,910.80,240.70,71.88,60.14,0.9067,1,1
227,31,847.72,438.45,20.77,32.52,0.8619,1,1
227,37,6.23,559.42,21.05,26.23,0.7213,1,1
227,38,15.40,494.13,21.36,25.83,0.4459,1,1
228,1,-0.20,415.80,32.65,46.99,0.8336,1,1
228,2,1.36,440.44,36.30,43.72,0.8298,1,1
228,3,102.99,575.97,17.54,27.50,0.8278,1,1
228,12,907.13,277.16,41.02,50.39,0.8719,1,1
228,20,908.00,247.52,71.54,59.76,0.9219,1,1
228,31,843.21,441.30,20.90,33.01,0.8753,1,1
228,37,6.32,559.39,21.08,26.25,0.7441,1,1
228,38,15.49,493.37,21.77,26.61,0.5333,1,1
229,1,-0.35,415.17,32.80,48.06,0.8343,1,1
229,2,1.25,440.24,36.93,44.60,0.8259,1,1
229,3,102.94,575.89,17.58,27.55,0.8269,1,1
229,12,903.05,282.08,41.91,52.67,0.8686,1,1
229,20,904.13,252.95,73.13,58.97,0.9232,1,1
229,31,838.16,449.08,19.55,31.27,0.8586,1,1
229,37,6.36,559.63,21.08,26.25,0.7442,1,1
229,38,16.54,493.81,21.26,25.97,0.6051,1,1
230,1,-0.18,415.48,32.45,48.02,0.8356,1,1
230,2,1.28,440.04,37.15,45.29,0.8251,1,1
230,3,102.99,575.95,17.54,27.52,0.8255,1,1
230,12,901.57,288.38,42.90,53.34,0.8964,1,1
230,20,899.69,256.14,74.72,61.26,0.9029,1,1
230,31,834.68,452.95,19.07,30.24,0.8286,1,1
230,37,6.43,559.26,21.19,26.56,0.7402,1,1
230,38,16.86,494.20,21.27,26.07,0.5578,1,1
231,1,-0.23,415.22,32.45,48.64,0.8371,1,1
231,2,1.25,439.88,37.29,45.76,0.8274,1,1
231,3,103.05,575.95,17.55,27.57,0.8296,1,1
231,12,897.00,290.70,42.79,54.02,0.8871,1,1
231,20,897.41,259.90,74.36,61.48,0.9211,1,1
231,31,832.99,456.55,19.72,30.18,0.8294,1,1
231,37,6.22,558.71,21.36,26.95,0.7369,1,1
231,38,17.22,493.49,20.98,25.76,0.5512,1,1
232,1,-0.14,415.19,32.30,48.80,0.8367,1,1
232,2,1.41,439.88,37.19,45.98,0.8270,1,1
232,3,103.05,575.94,17.54,27.58,0.8299,1,1
232,12,897.09,290.73,42.50,54.02,0.8870,1,1
232,20,897.49,259.94,74.19,61.49,0.9210,1,1
232,31,832.79,456.26,20.23,30.28,0.8295,1,1
232,37,6.27,558.67,21.27,26.97,0.7368,1,1
232,38,17.41,493.32,20.88,25.65,0.5560,1,1
233,1,0.02,415.76,31.97,48.33,0.8376,1,1
233,2,1.32,439.74,37.29,46.51,0.8268,1,1
233,3,102.95,575.92,17.51,27.60,0.8297,1,1
233,12,893.32,295.01,43.13,56.28,0.8764,1,1
233,20,894.20,263.71,74.25,61.29,0.9180,1,1
233,31,831.04,461.54,19.91,29.33,0.7973,1,1
233,37,6.17,558.41,21.31,27.15,0.7402,1,1
233,38,17.64,493.13,21.25,26.02,0.6095,1,1
234,1,0.02,416.14,31.88,48.27,0.8371,1,1
234,2,1.37,439.64,37.21,46.78,0.8261,1,1
234,3,102.98,575.96,17.46,27.54,0.8292,1,1
234,12,889.01,302.24,41.18,50.48,0.8794,1,1
234,20,889.53,268.80,75.31,61.67,0.9148,1,1
234,31,827.92,466.82,19.95,28.70,0.8391,1,1
234,37,5.93,558.90,21.23,26.98,0.7424,1,1
234,38,17.73,492.96,21.56,26.30,0.6373,1,1
235,1,0.03,416.67,31.85,48.31,0.8371,1,1
235,2,1.44,439.50,37.12,46.94,0.8255,1,1
235,3,102.96,575.89,17.48,27.58,0.8302,1,1
235,12,882.39,305.04,43.38,54.12,0.8769,1,1
235,20,885.87,272.79,76.59,62.84,0.9227,1,1
235,31,826.67,469.89,20.24,27.79,0.8741,1,1
235,37,5.20,557.70,21.91,27.69,0.7433,1,1
235,38,17.47,493.09,21.88,26.64,0.5966,1,1
236,1,-0.03,416.88,31.90,48.66,0.8334,1,1
236,2,1.53,439.33,37.03,47.06,0.8213,1,1
236,3,102.89,575.86,17.49,27.59,0.8293,1,1
236,12,880.07,310.45,43.43,53.88,0.8392,1,1
236,20,881.12,277.71,76.96,62.62,0.9099,1,1
236,31,825.43,470.34,20.08,27.42,0.8599,1,1
236,37,5.03,557.29,22.19,27.93,0.7339,1,1
236,38,17.45,493.10,21.55,26.24,0.4760,1,1
237,1,-0.38,416.55,32.50,50.69,0.8277,1,1
237,2,1.66,439.40,37.23,47.14,0.8151,1,1
237,3,102.89,575.91,17.43,27.54,0.8279,1,1
237,12,872.72,313.70,42.97,53.50,0.8697,1,1
237,20,875.19,281.42,78.52,63.83,0.9125,1,1
237,31,825.40,470.60,18.61,25.14,0.8439,1,1
237,37,5.43,558.06,21.74,27.20,0.7193,1,1
237,38,17.66,493.12,21.77,26.45,0.5942,1,1
238,1,-0.18,416.55,32.12,50.76,0.8272,1,1
238,2,1.63,439.40,37.30,47.14,0.8151,1,1
238,3,102.90,575.90,17.41,27.55,0.8273,1,1
238,12,872.67,313.75,42.92,53.49,0.8701,1,1
238,20,875.15,281.44,78.55,63.82,0.9125,1,1
238,31,825.36,470.60,18.68,25.07,0.8440,1,1
238,37,5.43,558.10,21.79,27.13,0.7190,1,1
238,38,17.70,493.10,21.82,26.47,0.5935,1,1
239,1,0.23,417.17,31.74,49.77,0.8298,1,1
239,2,1.70,440.15,37.49,46.73,0.8151,1,1
239,3,102.91,575.93,17.35,27.50,0.8262,1,1
239,12,868.62,320.67,40.69,48.94,0.8584,1,1
239,20,869.92,286.07,79.61,64.61,0.9195,1,1
239,31,824.46,469.89,18.29,24.29,0.7378,1,1
239,37,5.18,558.00,22.01,27.21,0.7279,1,1
239,38,17.48,492.67,22.32,27.11,0.6458,1,1
240,1,0.02,417.39,32.59,51.33,0.8349,1,1
240,2,3.39,442.36,36.95,45.05,0.8382,1,1
240,3,102.90,575.88,17.34,27.54,0.8263,1,1
240,12,860.94,327.68,40.47,48.15,0.8625,1,1
240,20,864.26,291.29,79.83,65.12,0.9242,1,1
240,31,824.11,470.60,19.05,24.93,0.8341,1,1
240,37,5.11,558.01,22.17,27.31,0.7362,1,1
240,38,17.74,492.28,22.61,27.35,0.6904,1,1
241,1,-0.38,417.34,33.64,54.16,0.8252,1,1
241,2,3.51,443.32,37.01,44.48,0.8532,1,1
241,3,103.19,576.34,17.11,27.47,0.8249,1,1
241,12,852.08,329.72,42.79,53.59,0.8135,1,1
241,20,857.28,298.77,81.58,66.00,0.9194,1,1
241,31,822.53,471.52,19.80,26.67,0.8599,1,1
241,37,5.42,558.05,21.63,26.23,0.6856,1,1
241,38,17.60,491.90,22.33,26.93,0.6826,1,1
242,1,0.22,417.83,33.71,54.12,0.8384,1,1
242,2,3.25,444.33,37.22,44.30,0.8629,1,1
242,3,103.14,576.20,17.00,27.30,0.8212,1,1
242,12,847.84,339.15,42.84,51.09,0.8841,1,1
242,20,849.94,305.76,82.40,66.43,0.9190,1,1
242,31,820.15,473.88,18.74,26.18,0.7457,1,1
242,37,5.18,557.70,22.07,26.47,0.6817,1,1
242,38,17.54,491.76,21.46,25.77,0.5861,1,1
243,1,0.97,418.82,33.98,51.73,0.8597,1,1
243,2,3.78,445.50,36.90,44.24,0.8808,1,1
243,3,103.10,576.11,17.06,27.41,0.8192,1,1
243,12,840.13,347.00,41.00,48.41,0.8395,1,1
243,20,842.55,311.92,83.43,65.60,0.9340,1,1
243,37,5.11,558.07,22.09,26.25,0.6684,1,1
243,38,17.50,492.96,20.51,24.30,0.5624,1,1
244,1,0.61,418.82,34.71,51.64,0.8599,1,1
244,2,3.84,445.52,36.79,44.25,0.8805,1,1
244,3,103.13,576.10,17.05,27.39,0.8193,1,1
244,12,839.87,347.22,41.17,48.28,0.8386,1,1
244,20,842.28,311.94,83.90,65.59,0.9340,1,1
244,37,5.07,558.07,22.22,26.22,0.6676,1,1
244,38,17.47,493.09,20.56,24.08,0.5627,1,1
245,1,0.42,418.81,35.72,52.64,0.8491,1,1
245,2,3.87,446.06,36.87,44.03,0.8533,1,1
245,3,103.17,576.14,17.01,27.33,0.8188,1,1
245,12,831.13,351.34,41.18,50.25,0.8385,1,1
245,20,833.65,316.89,85.04,68.05,0.9322,1,1
245,37,4.94,558.12,22.43,26.38,0.6462,1,1
245,38,17.42,493.43,21.50,25.23,0.6775,1,1
246,1,0.76,420.65,35.28,50.51,0.8471,1,1
246,2,4.22,446.79,37.23,44.32,0.8721,1,1
246,3,103.21,576.16,16.96,27.29,0.8168,1,1
246,12,823.98,358.28,39.81,48.14,0.7780,1,1
246,20,826.66,321.54,85.13,69.14,0.9204,1,1
246,37,4.68,557.72,22.84,26.82,0.6423,1,1
246,38,17.63,494.38,20.36,23.54,0.5743,1,1
247,1,0.28,420.45,36.08,51.34,0.8498,1,1
247,2,4.90,448.10,36.91,43.53,0.8699,1,1
247,3,103.19,576.10,16.97,27.30,0.8152,1,1
247,12,815.93,364.41,39.64,47.43,0.8085,1,1
247,20,817.24,325.95,85.76,67.91,0.9171,1,1
247,37,4.38,557.84,23.28,27.45,0.6492,1,1
247,38,17.64,494.87,20.28,23.04,0.5139,1,1
247,47,848.13,589.96,22.82,35.87,0.8195,1,1
248,1,0.28,421.39,36.22,51.28,0.8448,1,1
248,2,4.98,449.52,36.76,43.20,0.8507,1,1
248,3,103.23,576.11,16.95,27.29,0.8152,1,1
248,12,807.85,366.83,41.75,49.32,0.8928,1,1
248,20,807.85,329.23,87.04,68.55,0.9203,1,1
248,37,4.51,557.65,23.40,27.97,0.6764,1,1
248,38,18.35,495.06,20.36,22.78,0.4811,1,1
248,47,840.86,596.80,24.26,39.48,0.8391,1,1
249,1,0.51,421.45,36.00,50.13,0.8423,1,1
249,2,4.83,450.44,37.27,43.51,0.8495,1,1
249,3,103.39,576.03,16.89,27.24,0.8128,1,1
249,12,797.24,371.40,43.05,51.78,0.8670,1,1
249,20,798.78,333.59,88.42,69.23,0.9284,1,1
249,37,5.40,557.93,22.92,27.70,0.6927,1,1
249,47,838.73,601.85,24.99,41.06,0.8187,1,1
250,1,0.36,421.45,36.30,50.10,0.8424,1,1
250,2,4.77,450.46,37.40,43.51,0.8496,1,1
250,3,103.42,576.02,16.87,27.24,0.8128,1,1
250,12,797.27,371.46,42.72,51.85,0.8670,1,1
250,20,798.67,333.61,88.56,69.23,0.9284,1,1
250,37,5.57,557.93,22.73,27.68,0.6926,1,1
250,47,838.78,601.97,24.86,41.10,0.8188,1,1
251,1,0.61,421.93,36.60,49.45,0.8410,1,1
251,2,5.33,451.44,37.04,42.97,0.8836,1,1
251,3,103.40,576.37,16.98,27.49,0.8256,1,1
251,12,790.21,375.78,43.06,49.87,0.8611,1,1
251,20,791.27,337.34,89.05,70.50,0.9447,1,1
251,37,5.76,558.64,23.01,28.37,0.7136,1,1
251,47,838.87,606.93,24.90,41.64,0.8081,1,1
252,1,0.67,422.46,36.78,48.65,0.8330,1,1
252,2,4.98,453.45,36.68,41.84,0.8813,1,1
252,3,103.39,576.42,16.92,27.47,0.8261,1,1
252,12,779.57,376.70,45.34,54.37,0.7539,1,1
252,20,782.74,343.85,90.36,69.90,0.9348,1,1
252,37,6.45,558.48,22.34,27.93,0.7630,1,1
252,47,844.18,611.75,25.07,41.71,0.8248,1,1
253,1,0.55,422.39,37.28,48.58,0.8316,1,1
253,2,5.01,453.66,37.04,42.20,0.8849,1,1
253,3,103.37,576.37,16.98,27.54,0.8282,1,1
253,12,774.64,386.70,43.92,51.67,0.8687,1,1
253,20,774.70,346.55,90.97,70.54,0.9242,1,1
253,37,7.68,559.07,22.58,29.12,0.7507,1,1
253,47,849.62,613.49,25.59,42.73,0.3032,1,1
254,1,0.61,422.60,37.32,47.81,0.8298,1,1
254,2,4.88,453.89,37.04,41.84,0.8764,1,1
254,3,103.49,576.43,16.92,27.49,0.8271,1,1
254,12,767.52,391.52,46.09,53.02,0.8941,1,1
254,20,767.74,352.98,90.48,70.34,0.9285,1,1
254,37,8.75,559.49,21.76,29.02,0.7741,1,1
255,1,0.51,422.73,37.66,47.67,0.8286,1,1
255,2,4.56,453.52,37.64,42.27,0.8672,1,1
255,3,103.57,576.45,16.86,27.44,0.8253,1,1
255,12,758.80,396.01,47.64,55.29,0.8375,1,1
255,20,759.22,359.40,92.02,69.67,0.9382,1,1
255,37,9.25,560.35,21.17,28.80,0.7722,1,1
256,1,0.38,422.72,37.95,47.74,0.8289,1,1
256,2,4.54,453.46,37.77,42.35,0.8678,1,1
256,3,103.58,576.45,16.83,27.41,0.8250,1,1
256,12,758.75,396.12,47.41,55.33,0.8378,1,1
256,20,758.95,359.43,92.52,69.66,0.9381,1,1
256,37,9.38,560.52,20.94,28.91,0.7745,1,1
257,1,0.24,422.63,38.26,48.04,0.8293,1,1
257,2,4.56,453.33,37.97,42.94,0.8730,1,1
257,3,103.63,576.45,16.78,27.20,0.8212,1,1
257,12,751.66,405.13,46.29,55.33,0.8131,1,1
257,20,752.72,364.76,92.10,70.84,0.9357,1,1
257,37,9.01,560.59,21.13,29.28,0.7596,1,1
258,1,0.32,422.74,38.21,47.76,0.8265,1,1
258,2,4.77,452.92,37.76,43.09,0.8830,1,1
258,3,103.63,576.52,16.80,27.10,0.8243,1,1
258,12,744.89,413.12,44.54,51.57,0.8955,1,1
258,20,745.17,373.15,91.60,69.69,0.9240,1,1
258,37,8.82,560.67,21.65,30.21,0.7537,1,1
259,1,0.56,422.86,37.78,46.50,0.8275,1,1
259,2,5.61,452.52,37.55,43.67,0.8794,1,1
259,3,103.73,576.74,16.75,26.93,0.8278,1,1
259,12,736.49,418.59,45.49,53.75,0.8871,1,1
259,20,738.22,380.09,93.13,70.69,0.9312,1,1
259,37,9.02,561.37,21.81,30.84,0.7035,1,1
260,1,-0.50,421.49,38.96,49.36,0.8338,1,1
260,2,6.69,450.05,38.35,46.58,0.8906,1,1
260,3,103.70,576.69,16.78,26.99,0.8275,1,1
260,12,729.85,425.34,45.14,54.31,0.8354,1,1
260,20,732.13,386.41,93.80,73.84,0.9381,1,1
260,37,9.12,561.14,21.55,31.08,0.7819,1,1
260,38,20.94,506.26,20.94,23.56,0.3155,1,1
260,54,649.78,592.36,24.76,39.31,0.7834,1,1
261,1,-0.38,421.05,38.21,49.40,0.8312,1,1
261,2,6.88,448.41,38.21,46.11,0.8898,1,1
261,3,103.85,577.00,16.58,26.77,0.8254,1,1
261,12,725.95,432.40,46.04,54.31,0.8785,1,1
261,20,725.89,393.10,93.82,71.68,0.9250,1,1
261,37,9.54,560.81,21.26,31.64,0.8146,1,1
261,38,23.07,510.95,22.23,26.09,0.4072,1,1
261,54,646.53,600.02,23.12,38.23,0.7307,1,1
262,1,-0.16,421.02,37.79,49.44,0.8312,1,1
262,2,6.82,448.39,38.34,46.11,0.8895,1,1
262,3,103.90,576.92,16.54,26.76,0.8254,1,1
262,12,725.75,432.58,46.39,54.21,0.8794,1,1
262,20,725.42,393.13,94.67,71.68,0.9250,1,1
262,37,9.72,560.78,20.93,31.66,0.8139,1,1
262,38,23.90,511.70,22.11,26.72,0.4379,1,1
262,54,646.78,600.31,22.30,38.21,0.7289,1,1
263,1,0.05,418.72,37.63,49.45,0.8454,1,1
263,2,6.50,446.79,37.92,45.60,0.8591,1,1
263,3,103.86,576.90,16.57,26.72,0.8259,1,1
263,12,717.51,436.95,45.54,54.97,0.8885,1,1
263,20,719.59,398.78,96.58,74.42,0.9254,1,1
263,37,10.91,562.10,19.86,29.70,0.6771,1,1
263,38,29.16,520.74,20.23,25.04,0.7117,1,1
263,54,646.77,600.89,22.37,39.55,0.7891,1,1
264,1,-0.05,419.23,37.99,50.52,0.8308,1,1
264,2,6.87,445.69,39.10,47.97,0.8915,1,1
264,3,103.65,576.24,16.95,27.19,0.8114,1,1
264,12,710.70,443.21,44.02,53.90,0.8445,1,1
264,20,713.38,404.01,96.96,74.99,0.9382,1,1
264,54,648.45,605.21,21.26,37.57,0.8334,1,1
265,1,0.59,419.39,37.22,48.70,0.8227,1,1
265,2,6.96,444.49,38.68,47.74,0.9017,1,1
265,3,102.95,575.13,17.87,28.16,0.8050,1,1
265,12,704.43,448.92,44.12,54.94,0.8396,1,1
265,20,707.05,409.58,96.89,75.12,0.9355,1,1
265,54,649.39,610.17,21.94,38.64,0.7399,1,1
266,1,0.27,418.29,37.36,48.72,0.8297,1,1
266,2,6.85,443.27,38.37,48.12,0.8933,1,1
266,3,101.77,573.96,19.32,29.79,0.7969,1,1
266,12,698.74,457.48,44.47,53.23,0.8928,1,1
266,20,699.92,414.05,97.84,74.49,0.9351,1,1
266,54,649.64,616.40,22.29,39.55,0.8150,1,1
267,1,0.50,418.04,37.50,48.29,0.8233,1,1
267,2,6.77,443.28,37.48,47.39,0.8900,1,1
267,3,102.96,572.66,18.37,28.63,0.7947,1,1
267,12,689.94,461.56,42.96,52.14,0.8680,1,1
267,20,693.31,420.05,98.77,76.79,0.9280,1,1
267,54,647.87,621.93,22.62,41.17,0.7838,1,1
268,1,0.39,418.01,37.76,48.29,0.8229,1,1
268,2,6.84,443.28,37.33,47.37,0.8901,1,1
268,3,103.09,572.58,18.22,28.59,0.7957,1,1
268,12,689.95,461.59,42.67,52.17,0.8690,1,1
268,20,693.56,420.11,98.16,76.75,0.9281,1,1
268,54,647.97,621.91,22.31,41.35,0.7830,1,1
269,1,-0.13,416.10,37.57,48.63,0.8263,1,1
269,2,6.90,442.04,36.57,46.46,0.8783,1,1
269,3,103.08,575.33,17.41,27.24,0.7731,1,1
269,12,682.00,465.37,44.81,53.78,0.8236,1,1
269,20,685.61,424.44,99.35,77.36,0.9334,1,1
269,54,642.10,627.78,21.97,41.74,0.8757,1,1
270,1,0.00,415.73,36.42,47.31,0.8280,1,1
270,2,5.78,441.10,37.19,47.02,0.8727,1,1
270,3,103.09,575.39,17.52,27.39,0.7831,1,1
270,12,673.92,470.96,44.97,52.86,0.8759,1,1
270,20,676.72,429.48,101.28,78.25,0.9302,1,1
270,54,638.28,635.95,20.65,40.35,0.8476,1,1
271,1,0.18,415.82,34.88,45.10,0.8209,1,1
271,2,4.64,439.59,36.87,47.26,0.8425,1,1
271,3,103.29,575.83,17.36,26.98,0.7945,1,1
271,12,667.02,478.65,44.25,54.24,0.8938,1,1
271,20,670.15,434.45,100.63,78.28,0.9362,1,1
271,54,633.51,640.39,19.82,38.84,0.8366,1,1
272,1,-0.02,416.25,34.03,44.18,0.8203,1,1
272,2,4.46,438.97,36.72,47.62,0.8527,1,1
272,3,103.20,575.67,17.46,27.08,0.7938,1,1
272,12,659.24,485.24,45.88,55.57,0.8756,1,1
272,20,660.17,440.00,103.47,79.67,0.9264,1,1
272,54,631.17,637.97,20.90,36.84,0.8763,1,1
272,62,44.73,582.08,31.50,21.23,0.5826,1,1
273,1,-0.04,415.23,33.81,44.12,0.8324,1,1
273,2,4.18,438.91,36.79,46.72,0.8646,1,1
273,3,103.29,575.75,17.44,26.99,0.7956,1,1
273,12,651.56,497.83,43.75,49.72,0.8774,1,1
273,20,651.00,447.59,105.73,78.86,0.9314,1,1
273,54,632.13,634.93,21.05,36.39,0.9048,1,1
273,62,43.14,581.91,32.01,21.49,0.7407,1,1
274,1,-0.05,415.25,33.83,44.43,0.8304,1,1
274,2,4.26,438.93,36.97,46.69,0.8651,1,1
274,3,103.31,575.76,17.46,26.97,0.7950,1,1
274,12,650.87,497.98,44.92,49.68,0.8772,1,1
274,20,650.54,447.65,106.57,78.82,0.9315,1,1
274,54,632.08,634.95,21.20,36.34,0.9047,1,1
274,62,43.07,581.90,32.09,21.51,0.7412,1,1
275,1,-0.02,415.17,33.53,44.16,0.8285,1,1
275,2,3.78,438.91,37.01,46.74,0.8625,1,1
275,3,103.25,575.90,17.41,26.73,0.7929,1,1
275,12,641.21,502.85,43.39,48.40,0.7620,1,1
275,20,642.19,455.70,105.91,78.44,0.9477,1,1
275,62,43.38,582.21,31.75,21.21,0.7475,1,1
276,1,-0.07,415.16,33.04,43.78,0.8230,1,1
276,2,3.35,438.84,36.55,46.20,0.8394,1,1
276,3,103.32,575.95,17.43,26.68,0.7921,1,1
276,12,631.27,511.59,44.50,48.77,0.8773,1,1
276,20,632.41,461.93,105.71,80.53,0.9235,1,1
276,62,43.55,582.17,31.61,21.09,0.7530,1,1
277,1,-0.16,414.65,32.59,43.59,0.8221,1,1
277,2,3.21,438.85,36.20,46.08,0.8310,1,1
277,3,103.27,575.95,17.43,26.63,0.7921,1,1
277,12,619.30,519.40,43.68,48.51,0.8778,1,1
277,20,621.17,470.10,104.66,80.02,0.9300,1,1
277,62,43.19,581.94,31.74,21.06,0.7393,1,1
278,1,-0.04,414.82,32.20,43.22,0.8241,1,1
278,2,3.48,439.69,35.62,44.99,0.8360,1,1
278,3,103.07,576.06,17.45,26.77,0.8026,1,1
278,12,607.78,525.12,43.88,48.26,0.8396,1,1
278,20,609.77,476.19,105.83,81.75,0.9350,1,1
278,62,43.27,581.94,31.47,20.80,0.7191,1,1
279,1,-0.09,414.64,32.03,43.25,0.8166,1,1
279,2,1.89,438.92,36.50,46.51,0.8238,1,1
279,3,102.99,575.98,17.47,26.74,0.7929,1,1
279,12,594.33,525.94,45.94,50.73,0.5518,1,1
279,20,597.56,481.14,106.46,80.49,0.9394,1,1
279,62,42.78,581.76,31.82,21.02,0.4527,1,1
280,1,-0.02,414.62,31.91,43.26,0.8168,1,1
280,2,1.95,438.89,36.35,46.56,0.8238,1,1
280,3,103.00,575.92,17.51,26.79,0.7925,1,1
280,12,592.58,525.87,46.08,51.13,0.5549,1,1
280,20,597.28,481.13,106.94,80.50,0.9395,1,1
280,62,42.77,581.68,31.90,21.07,0.4528,1,1
280,71,626.58,790.73,27.19,39.62,0.8741,1,1
281,1,-0.20,414.34,32.17,44.13,0.8147,1,1
281,2,1.42,438.55,36.44,47.25,0.8261,1,1
281,3,102.88,575.68,17.69,27.10,0.7902,1,1
281,12,580.68,533.18,43.73,49.01,0.7339,1,1
281,20,583.78,484.51,107.17,82.67,0.9387,1,1
281,62,41.95,581.08,32.79,21.65,0.6601,1,1
281,71,621.99,792.15,29.89,46.11,0.8843,1,1
282,1,-0.11,414.06,32.07,44.18,0.8159,1,1
282,2,1.15,438.97,35.97,46.84,0.8267,1,1
282,3,102.63,575.07,17.84,27.48,0.7544,1,1
282,20,569.84,487.64,110.67,84.96,0.9361,1,1
282,62,39.28,579.59,35.01,23.21,0.7940,1,1
282,71,622.53,795.28,30.27,49.76,0.8728,1,1
283,1,-0.09,413.30,32.28,44.67,0.8229,1,1
283,2,1.82,439.96,34.82,44.51,0.8304,1,1
283,3,102.81,573.05,18.04,28.20,0.7430,1,1
283,20,557.49,494.22,112.45,85.23,0.9407,1,1
283,62,38.47,579.10,34.67,22.90,0.4833,1,1
283,71,626.36,803.92,27.79,47.11,0.8403,1,1
284,1,0.11,412.50,32.57,44.77,0.8395,1,1
284,2,1.59,441.72,34.92,43.46,0.8407,1,1
284,3,102.73,572.52,18.12,28.61,0.7749,1,1
284,20,545.16,499.71,113.33,86.67,0.9490,1,1
284,62,37.67,578.63,33.76,22.22,0.2914,1,1
284,71,631.98,810.98,26.91,45.44,0.8435,1,1
285,1,0.12,412.22,33.75,46.06,0.8466,1,1
285,2,1.70,443.67,35.10,42.52,0.8332,1,1
285,3,102.52,572.46,18.10,28.57,0.7766,1,1
285,20,532.75,506.77,112.54,84.80,0.9448,1,1
285,62,37.26,578.06,33.59,22.23,0.4798,1,1
285,71,637.45,813.33,27.71,45.62,0.7193,1,1
286,1,0.07,412.21,33.88,46.09,0.8468,1,1
286,2,1.46,443.72,35.60,42.49,0.8333,1,1
286,3,102.52,572.37,18.11,28.60,0.7799,1,1
286,20,532.54,506.78,112.86,84.78,0.9447,1,1
286,62,37.32,577.93,33.43,22.23,0.4792,1,1
286,71,637.57,813.45,28.37,45.62,0.7211,1,1
287,1,-0.05,412.01,35.17,48.21,0.8673,1,1
287,2,2.83,448.04,34.42,38.94,0.8495,1,1
287,3,102.46,572.20,18.30,28.79,0.7879,1,1
287,20,520.13,512.48,115.73,86.88,0.9343,1,1
287,71,643.81,814.58,27.34,43.14,0.4461,1,1
288,1,-0.04,413.23,35.58,49.13,0.8782,1,1
288,2,3.08,450.90,34.43,37.64,0.8575,1,1
288,3,102.21,572.28,18.80,29.50,0.7816,1,1
288,20,508.77,519.57,114.50,87.08,0.9354,1,1
288,71,649.99,816.67,29.22,41.90,0.8259,1,1
289,1,0.06,413.40,35.52,49.10,0.8796,1,1
289,2,3.19,451.56,34.91,36.93,0.8685,1,1
289,3,102.21,572.33,18.94,29.46,0.7771,1,1
289,20,497.04,528.81,115.99,85.20,0.9378,1,1
289,71,653.80,816.20,31.47,40.90,0.8462,1,1
290,1,-0.02,413.26,35.56,49.53,0.8817,1,1
290,2,3.05,451.28,35.24,36.37,0.8670,1,1
290,3,102.08,572.33,19.02,29.26,0.7741,1,1
290,20,486.03,536.11,117.60,86.77,0.9361,1,1
290,71,656.47,816.51,33.45,41.17,0.8718,1,1
291,1,-0.11,412.54,35.65,50.24,0.8790,1,1
291,2,2.61,449.41,36.11,37.91,0.8631,1,1
291,3,102.20,572.58,18.87,28.88,0.7516,1,1
291,20,475.25,547.12,116.60,86.54,0.9342,1,1
291,71,658.28,819.29,32.52,38.79,0.6974,1,1
292,1,-0.02,412.50,35.48,50.28,0.8794,1,1
292,2,2.76,449.39,35.82,37.93,0.8628,1,1
292,3,102.17,572.60,18.91,28.84,0.7517,1,1
292,20,475.31,547.16,116.44,86.53,0.9341,1,1
292,71,657.89,819.47,33.41,38.59,0.7036,1,1
292,75,32.07,575.92,24.37,19.29,0.4040,1,1
293,1,0.16,411.71,35.27,49.59,0.8728,1,1
293,2,2.98,448.05,35.89,38.34,0.8599,1,1
293,3,102.05,572.46,19.04,28.94,0.7684,1,1
293,20,466.96,557.36,117.57,86.84,0.9329,1,1
293,71,658.58,824.59,32.72,36.74,0.6218,1,1
293,75,32.10,578.15,26.31,21.01,0.2792,1,1
294,1,0.09,411.33,35.39,49.57,0.8710,1,1
294,2,3.16,448.09,35.59,38.24,0.8569,1,1
294,3,102.14,572.52,18.64,28.61,0.7751,1,1
294,20,456.83,567.64,118.12,86.91,0.9289,1,1
294,71,654.88,829.43,34.15,37.00,0.6045,1,1
294,75,35.80,579.13,26.39,21.12,0.2882,1,1
295,1,0.14,411.39,35.34,49.11,0.8724,1,1
295,2,3.67,448.26,35.53,38.00,0.8611,1,1
295,3,102.30,572.31,18.53,28.81,0.7851,1,1
295,20,447.10,577.90,118.59,87.99,0.9348,1,1
295,71,651.13,837.73,32.74,35.02,0.2799,1,1
295,75,39.16,579.30,26.84,21.83,0.7332,1,1
296,1,0.16,412.57,35.47,48.92,0.8725,1,1
296,2,3.71,448.12,35.75,38.26,0.8725,1,1
296,3,102.58,572.32,18.22,28.60,0.7856,1,1
296,20,437.21,586.13,120.52,90.75,0.9404,1,1
296,75,41.02,579.79,27.42,22.48,0.7851,1,1
296,77,407.16,809.61,25.76,49.35,0.7866,1,1
297,1,0.15,413.00,35.92,49.29,0.8824,1,1
297,2,3.78,449.89,35.34,37.18,0.8726,1,1
297,3,102.67,572.58,17.94,28.33,0.7748,1,1
297,20,427.16,595.28,120.09,89.60,0.9351,1,1
297,75,42.15,580.15,26.20,21.78,0.7684,1,1
297,77,404.39,822.83,23.52,44.83,0.7634,1,1
298,1,0.12,412.98,36.00,49.32,0.8826,1,1
298,2,3.63,449.91,35.61,37.18,0.8725,1,1
298,3,102.72,572.58,17.87,28.31,0.7749,1,1
298,20,427.00,595.32,120.34,89.58,0.9350,1,1
298,75,42.30,580.15,25.93,21.74,0.7684,1,1
298,77,404.30,823.33,23.51,44.63,0.7632,1,1
299,1,0.30,412.84,36.10,48.94,0.8679,1,1
299,2,4.26,450.73,35.57,36.80,0.8623,1,1
299,3,102.99,572.27,17.91,28.44,0.7858,1,1
299,20,417.52,602.80,122.91,92.78,0.9422,1,1
299,75,41.96,580.26,25.82,21.82,0.8348,1,1
300,1,0.18,412.65,36.91,49.68,0.8609,1,1
300,2,4.07,450.91,36.32,37.30,0.8747,1,1
300,3,103.16,572.13,17.92,28.63,0.7888,1,1
300,20,407.81,609.17,121.88,92.72,0.9403,1,1
300,75,42.03,580.62,25.88,21.97,0.8282,1,1
301,1,0.37,413.14,36.89,48.72,0.8539,1,1
301,2,4.56,451.88,36.23,36.72,0.8614,1,1
301,3,102.93,572.18,17.95,28.73,0.7807,1,1
301,20,397.12,617.79,123.03,92.22,0.9524,1,1
301,75,41.47,581.38,25.57,21.76,0.5132,1,1
302,1,0.30,412.84,37.77,49.12,0.8546,1,1
302,2,4.89,454.85,35.25,33.42,0.8521,1,1
302,3,102.89,572.25,17.95,28.72,0.7797,1,1
302,20,385.81,626.40,124.42,93.41,0.9396,1,1
302,81,417.91,836.66,20.05,37.66,0.3442,1,1
303,1,0.78,413.77,38.33,48.07,0.8489,1,1
303,2,4.96,456.48,36.06,32.79,0.8269,1,1
303,3,103.13,572.35,17.79,28.31,0.7748,1,1
303,20,373.13,632.79,126.31,95.29,0.9382,1,1
304,1,0.44,413.74,39.07,48.09,0.8494,1,1
304,2,4.53,456.55,36.96,32.76,0.8264,1,1
304,3,103.14,572.35,17.83,28.30,0.7743,1,1
304,20,373.14,632.80,126.18,95.29,0.9382,1,1
305,1,0.22,413.32,40.08,48.85,0.8605,1,1
305,2,4.37,457.73,38.55,33.70,0.8342,1,1
305,3,103.15,572.42,18.15,28.83,0.7621,1,1
305,20,362.24,640.62,127.54,97.01,0.9420,1,1
306,1,0.27,413.94,40.84,49.14,0.8686,1,1
306,2,5.22,459.93,38.13,32.72,0.8397,1,1
306,3,103.18,572.42,18.08,28.77,0.7550,1,1
306,20,350.75,649.66,126.75,97.31,0.9362,1,1
307,1,0.54,416.12,41.06,48.03,0.8719,1,1
307,2,5.50,460.92,38.28,32.20,0.8502,1,1
307,3,103.23,572.44,17.96,28.69,0.7483,1,1
307,20,339.83,656.39,127.89,99.84,0.9446,1,1
308,1,0.07,416.35,42.23,49.33,0.8814,1,1
308,2,6.04,462.31,38.20,32.09,0.8606,1,1
308,3,103.23,572.48,17.99,28.89,0.7418,1,1
308,20,326.44,665.55,126.38,98.35,0.9414,1,1
309,1,0.13,416.91,42.41,49.26,0.8837,1,1
309,2,7.00,462.74,37.82,31.94,0.8689,1,1
309,3,103.39,572.51,17.86,28.73,0.7409,1,1
309,20,313.90,675.03,127.88,100.43,0.9390,1,1
310,1,0.08,416.89,42.54,49.31,0.8839,1,1
310,2,7.11,462.73,37.72,31.93,0.8692,1,1
310,3,103.38,572.48,17.84,28.73,0.7422,1,1
310,20,313.98,675.09,127.61,100.40,0.9389,1,1
311,1,0.01,417.27,42.69,49.60,0.8828,1,1
311,2,7.62,463.21,37.27,31.80,0.8788,1,1
311,3,103.29,572.45,17.87,28.69,0.7474,1,1
311,20,299.08,683.52,127.76,101.71,0.9453,1,1
312,1,0.15,418.12,42.63,49.28,0.8828,1,1
312,2,8.70,464.04,36.40,30.91,0.8798,1,1
312,3,103.23,572.45,17.94,28.74,0.7517,1,1
312,20,287.00,691.72,127.52,102.10,0.9480,1,1
313,1,0.04,418.12,43.09,49.89,0.8843,1,1
313,2,8.20,464.77,36.61,30.68,0.8789,1,1
313,3,103.15,572.42,18.07,28.96,0.7513,1,1
313,20,274.30,697.83,124.59,102.75,0.9423,1,1
314,1,0.08,418.51,43.08,49.81,0.8844,1,1
314,2,7.85,465.16,36.85,30.55,0.8746,1,1
314,3,103.20,572.41,18.07,28.99,0.7474,1,1
314,20,258.86,703.81,123.96,102.32,0.9439,1,1
314,89,338.79,1034.16,30.07,42.93,0.7074,1,1
315,1,0.16,418.87,43.04,49.54,0.8811,1,1
315,2,7.21,465.02,37.89,31.42,0.8814,1,1
315,3,103.22,572.39,18.09,29.01,0.7519,1,1
315,20,242.36,708.42,124.09,97.52,0.9455,1,1
316,1,0.13,418.99,43.06,49.44,0.8804,1,1
316,2,7.24,465.00,37.91,31.47,0.8821,1,1
316,3,103.23,572.39,18.08,29.00,0.7528,1,1
316,20,241.76,708.43,125.21,97.52,0.9455,1,1
317,1,0.03,418.94,43.17,49.73,0.8820,1,1
317,2,7.05,465.21,38.00,31.43,0.8808,1,1
317,3,103.27,572.41,18.07,29.02,0.7554,1,1
317,20,226.43,711.65,124.95,101.50,0.9520,1,1
318,1,-0.02,418.85,43.11,50.01,0.8803,1,1
318,2,6.74,465.33,38.42,32.06,0.8831,1,1
318,3,103.21,572.29,18.13,29.11,0.7634,1,1
318,20,212.25,719.54,122.63,99.78,0.9334,1,1
319,1,0.05,418.73,43.10,50.12,0.8798,1,1
319,2,6.87,465.34,38.23,31.92,0.8823,1,1
319,3,103.18,572.27,18.12,29.13,0.7646,1,1
319,20,197.80,726.25,123.64,97.73,0.9427,1,1
320,1,0.10,418.83,42.99,49.98,0.8792,1,1
320,2,7.05,465.27,38.47,32.10,0.8872,1,1
320,3,103.13,572.20,18.12,29.21,0.7647,1,1
320,20,183.03,732.15,120.78,98.93,0.9471,1,1
321,1,0.09,418.71,43.07,50.09,0.8798,1,1
321,2,6.87,465.33,38.46,32.17,0.8860,1,1
321,3,103.10,572.08,18.15,29.28,0.7732,1,1
321,20,169.25,738.38,120.43,99.78,0.9335,1,1
322,1,0.11,418.74,43.05,50.05,0.8799,1,1
322,2,6.88,465.34,38.45,32.21,0.8854,1,1
322,3,103.12,572.08,18.13,29.28,0.7729,1,1
322,20,169.38,738.38,120.12,99.85,0.9338,1,1
323,1,0.06,418.52,43.10,50.23,0.8804,1,1
323,2,7.04,465.19,38.34,32.04,0.8880,1,1
323,3,103.19,572.06,18.09,29.25,0.7750,1,1
323,20,156.40,744.65,118.49,99.98,0.9388,1,1
324,1,0.08,418.50,42.98,50.13,0.8792,1,1
324,2,6.82,465.13,38.55,32.18,0.8895,1,1
324,3,103.19,572.16,17.95,29.04,0.7718,1,1
324,20,143.99,751.70,115.85,101.56,0.9253,1,1
325,1,0.12,418.74,42.87,49.94,0.8805,1,1
325,2,6.77,465.08,38.65,32.30,0.8919,1,1
325,3,103.28,572.30,17.85,28.87,0.7652,1,1
325,20,131.16,759.07,115.65,102.89,0.9413,1,1
326,1,0.30,419.25,42.57,48.94,0.8844,1,1
326,2,6.40,464.02,39.13,32.93,0.8928,1,1
326,3,103.30,572.49,17.79,28.81,0.7537,1,1
326,20,120.47,767.85,114.31,103.94,0.9209,1,1
327,1,0.17,418.54,42.78,48.91,0.8845,1,1
327,2,6.04,463.42,39.57,33.37,0.8898,1,1
327,3,103.20,573.47,17.86,28.95,0.7542,1,1
327,20,107.61,775.75,115.09,105.45,0.9313,1,1
328,1,0.12,418.53,42.88,48.91,0.8844,1,1
328,2,5.97,463.42,39.61,33.47,0.8898,1,1
328,3,103.21,573.51,17.87,28.97,0.7542,1,1
328,20,107.69,775.77,114.86,105.48,0.9309,1,1
329,1,0.03,417.54,42.84,48.99,0.8846,1,1
329,2,5.74,462.92,39.77,33.33,0.8888,1,1
329,3,103.18,573.44,17.91,28.98,0.7503,1,1
329,20,98.09,783.88,109.11,103.04,0.9195,1,1
330,1,0.05,416.85,42.19,48.35,0.8777,1,1
330,2,5.11,461.70,40.44,34.02,0.8781,1,1
330,3,103.39,572.66,17.76,28.70,0.7484,1,1
330,20,87.18,790.48,108.97,103.88,0.8268,1,1
331,1,0.16,416.83,41.47,47.35,0.8719,1,1
331,2,4.74,460.60,40.65,34.65,0.8715,1,1
331,3,103.25,573.72,17.78,28.65,0.7548,1,1
331,20,75.19,795.62,108.26,103.88,0.6087,1,1
331,90,127.90,984.99,25.78,49.20,0.7387,1,1
332,1,0.02,415.93,41.30,47.37,0.8610,1,1
332,2,3.71,458.19,40.91,35.66,0.8558,1,1
332,3,103.19,573.76,17.80,28.66,0.7560,1,1
332,20,63.42,800.17,106.01,102.30,0.6150,1,1
333,1,-0.33,415.04,41.23,48.14,0.8434,1,1
333,2,3.45,456.11,40.87,36.60,0.8581,1,1
333,3,103.22,573.52,17.91,28.86,0.7504,1,1
333,20,50.13,802.00,107.91,104.44,0.2814,1,1
334,1,-0.12,415.06,40.79,48.12,0.8433,1,1
334,2,3.73,456.07,40.32,36.62,0.8582,1,1
334,3,103.23,573.51,17.92,28.87,0.7523,1,1
334,20,46.89,802.13,108.27,105.16,0.2853,1,1
335,1,-0.20,414.27,40.50,48.44,0.8497,1,1
335,2,4.37,452.54,40.12,37.85,0.8757,1,1
335,3,103.18,573.78,17.87,28.71,0.7558,1,1
335,20,37.48,802.89,109.72,107.99,0.4185,1,1
336,1,-0.08,413.69,39.97,48.26,0.8486,1,1
336,2,3.76,451.60,39.70,38.79,0.8805,1,1
336,3,103.29,572.82,17.82,28.44,0.7561,1,1
336,20,29.04,807.76,107.03,107.54,0.4444,1,1
337,1,-0.05,413.16,39.43,48.30,0.8496,1,1
337,2,4.23,450.66,39.17,39.34,0.8879,1,1
337,3,103.04,572.51,18.17,28.72,0.7744,1,1
338,1,0.13,414.39,38.66,47.48,0.8521,1,1
338,2,4.55,449.36,38.73,40.09,0.8891,1,1
338,3,102.87,572.41,18.38,29.00,0.7666,1,1
339,1,-0.07,414.05,38.41,47.80,0.8564,1,1
339,2,4.94,448.89,37.97,40.44,0.8965,1,1
339,3,102.96,572.18,18.48,29.10,0.7712,1,1
339,20,-1.08,817.64,105.61,108.11,0.2843,1,1
340,1,0.09,414.32,38.07,47.58,0.8566,1,1
340,2,5.15,448.86,37.55,40.47,0.8965,1,1
340,3,102.95,572.14,18.51,29.12,0.7728,1,1
340,20,-2.56,818.28,103.87,108.12,0.2891,1,1
341,1,-0.03,414.51,37.79,47.81,0.8625,1,1
341,2,5.18,447.77,37.12,40.89,0.8981,1,1
341,3,103.06,572.12,18.70,29.32,0.7783,1,1
341,20,-4.97,820.00,97.57,108.49,0.6708,1,1
342,1,0.05,414.58,37.14,47.34,0.8637,1,1
342,2,4.60,447.96,37.15,41.05,0.8988,1,1
342,3,103.13,572.16,18.92,29.66,0.7758,1,1
342,20,-3.43,818.29,85.57,111.77,0.8433,1,1
343,1,-0.01,414.79,37.00,47.66,0.8633,1,1
343,2,3.95,448.39,37.20,40.75,0.8963,1,1
343,3,103.11,574.12,18.44,28.45,0.7745,1,1
343,20,-5.52,814.11,81.72,115.41,0.7903,1,1
343,91,37.33,554.79,24.39,23.74,0.7621,1,1
344,1,0.07,415.42,36.60,47.37,0.8575,1,1
344,2,3.57,449.14,37.63,41.54,0.8951,1,1
344,3,103.22,574.31,18.36,28.29,0.7831,1,1
344,20,-7.26,792.49,78.07,137.36,0.8577,1,1
344,91,36.61,547.82,24.11,23.64,0.6723,1,1
345,1,0.45,416.51,35.67,45.44,0.8592,1,1
345,2,3.20,449.45,37.51,42.04,0.8824,1,1
345,3,103.61,574.88,17.86,27.67,0.7805,1,1
345,20,-5.40,792.86,65.87,134.65,0.8534,1,1
345,91,34.71,538.48,22.75,22.83,0.7573,1,1
346,1,0.32,416.51,35.93,45.42,0.8594,1,1
346,2,3.36,449.46,37.18,41.93,0.8822,1,1
346,3,103.62,574.85,17.80,27.66,0.7783,1,1
346,20,-2.95,792.76,60.80,134.72,0.8489,1,1
346,91,34.79,538.09,22.38,22.80,0.7573,1,1
347,1,0.53,418.04,35.49,43.94,0.8565,1,1
347,2,3.39,450.28,36.82,42.00,0.8729,1,1
347,3,103.80,575.42,17.44,27.24,0.7982,1,1
347,20,-2.69,793.19,52.52,130.61,0.8692,1,1
347,91,30.63,533.62,21.46,22.05,0.7705,1,1
348,1,-0.02,418.26,36.29,45.53,0.8644,1,1
348,2,2.46,450.23,37.57,44.39,0.8733,1,1
348,3,104.00,576.06,16.98,26.75,0.8146,1,1
348,20,-5.58,791.23,49.49,129.50,0.7135,1,1
348,91,26.95,523.49,23.01,25.02,0.7309,1,1
349,1,0.19,419.29,35.85,44.93,0.8648,1,1
349,2,2.42,450.20,36.90,44.00,0.8748,1,1
349,3,103.94,575.96,16.85,26.69,0.8042,1,1
349,20,-8.24,795.27,45.76,128.50,0.6465,1,1
349,91,24.33,517.54,23.42,25.92,0.5509,1,1
350,1,0.05,419.31,36.06,45.61,0.8642,1,1
350,2,2.69,449.95,36.81,43.60,0.8707,1,1
350,3,103.87,575.87,16.89,26.82,0.8063,1,1
350,20,-11.22,800.14,43.79,127.50,0.3565,1,1
350,91,21.88,510.23,22.79,25.50,0.2985,1,1
351,1,0.23,419.45,35.79,45.22,0.8633,1,1
351,2,2.43,450.48,37.03,43.41,0.8780,1,1
351,3,103.74,575.91,16.93,26.81,0.8032,1,1
351,92,17.96,563.95,18.52,29.33,0.6643,1,1
352,1,0.23,419.45,35.80,45.21,0.8631,1,1
352,2,2.35,450.49,37.19,43.41,0.8778,1,1
352,3,103.70,575.88,16.97,26.83,0.8033,1,1
352,92,17.94,563.96,18.58,29.34,0.6653,1,1
353,1,0.13,418.83,36.14,45.85,0.8531,1,1
353,2,1.89,451.14,37.37,43.19,0.8641,1,1
353,3,103.67,575.93,16.96,26.79,0.8030,1,1
353,92,18.56,564.40,17.75,27.48,0.7565,1,1
354,1,0.44,419.88,35.54,44.55,0.8440,1,1
354,2,2.19,451.50,37.15,42.60,0.8505,1,1
354,3,103.68,575.84,17.02,26.89,0.8020,1,1
354,92,18.48,564.30,17.89,27.39,0.7382,1,1
355,1,0.22,420.22,35.96,44.92,0.8391,1,1
355,2,2.39,453.04,36.62,41.45,0.8283,1,1
355,3,103.72,575.93,16.96,26.87,0.8012,1,1
355,92,18.49,563.90,17.89,27.24,0.6990,1,1
356,1,0.13,420.11,36.12,45.13,0.8383,1,1
356,2,2.20,454.22,36.62,40.78,0.8233,1,1
356,3,103.61,575.76,17.07,27.07,0.8050,1,1
356,92,18.40,564.04,18.01,27.31,0.6800,1,1
357,1,0.32,420.51,35.87,44.44,0.8361,1,1
357,2,2.49,455.05,36.38,39.91,0.7952,1,1
357,3,103.83,575.79,16.97,27.02,0.8002,1,1
357,92,18.48,564.44,17.80,26.72,0.6967,1,1
358,1,0.25,420.53,36.01,44.40,0.8363,1,1
358,2,2.34,455.07,36.71,39.88,0.7960,1,1
358,3,103.86,575.80,16.91,27.01,0.7994,1,1
358,92,18.57,564.72,17.83,26.51,0.7056,1,1
359,1,0.20,420.59,36.07,44.37,0.8336,1,1
359,2,2.51,455.38,36.24,38.78,0.8063,1,1
359,3,103.92,575.74,16.91,27.10,0.7986,1,1
359,92,18.51,564.49,18.05,26.63,0.6565,1,1
360,1,0.21,420.39,36.18,44.38,0.8325,1,1
360,2,2.14,455.46,37.41,39.86,0.8127,1,1
360,3,103.93,575.97,16.79,26.88,0.7991,1,1
360,92,17.83,564.72,18.54,27.37,0.6206,1,1
361,1,0.23,420.33,36.23,44.24,0.8457,1,1
361,2,2.73,455.60,36.87,39.32,0.8411,1,1
361,3,104.19,576.54,16.62,26.50,0.8088,1,1
361,92,15.90,563.06,20.24,29.94,0.6679,1,1
362,1,0.15,420.31,36.40,44.40,0.8478,1,1
362,2,3.21,455.47,36.22,38.67,0.8310,1,1
362,3,104.13,577.23,16.67,26.34,0.8210,1,1
362,92,15.35,562.09,20.85,31.01,0.6381,1,1
363,1,0.11,420.23,36.31,44.32,0.8516,1,1
363,2,3.05,455.20,37.09,39.46,0.8584,1,1
363,3,104.11,577.31,16.74,26.27,0.8208,1,1
363,92,14.87,561.77,21.07,31.27,0.5399,1,1
364,1,0.12,420.21,36.31,44.34,0.8515,1,1
364,2,3.02,455.22,37.16,39.46,0.8584,1,1
364,3,104.09,577.31,16.80,26.27,0.8206,1,1
364,92,12.16,561.38,21.37,31.82,0.5350,1,1
365,1,-0.27,418.56,36.99,46.11,0.8520,1,1
365,2,2.39,453.92,38.61,41.13,0.8708,1,1
365,3,104.09,577.39,16.77,26.19,0.8208,1,1
365,92,11.58,561.51,21.22,31.90,0.6128,1,1
366,1,-0.43,418.25,37.17,47.69,0.8559,1,1
366,2,2.56,452.63,38.71,42.22,0.8692,1,1
366,3,104.12,577.41,16.73,26.10,0.8198,1,1
366,92,11.60,561.77,20.80,31.48,0.6121,1,1
367,1,-0.35,417.90,36.94,48.54,0.8524,1,1
367,2,2.83,452.61,37.82,42.42,0.8593,1,1
367,3,104.24,577.31,16.73,26.15,0.8193,1,1
367,92,11.66,562.46,21.00,31.80,0.5145,1,1
368,1,0.07,417.96,36.24,47.70,0.8550,1,1
368,2,2.83,452.60,37.75,42.61,0.8478,1,1
368,3,103.99,576.69,17.14,26.77,0.8125,1,1
369,1,0.22,418.09,36.10,47.22,0.8550,1,1
369,2,3.12,452.55,37.14,41.74,0.8567,1,1
369,3,103.77,576.23,17.53,26.99,0.8085,1,1
370,1,0.18,418.12,36.17,47.16,0.8545,1,1
370,2,3.10,452.44,37.21,41.76,0.8561,1,1
370,3,103.70,576.19,17.70,27.01,0.8084,1,1
371,1,0.15,417.97,36.23,47.20,0.8546,1,1
371,2,3.37,452.12,36.84,40.54,0.8684,1,1
371,3,103.01,574.73,18.82,28.50,0.7990,1,1
372,1,-0.04,417.86,36.67,48.26,0.8706,1,1
372,2,4.80,456.57,35.03,37.25,0.8297,1,1
372,3,102.79,574.87,18.49,28.03,0.7326,1,1
373,1,0.09,418.55,36.93,48.61,0.8659,1,1
373,2,5.07,459.97,34.67,35.25,0.8164,1,1
373,3,103.52,572.85,18.16,28.34,0.7623,1,1
374,1,0.37,419.81,37.17,47.88,0.8740,1,1
374,2,4.47,461.61,35.83,34.69,0.8064,1,1
374,3,103.79,573.09,17.58,28.11,0.7576,1,1
375,1,0.12,419.83,38.11,48.96,0.8724,1,1
375,2,3.89,462.53,37.75,35.02,0.8349,1,1
375,3,103.97,573.39,17.22,27.97,0.7476,1,1
375,98,49.04,583.23,31.85,21.40,0.6753,1,1
376,1,0.09,419.83,38.18,48.98,0.8724,1,1
376,2,3.49,462.55,38.59,35.05,0.8347,1,1
376,3,103.64,575.01,16.94,27.42,0.7482,1,1
376,98,49.00,583.24,32.00,21.40,0.6702,1,1
377,1,0.34,420.45,38.45,48.35,0.8786,1,1
377,2,3.78,463.29,38.67,34.12,0.8409,1,1
377,3,103.44,575.34,16.91,27.10,0.7457,1,1
377,98,48.96,583.17,31.09,20.73,0.3759,1,1
378,1,0.19,420.68,39.39,49.08,0.8797,1,1
378,2,4.21,464.05,39.45,33.67,0.8669,1,1
378,3,103.59,573.34,17.59,28.22,0.7576,1,1
379,1,0.09,421.44,40.11,49.96,0.8767,1,1
379,2,5.83,463.90,38.81,32.46,0.8776,1,1
379,3,103.41,572.95,17.55,28.13,0.7745,1,1
380,1,0.27,422.08,40.09,49.36,0.8787,1,1
380,2,5.55,464.38,38.97,31.98,0.8748,1,1
380,3,103.36,572.58,17.59,27.95,0.7913,1,1
381,1,0.23,422.18,40.44,49.37,0.8794,1,1
381,2,6.30,464.45,38.59,31.60,0.8754,1,1
381,3,103.09,572.46,17.86,28.05,0.7795,1,1
382,1,0.14,422.18,40.58,49.40,0.8795,1,1
382,2,6.37,464.46,38.52,31.57,0.8738,1,1
382,3,103.03,572.45,18.00,28.05,0.7799,1,1
383,1,0.20,422.44,40.61,49.16,0.8785,1,1
383,2,5.84,464.64,39.09,31.86,0.8839,1,1
383,3,102.68,571.43,18.85,29.10,0.8083,1,1
384,1,0.15,422.45,40.65,49.12,0.8787,1,1
384,2,5.80,464.81,39.05,31.67,0.8880,1,1
384,3,101.97,570.81,19.45,29.92,0.8057,1,1
385,1,0.18,422.43,40.64,48.94,0.8788,1,1
385,2,5.89,464.96,39.11,31.46,0.8941,1,1
385,3,101.93,570.95,19.20,29.53,0.8172,1,1
386,1,0.27,422.66,40.78,48.70,0.8784,1,1
386,2,6.38,465.13,38.89,31.33,0.8958,1,1
386,3,101.93,570.74,19.32,29.54,0.8176,1,1
387,1,0.29,422.65,41.02,48.53,0.8790,1,1
387,2,6.48,465.30,39.02,31.67,0.8942,1,1
387,3,102.00,570.99,19.35,29.44,0.8140,1,1
388,1,0.20,422.65,41.19,48.53,0.8790,1,1
388,2,6.52,465.32,38.92,31.69,0.8943,1,1
388,3,101.98,571.00,19.41,29.44,0.8140,1,1
389,1,0.20,422.36,41.62,48.88,0.8800,1,1
389,2,7.11,465.72,38.45,31.30,0.8904,1,1
389,3,101.96,571.22,19.53,29.76,0.8065,1,1
390,1,0.14,422.02,41.96,49.27,0.8806,1,1
390,2,7.00,465.72,38.74,31.75,0.8869,1,1
390,3,101.67,571.08,19.64,30.04,0.8033,1,1
391,1,0.14,421.77,42.19,49.58,0.8801,1,1
391,2,7.37,465.42,38.70,31.87,0.8918,1,1
391,3,101.98,570.80,19.49,29.96,0.8042,1,1
392,1,0.05,421.61,42.32,49.99,0.8805,1,1
392,2,7.69,465.12,38.32,31.71,0.8900,1,1
392,3,101.54,571.09,19.78,30.36,0.7927,1,1
393,1,0.32,421.39,42.42,49.58,0.8810,1,1
393,2,7.75,464.73,38.36,31.68,0.8905,1,1
393,3,102.42,571.17,19.20,29.60,0.7909,1,1
394,1,0.26,421.43,42.65,49.52,0.8805,1,1
394,2,7.77,464.67,38.41,31.72,0.8905,1,1
394,3,102.47,571.17,19.13,29.58,0.7906,1,1
395,1,0.11,421.20,42.73,49.72,0.8804,1,1
395,2,8.40,464.11,38.00,31.85,0.8892,1,1
395,3,103.02,571.62,18.69,28.81,0.7939,1,1
395,98,58.62,580.74,35.55,23.27,0.2640,1,1
396,1,0.14,421.00,42.77,49.72,0.8791,1,1
396,2,7.50,463.62,38.79,32.64,0.8896,1,1
396,3,103.12,571.70,18.65,28.46,0.7983,1,1
397,1,0.19,420.73,42.88,49.73,0.8770,1,1
397,2,8.14,462.69,38.89,33.57,0.8920,1,1
397,3,103.29,571.91,18.67,28.57,0.7877,1,1
398,1,0.21,420.55,43.02,49.76,0.8781,1,1
398,2,8.56,462.63,38.53,33.61,0.8934,1,1
398,3,103.28,571.73,18.62,28.52,0.7993,1,1
399,1,0.16,420.37,43.01,49.81,0.8746,1,1
399,2,7.95,461.88,39.29,34.52,0.8940,1,1
399,3,103.55,572.14,18.36,28.18,0.7893,1,1
400,1,0.13,420.24,43.03,49.97,0.8744,1,1
400,2,8.03,461.86,39.16,34.52,0.8947,1,1
400,3,103.57,572.16,18.33,28.17,0.7895,1,1
401,1,0.26,420.09,43.21,50.04,0.8726,1,1
401,2,8.50,461.47,39.04,34.91,0.8918,1,1
401,3,103.68,572.41,18.38,28.28,0.7844,1,1
402,1,0.32,419.93,43.08,49.69,0.8707,1,1
402,2,7.56,461.54,39.58,35.27,0.8923,1,1
402,3,103.51,572.10,18.58,28.57,0.7900,1,1
403,1,0.28,419.77,43.26,49.86,0.8706,1,1
403,2,7.73,461.16,39.46,35.10,0.8926,1,1
403,3,103.68,572.40,18.60,28.68,0.7795,1,1
404,1,0.37,419.58,43.21,49.61,0.8675,1,1
404,2,7.08,461.23,40.19,35.99,0.8876,1,1
404,3,104.04,572.58,18.48,28.85,0.7599,1,1
405,1,0.35,419.36,43.42,49.73,0.8662,1,1
405,2,6.88,461.39,40.50,36.57,0.8854,1,1
405,3,104.24,572.62,18.30,28.89,0.7536,1,1
406,1,0.31,419.25,43.52,49.83,0.8662,1,1
406,2,6.95,461.40,40.36,36.58,0.8849,1,1
406,3,104.31,572.61,18.16,28.91,0.7542,1,1
407,1,0.35,419.43,43.47,49.64,0.8674,1,1
407,2,6.87,461.62,40.28,36.40,0.8867,1,1
407,3,104.48,572.77,17.92,28.70,0.7400,1,1
408,1,0.34,419.49,43.65,49.68,0.8699,1,1
408,2,7.05,462.02,40.19,36.26,0.8889,1,1
408,3,104.26,573.80,17.73,28.40,0.7428,1,1
409,1,0.23,419.46,43.97,50.15,0.8722,1,1
409,2,7.24,462.31,40.27,36.48,0.8917,1,1
409,3,104.25,573.99,17.61,28.14,0.7435,1,1
410,1,0.26,419.64,44.07,50.22,0.8740,1,1
410,2,7.32,462.36,40.22,36.58,0.8912,1,1
410,3,104.38,572.99,17.70,28.25,0.7435,1,1
411,1,0.31,420.06,43.92,49.89,0.8739,1,1
411,2,7.79,462.46,39.74,36.17,0.8921,1,1
411,3,104.41,572.86,17.76,28.41,0.7455,1,1
412,1,0.29,420.06,44.01,49.90,0.8739,1,1
412,2,7.83,462.47,39.72,36.18,0.8928,1,1
412,3,104.42,572.91,17.77,28.48,0.7400,1,1
413,1,0.29,420.15,44.04,49.87,0.8742,1,1
413,2,7.98,462.52,39.64,36.16,0.8915,1,1
413,3,104.13,573.74,17.75,28.33,0.7379,1,1
414,1,0.25,420.20,44.04,49.90,0.8744,1,1
414,2,7.76,462.69,39.71,36.23,0.8916,1,1
414,3,104.11,573.81,17.78,28.31,0.7352,1,1
415,1,0.21,420.17,44.03,50.06,0.8737,1,1
415,2,7.74,462.79,39.68,36.16,0.8928,1,1
415,3,104.31,572.97,17.90,28.41,0.7417,1,1
416,1,0.25,420.16,43.94,50.00,0.8741,1,1
416,2,7.81,462.97,39.66,36.16,0.8908,1,1
416,3,104.31,572.92,18.03,28.61,0.7401,1,1
417,1,0.31,420.43,43.99,49.93,0.8742,1,1
417,2,8.11,463.13,39.28,35.67,0.8908,1,1
417,3,104.23,572.84,18.14,28.70,0.7538,1,1
418,1,0.27,420.40,44.07,50.01,0.8741,1,1
418,2,8.18,463.10,39.28,35.64,0.8908,1,1
418,3,104.21,572.85,18.18,28.71,0.7523,1,1
419,1,0.35,420.58,43.90,49.61,0.8725,1,1
419,2,7.79,463.28,39.60,35.78,0.8920,1,1
419,3,104.29,572.82,18.13,28.64,0.7531,1,1
420,1,0.33,420.52,43.93,49.50,0.8727,1,1
420,2,7.40,463.41,39.85,35.88,0.8909,1,1
420,3,104.29,572.81,18.06,28.52,0.7548,1,1
421,1,0.23,420.61,44.58,50.47,0.8726,1,1
421,2,8.36,464.22,39.39,36.28,0.8950,1,1
421,3,104.68,572.88,17.90,28.49,0.7482,1,1
422,1,0.17,420.66,44.76,51.02,0.8738,1,1
422,2,9.25,464.94,38.35,35.91,0.8951,1,1
422,3,104.63,573.08,17.90,28.30,0.7413,1,1
423,1,0.24,420.72,44.62,51.03,0.8728,1,1
423,2,9.44,464.90,38.04,35.90,0.8953,1,1
423,3,104.15,574.02,17.85,27.89,0.7406,1,1
424,1,0.28,420.72,44.54,51.02,0.8728,1,1
424,2,9.51,464.88,37.91,35.91,0.8951,1,1
424,3,104.05,574.06,17.99,27.88,0.7403,1,1
425,1,0.36,420.75,44.54,50.93,0.8718,1,1
425,2,9.54,464.98,37.99,35.98,0.8966,1,1
425,3,104.04,574.15,18.04,27.80,0.7363,1,1
426,1,0.41,420.83,44.67,50.84,0.8709,1,1
426,2,9.81,464.81,38.05,36.10,0.8978,1,1
426,3,104.37,573.19,18.22,28.25,0.7424,1,1
427,1,0.43,421.04,44.70,50.64,0.8705,1,1
427,2,9.74,464.77,38.13,36.09,0.8988,1,1
427,3,104.12,574.24,17.94,27.89,0.7388,1,1
428,1,0.42,421.13,44.86,50.68,0.8693,1,1
428,2,9.78,464.76,38.21,36.24,0.9000,1,1
428,3,104.34,574.79,17.61,27.68,0.7747,1,1
429,1,0.48,421.27,44.90,50.47,0.8681,1,1
429,2,9.91,464.78,38.07,36.22,0.9022,1,1
429,3,104.08,574.63,17.58,27.71,0.7587,1,1
430,1,0.47,421.37,45.02,50.39,0.8685,1,1
430,2,9.93,464.76,38.03,36.26,0.9021,1,1
430,3,104.06,574.58,17.58,27.76,0.7581,1,1
431,1,0.44,421.40,45.14,50.44,0.8686,1,1
431,2,10.00,464.68,38.02,36.44,0.9042,1,1
431,3,103.92,574.38,17.78,27.92,0.7404,1,1
432,1,0.49,421.83,45.00,50.10,0.8693,1,1
432,2,10.43,464.71,37.58,36.14,0.9061,1,1
432,3,103.80,574.54,17.99,28.01,0.7566,1,1
433,1,0.09,422.16,44.41,50.19,0.8669,1,1
433,2,10.53,464.47,37.52,36.31,0.9071,1,1
433,3,103.75,574.63,18.03,28.00,0.7684,1,1
434,1,0.02,422.16,44.26,50.70,0.8723,1,1
434,2,10.63,464.44,36.97,35.81,0.9032,1,1
434,3,103.48,574.15,18.40,28.34,0.7620,1,1
435,1,0.02,422.67,43.34,50.20,0.8715,1,1
435,2,10.63,464.39,36.55,35.26,0.8990,1,1
435,3,103.61,574.32,18.35,27.96,0.7738,1,1
436,1,0.13,422.68,43.11,50.20,0.8715,1,1
436,2,10.59,464.40,36.60,35.26,0.8991,1,1
436,3,103.56,574.33,18.46,27.95,0.7742,1,1
436,99,40.38,562.49,25.21,23.90,0.7877,1,1
437,1,-0.09,422.93,43.02,50.86,0.8680,1,1
437,2,9.81,464.15,37.48,36.36,0.8949,1,1
437,3,104.20,575.04,18.05,27.29,0.7949,1,1
437,99,38.80,554.25,24.00,22.78,0.5922,1,1
438,1,0.00,423.90,41.53,49.57,0.8734,1,1
438,2,10.06,464.31,37.02,36.75,0.8858,1,1
438,3,104.51,575.52,17.67,27.16,0.8083,1,1
438,99,36.41,542.72,25.34,24.77,0.6412,1,1
439,1,-0.16,423.98,41.27,50.06,0.8548,1,1
439,2,8.66,464.48,38.31,38.28,0.8741,1,1
439,3,104.78,575.83,17.29,26.86,0.8157,1,1
439,99,33.22,536.60,23.96,24.25,0.7974,1,1
440,1,-0.02,424.35,41.25,50.51,0.8476,1,1
440,2,7.97,464.03,38.44,38.57,0.8611,1,1
440,3,104.89,576.14,16.95,26.65,0.8267,1,1
440,99,29.81,531.02,23.46,23.22,0.7884,1,1
441,1,-0.02,424.71,40.97,50.66,0.8450,1,1
441,2,8.72,463.80,37.03,37.15,0.8501,1,1
441,3,105.22,576.55,16.44,26.22,0.8283,1,1
441,99,25.57,524.73,26.24,26.89,0.7355,1,1
442,1,0.10,424.75,40.74,50.62,0.8457,1,1
442,2,8.71,463.86,37.00,37.15,0.8509,1,1
442,3,105.29,576.55,16.30,26.21,0.8281,1,1
442,99,25.65,524.35,25.75,27.14,0.7388,1,1
443,1,-0.41,424.21,40.76,51.99,0.8427,1,1
443,2,8.58,462.89,36.35,35.83,0.8567,1,1
443,3,105.42,576.63,16.16,26.19,0.8309,1,1
443,99,25.70,522.53,24.40,25.03,0.8456,1,1
444,1,-0.26,424.31,40.24,52.27,0.8373,1,1
444,2,8.13,462.60,37.45,37.20,0.8653,1,1
444,3,105.40,576.64,16.14,26.18,0.8298,1,1
444,99,25.52,519.49,23.99,24.72,0.8515,1,1
445,1,-0.13,424.17,39.91,52.48,0.8299,1,1
445,2,7.03,462.34,38.85,38.48,0.8744,1,1
445,3,105.45,576.78,16.06,26.07,0.8255,1,1
445,99,24.42,517.66,23.54,23.95,0.7947,1,1
446,1,-0.09,424.31,39.45,52.43,0.8269,1,1
446,2,6.98,461.94,38.09,37.96,0.8678,1,1
446,3,105.48,576.78,16.04,26.03,0.8239,1,1
446,99,23.55,514.34,24.05,24.52,0.6900,1,1
447,1,0.25,424.65,38.69,51.29,0.8336,1,1
447,2,6.79,460.82,37.50,37.64,0.8594,1,1
447,3,105.37,577.08,15.98,26.03,0.8235,1,1
447,99,23.25,512.24,23.86,24.39,0.5741,1,1
447,100,5.10,558.55,21.22,29.35,0.6639,1,1
448,1,0.17,424.62,38.64,51.28,0.8344,1,1
448,2,6.76,460.84,37.29,37.53,0.8589,1,1
448,3,105.39,577.08,15.93,26.03,0.8223,1,1
448,99,23.24,512.03,23.81,24.43,0.5691,1,1
448,100,5.35,558.65,20.86,29.25,0.6668,1,1
449,1,0.11,424.60,38.52,51.31,0.8281,1,1
449,2,5.87,460.14,38.58,39.53,0.8461,1,1
449,3,105.40,577.06,15.91,26.08,0.8241,1,1
449,99,23.08,511.92,23.67,23.89,0.6488,1,1
449,100,5.51,558.94,20.52,28.95,0.5976,1,1
450,1,0.34,424.97,38.05,50.41,0.8279,1,1
450,2,5.94,459.54,38.19,39.49,0.8373,1,1
450,3,105.40,577.07,15.91,26.15,0.8247,1,1
450,99,22.52,511.16,24.02,24.13,0.6485,1,1
450,100,5.48,559.08,20.57,29.18,0.5920,1,1
451,1,0.09,425.17,38.29,50.96,0.8253,1,1
451,2,6.47,459.66,37.76,39.41,0.8409,1,1
451,3,105.46,577.07,15.87,26.12,0.8247,1,1
451,99,22.41,511.05,24.05,24.06,0.6347,1,1
451,100,5.47,558.77,20.67,29.42,0.6240,1,1
452,1,0.11,425.11,38.21,51.03,0.8266,1,1
452,2,6.61,459.59,37.53,39.30,0.8405,1,1
452,3,105.47,577.09,15.86,26.11,0.8255,1,1
452,99,22.42,511.23,24.08,23.97,0.6397,1,1
452,100,5.45,558.65,20.70,29.54,0.5966,1,1
