1,1,0.11,418.31,35.41,47.35,0.8692,1,1
1,2,3.56,455.48,35.32,39.42,0.8377,1,1
1,3,102.50,575.22,18.35,27.30,0.7950,1,1
1,4,1294.79,0.00,22.64,21.27,0.4264,1,1
2,5,0.11,418.08,35.36,47.41,0.8643,1,1
2,6,3.49,452.93,35.58,41.30,0.8526,1,1
2,7,102.43,575.22,18.41,27.24,0.7935,1,1
3,8,0.18,416.24,34.05,47.02,0.8719,1,1
3,9,2.73,451.79,36.53,40.79,0.8414,1,1
3,10,102.39,575.08,18.45,27.30,0.7852,1,1
4,11,0.18,416.22,34.05,47.03,0.8721,1,1
4,12,2.72,451.80,36.55,40.80,0.8410,1,1
4,13,102.37,575.04,18.49,27.36,0.7862,1,1
5,14,0.13,416.79,33.42,45.34,0.8716,1,1
5,15,2.90,450.48,34.97,41.39,0.8387,1,1
5,16,102.48,575.04,18.39,27.21,0.7728,1,1
6,17,0.14,416.97,32.70,43.80,0.8586,1,1
6,18,1.82,447.84,35.55,44.30,0.8369,1,1
6,19,102.35,574.91,18.59,27.35,0.7731,1,1
7,20,0.13,416.30,32.06,44.04,0.8450,1,1
7,21,2.06,446.06,35.00,46.11,0.8329,1,1
7,22,102.24,574.97,18.73,27.28,0.7725,1,1
8,23,0.07,416.08,32.15,43.22,0.8444,1,1
8,24,1.67,445.43,34.98,45.89,0.8393,1,1
8,25,102.45,574.98,18.33,27.40,0.7775,1,1
9,26,1.85,444.38,34.83,46.55,0.8283,1,1
9,27,0.09,416.22,31.47,43.84,0.8279,1,1
9,28,102.49,575.10,18.24,27.21,0.7733,1,1
10,29,0.08,416.19,31.46,43.86,0.8289,1,1
10,30,1.84,444.40,34.81,46.52,0.8286,1,1
10,31,102.48,575.22,18.25,27.08,0.7757,1,1
11,32,0.04,414.94,31.10,44.40,0.8411,1,1
11,33,1.66,443.43,34.38,46.81,0.8353,1,1
11,34,102.34,575.04,18.41,27.18,0.7658,1,1
12,35,0.03,414.36,30.82,43.80,0.8334,1,1
12,36,1.25,442.56,34.25,47.48,0.8297,1,1
12,37,102.48,575.38,18.26,26.96,0.7843,1,1
13,38,1.28,442.35,35.00,47.58,0.8322,1,1
13,39,0.02,413.60,30.42,43.76,0.8311,1,1
13,40,102.46,575.41,18.16,26.88,0.7827,1,1
14,41,1.31,442.06,34.81,46.95,0.8338,1,1
14,42,0.01,413.22,30.17,43.98,0.8293,1,1
14,43,102.32,575.39,18.43,27.37,0.8023,1,1
15,44,1.34,441.24,34.97,49.07,0.8330,1,1
15,45,0.00,412.44,29.93,44.53,0.8261,1,1
15,46,102.35,575.40,18.36,27.33,0.7964,1,1
16,47,1.33,441.26,34.95,49.00,0.8328,1,1
16,48,0.00,412.44,29.92,44.52,0.8260,1,1
16,49,102.37,575.46,18.36,27.27,0.7979,1,1
17,50,1.20,440.57,35.19,48.48,0.8429,1,1
17,51,0.00,412.78,29.61,44.08,0.8248,1,1
17,52,102.33,575.37,18.32,27.36,0.7952,1,1
18,53,1.28,440.06,35.39,49.25,0.8440,1,1
18,54,0.00,413.01,29.86,44.40,0.8225,1,1
18,55,102.43,575.40,18.38,27.48,0.8000,1,1
19,56,1.35,440.16,35.48,48.84,0.8385,1,1
19,57,0.03,413.23,30.23,44.09,0.8231,1,1
19,58,102.39,575.34,18.39,27.40,0.7918,1,1
20,59,1.31,439.97,36.08,47.74,0.8334,1,1
20,60,0.01,412.99,30.23,44.46,0.8303,1,1
20,61,102.34,574.99,18.39,27.69,0.7823,1,1
21,62,0.00,412.59,31.04,44.46,0.8415,1,1
21,63,1.65,440.03,35.90,47.64,0.8299,1,1
21,64,102.28,574.86,18.45,27.85,0.7812,1,1
22,65,0.00,412.53,31.04,44.50,0.8419,1,1
22,66,1.65,440.02,35.90,47.63,0.8298,1,1
22,67,102.28,574.83,18.46,27.86,0.7802,1,1
23,68,0.00,411.05,31.74,46.24,0.8500,1,1
23,69,1.31,441.14,35.69,45.88,0.8327,1,1
23,70,102.23,574.70,18.50,28.01,0.7809,1,1
24,71,0.00,410.78,31.58,46.74,0.8578,1,1
24,72,1.85,441.22,35.38,46.57,0.8341,1,1
24,73,102.40,574.88,18.33,27.89,0.7812,1,1
25,74,0.00,410.75,31.58,46.71,0.8561,1,1
25,75,2.36,441.76,34.99,45.52,0.8341,1,1
25,76,102.45,574.88,18.26,27.85,0.7769,1,1
26,77,0.00,410.72,31.81,47.10,0.8520,1,1
26,78,2.61,442.42,34.88,45.36,0.8343,1,1
26,79,102.29,574.39,18.40,28.45,0.7860,1,1
27,80,0.00,411.51,33.47,47.19,0.8449,1,1
27,81,2.49,443.87,35.43,44.17,0.8318,1,1
27,82,102.27,574.42,18.53,28.35,0.7827,1,1
28,83,0.00,411.58,33.50,47.08,0.8460,1,1
28,84,2.50,443.86,35.40,44.13,0.8317,1,1
28,85,102.26,574.49,18.51,28.32,0.7839,1,1
29,86,0.04,411.24,34.86,48.90,0.8556,1,1
29,87,4.56,446.64,34.23,42.03,0.8415,1,1
29,88,102.33,574.58,18.46,28.35,0.7985,1,1
30,89,0.09,411.49,35.77,49.08,0.8627,1,1
30,90,4.75,448.13,34.20,42.34,0.8541,1,1
30,91,102.44,574.71,18.38,28.13,0.7968,1,1
31,92,0.11,411.67,36.03,48.17,0.8774,1,1
31,93,3.99,450.02,34.94,41.51,0.8568,1,1
31,94,102.49,574.53,18.35,28.19,0.7873,1,1
32,95,0.15,412.09,36.22,49.07,0.8786,1,1
32,96,3.68,451.28,35.37,41.59,0.8629,1,1
32,97,102.40,574.56,18.45,28.04,0.7850,1,1
33,98,0.16,412.15,36.30,49.43,0.8668,1,1
33,99,3.15,451.69,36.19,40.71,0.8521,1,1
33,100,102.34,574.66,18.49,28.07,0.7908,1,1
34,101,0.16,412.11,36.31,49.46,0.8667,1,1
34,102,3.16,451.69,36.18,40.72,0.8526,1,1
34,103,102.34,574.68,18.51,28.07,0.7926,1,1
35,104,3.34,451.34,36.58,40.27,0.8726,1,1
35,105,0.16,412.34,36.87,49.31,0.8675,1,1
35,106,102.30,574.43,18.65,28.18,0.7838,1,1
36,107,3.05,451.22,37.34,40.02,0.8691,1,1
36,108,0.19,412.44,37.08,49.25,0.8604,1,1
36,109,102.31,574.34,18.66,28.35,0.7847,1,1
37,110,3.53,451.44,37.30,38.87,0.8635,1,1
37,111,0.14,412.42,37.56,49.31,0.8529,1,1
37,112,102.25,574.24,18.72,28.46,0.7814,1,1
38,113,4.32,451.45,36.78,38.62,0.8672,1,1
38,114,0.05,412.32,37.77,49.86,0.8540,1,1
38,115,102.37,574.11,18.54,28.60,0.7711,1,1
39,116,3.77,452.52,37.51,37.94,0.8665,1,1
39,117,0.01,412.32,38.25,49.82,0.8562,1,1
39,118,102.47,574.24,18.47,28.45,0.7679,1,1
40,119,3.77,452.51,37.51,37.95,0.8669,1,1
40,120,0.02,412.30,38.28,49.86,0.8565,1,1
40,121,102.46,574.25,18.47,28.47,0.7690,1,1
41,122,3.95,452.61,37.29,37.47,0.8655,1,1
41,123,0.01,412.07,38.58,50.22,0.8581,1,1
41,124,102.37,574.35,18.52,28.47,0.7703,1,1
42,125,3.97,453.01,37.28,37.05,0.8676,1,1
42,126,0.01,412.03,38.71,50.52,0.8592,1,1
42,127,102.33,574.20,18.62,28.55,0.7677,1,1
43,128,4.18,453.18,37.29,36.59,0.8739,1,1
43,129,0.03,412.73,39.14,50.07,0.8620,1,1
43,130,102.29,574.43,18.62,28.51,0.7760,1,1
44,131,4.31,453.41,37.44,36.77,0.8748,1,1
44,132,0.04,412.67,39.43,49.98,0.8602,1,1
44,133,102.30,574.41,18.70,28.54,0.7839,1,1
45,134,4.31,454.20,37.64,36.36,0.8842,1,1
45,135,0.06,413.16,39.80,49.46,0.8619,1,1
45,136,102.27,574.52,18.81,28.43,0.7837,1,1
46,137,4.32,454.19,37.65,36.39,0.8845,1,1
46,138,0.06,413.17,39.82,49.43,0.8616,1,1
46,139,102.30,574.57,18.77,28.33,0.7817,1,1
47,140,4.53,454.17,38.68,36.74,0.8920,1,1
47,141,0.06,413.23,40.11,49.92,0.8665,1,1
47,142,102.19,574.25,18.84,28.41,0.7719,1,1
48,143,4.81,454.41,39.61,38.36,0.8933,1,1
48,144,0.07,413.00,40.12,50.77,0.8601,1,1
48,145,102.25,573.87,18.66,28.61,0.7550,1,1
49,146,6.07,450.84,40.12,41.68,0.8947,1,1
49,147,0.06,413.76,40.22,50.92,0.8592,1,1
49,148,102.25,574.26,18.56,28.27,0.7585,1,1
50,149,6.82,449.19,39.86,43.84,0.8965,1,1
50,150,0.08,414.32,40.10,58.63,0.8419,1,1
50,151,102.29,574.41,18.56,28.28,0.7648,1,1
51,152,9.62,448.22,37.89,43.96,0.8882,1,1
51,153,0.07,414.68,39.29,60.22,0.8300,1,1
51,154,102.14,574.31,18.72,28.35,0.7617,1,1
52,155,9.68,448.22,37.84,43.95,0.8885,1,1
52,156,0.07,414.70,39.28,60.19,0.8297,1,1
52,157,102.14,574.31,18.73,28.34,0.7595,1,1
53,158,10.55,446.99,37.79,45.35,0.8956,1,1
53,159,0.01,414.65,39.52,65.98,0.8076,1,1
53,160,102.18,574.53,18.70,28.09,0.7640,1,1
54,161,12.07,446.20,36.21,45.22,0.8838,1,1
54,162,0.03,413.85,39.99,70.35,0.8048,1,1
54,163,102.21,574.42,18.64,28.22,0.7616,1,1
55,164,13.06,446.40,36.60,44.16,0.8785,1,1
55,165,0.02,414.13,39.84,70.23,0.8054,1,1
55,166,102.27,574.42,18.53,28.19,0.7573,1,1
56,167,13.19,446.00,37.29,44.42,0.8828,1,1
56,168,0.01,414.11,40.21,70.92,0.8061,1,1
56,169,102.16,574.20,18.64,28.39,0.7560,1,1
57,170,13.49,446.44,37.09,43.89,0.8780,1,1
57,171,0.02,414.17,39.39,70.33,0.8022,1,1
57,172,102.21,574.26,18.73,28.27,0.7498,1,1
58,173,13.52,446.46,37.05,43.88,0.8777,1,1
58,174,0.02,414.16,39.40,70.46,0.8021,1,1
58,175,102.21,574.28,18.72,28.28,0.7518,1,1
59,176,15.11,446.60,35.51,43.79,0.8693,1,1
59,177,0.02,414.01,39.63,71.02,0.8027,1,1
59,178,102.26,574.31,18.65,28.20,0.7523,1,1
60,179,15.18,446.56,35.57,43.37,0.8635,1,1
60,180,0.02,414.08,39.57,70.11,0.8065,1,1
60,181,102.39,574.27,18.54,28.40,0.7543,1,1
61,182,17.94,446.79,33.20,41.58,0.8413,1,1
61,183,0.03,413.47,39.60,70.64,0.8141,1,1
61,184,102.49,574.47,18.25,28.18,0.7576,1,1
62,185,16.59,446.74,34.67,42.88,0.8411,1,1
62,186,0.04,412.42,39.23,72.36,0.8099,1,1
62,187,102.51,574.49,18.41,28.59,0.7854,1,1
63,188,16.82,446.83,34.42,42.64,0.8390,1,1
63,189,0.04,412.45,39.37,72.44,0.8098,1,1
63,190,102.41,574.51,18.56,28.69,0.7911,1,1
64,191,16.86,446.86,34.35,42.55,0.8381,1,1
64,192,0.04,412.52,39.39,72.38,0.8099,1,1
64,193,102.41,574.48,18.58,28.72,0.7905,1,1
65,194,16.68,446.66,34.58,42.65,0.8414,1,1
65,195,0.05,412.62,39.61,72.59,0.8063,1,1
65,196,102.34,574.43,18.68,28.78,0.7929,1,1
66,197,16.69,446.59,34.51,42.03,0.8357,1,1
66,198,0.05,413.11,39.76,71.90,0.8073,1,1
66,199,102.37,574.47,18.63,28.65,0.7918,1,1
67,200,16.80,446.66,34.33,41.87,0.8318,1,1
67,201,0.05,413.04,39.67,71.99,0.8064,1,1
67,202,102.33,574.39,18.70,28.74,0.7907,1,1
68,203,17.94,446.09,33.11,40.77,0.8141,1,1
68,204,0.05,413.02,39.68,72.39,0.8119,1,1
68,205,102.39,574.58,18.52,28.55,0.7930,1,1
69,206,0.05,412.76,39.70,72.30,0.8149,1,1
69,207,18.24,445.92,32.89,40.51,0.8016,1,1
69,208,102.39,574.60,18.53,28.53,0.7929,1,1
69,209,1235.84,46.15,17.86,25.77,0.3163,1,1
70,210,0.05,412.75,39.70,72.31,0.8150,1,1
70,211,18.24,445.93,32.88,40.49,0.8010,1,1
70,212,102.41,574.66,18.50,28.46,0.7935,1,1
70,213,1235.84,46.17,17.86,25.70,0.3066,1,1
71,214,0.06,412.59,39.57,72.32,0.8168,1,1
71,215,18.64,445.67,32.40,40.64,0.8022,1,1
71,216,102.42,574.63,18.49,28.48,0.7934,1,1
71,217,1235.85,44.38,17.83,26.33,0.4023,1,1
72,218,0.06,411.86,39.37,72.83,0.8209,1,1
72,219,18.09,445.16,32.91,41.31,0.8164,1,1
72,220,102.41,574.71,18.50,28.45,0.7964,1,1
72,221,1235.89,45.95,17.99,25.40,0.2850,1,1
73,222,0.05,411.74,39.10,72.91,0.8220,1,1
73,223,18.48,444.91,32.68,41.09,0.8116,1,1
73,224,102.38,574.74,18.51,28.43,0.7964,1,1
73,225,1322.51,59.60,18.73,24.98,0.3231,1,1
74,226,0.04,411.42,38.89,73.25,0.8237,1,1
74,227,19.67,443.72,31.00,41.91,0.8059,1,1
74,228,102.39,574.75,18.46,28.35,0.7954,1,1
74,229,1318.67,59.28,17.29,23.99,0.7384,1,1
75,230,0.04,411.55,38.72,73.20,0.8250,1,1
75,231,19.35,443.23,31.30,42.26,0.8088,1,1
75,232,102.36,574.86,18.49,28.29,0.7989,1,1
76,233,0.04,411.55,38.72,73.22,0.8252,1,1
76,234,19.38,443.23,31.23,42.25,0.8083,1,1
76,235,102.36,574.84,18.50,28.30,0.7985,1,1
77,236,0.03,411.68,38.51,73.63,0.8232,1,1
77,237,17.46,443.56,33.31,42.25,0.8101,1,1
77,238,102.29,574.84,18.55,28.30,0.7978,1,1
77,239,1243.67,46.55,16.37,17.41,0.3808,1,1
78,240,0.04,411.59,38.31,73.75,0.8241,1,1
78,241,17.84,442.86,32.79,43.19,0.8123,1,1
78,242,102.30,574.78,18.57,28.44,0.7991,1,1
79,243,0.04,411.64,38.10,74.06,0.8231,1,1
79,244,17.97,442.92,32.55,43.07,0.8106,1,1
79,245,102.32,575.02,18.46,28.39,0.8073,1,1
80,246,0.04,411.54,38.00,74.54,0.8216,1,1
80,247,17.95,442.84,32.44,43.17,0.8059,1,1
80,248,102.33,574.91,18.46,28.37,0.8034,1,1
81,249,0.03,411.59,37.98,74.01,0.8223,1,1
81,250,17.30,443.58,33.33,42.39,0.8111,1,1
81,251,102.31,574.81,18.48,28.41,0.7998,1,1
82,252,0.03,411.63,37.98,74.01,0.8216,1,1
82,253,17.32,442.96,33.09,43.32,0.8107,1,1
82,254,102.30,574.78,18.51,28.44,0.7994,1,1
83,255,0.03,411.55,37.86,73.99,0.8221,1,1
83,256,17.87,443.23,32.27,42.51,0.8123,1,1
83,257,102.32,574.83,18.49,28.42,0.8016,1,1
84,258,14.80,441.89,34.97,44.30,0.8398,1,1
84,259,0.01,411.61,36.91,75.38,0.8144,1,1
84,260,102.34,574.91,18.41,28.40,0.8044,1,1
84,261,1226.32,59.71,13.27,24.05,0.3496,1,1
85,262,10.94,439.66,37.04,48.96,0.8943,1,1
85,263,0.00,413.12,35.65,69.57,0.8185,1,1
85,264,102.30,575.02,18.43,28.36,0.8075,1,1
85,265,1223.07,64.28,13.69,23.88,0.6658,1,1
85,266,1296.70,70.23,16.53,26.30,0.3897,1,1
86,267,10.06,439.84,37.57,48.29,0.8995,1,1
86,268,0.08,412.89,36.30,58.33,0.8344,1,1
86,269,102.26,574.97,18.40,28.39,0.8071,1,1
86,270,1222.34,68.11,14.26,24.26,0.7480,1,1
86,271,1297.48,72.11,17.07,28.37,0.3609,1,1
87,272,8.92,439.96,37.20,46.98,0.8955,1,1
87,273,0.12,412.95,36.39,53.57,0.8463,1,1
87,274,102.18,574.89,18.59,28.53,0.8120,1,1
87,275,1224.16,69.17,15.64,25.61,0.7871,1,1
87,276,0.89,416.33,40.25,59.54,0.5212,1,1
87,277,1299.71,77.78,18.24,26.56,0.3835,1,1
88,278,8.92,439.98,37.20,46.98,0.8957,1,1
88,279,0.12,412.91,36.37,53.60,0.8469,1,1
88,280,102.22,574.89,18.57,28.48,0.8110,1,1
88,281,1224.18,69.17,15.63,25.60,0.7875,1,1
88,282,0.89,416.27,40.23,59.54,0.5234,1,1
88,283,1299.73,77.81,18.25,26.56,0.3794,1,1
89,284,7.93,441.65,35.37,44.97,0.8863,1,1
89,285,0.17,412.45,36.71,48.83,0.8399,1,1
89,286,102.26,575.14,18.56,28.50,0.8154,1,1
89,287,1224.29,70.98,16.10,25.19,0.6697,1,1
89,288,1300.94,79.53,19.95,26.10,0.5048,1,1
90,289,5.55,444.27,36.12,42.81,0.8775,1,1
90,290,102.40,575.23,18.43,28.13,0.8133,1,1
90,291,0.24,412.05,38.46,44.68,0.8096,1,1
90,292,1224.51,73.30,16.36,24.48,0.7596,1,1
90,293,1259.30,0.00,24.40,13.73,0.3232,1,1
91,294,2.96,446.47,38.70,42.29,0.8869,1,1
91,295,0.17,411.25,39.43,39.84,0.8349,1,1
91,296,102.44,575.29,18.34,28.03,0.8117,1,1
91,297,1225.76,76.39,15.99,24.76,0.7888,1,1
92,298,2.20,447.65,38.74,40.89,0.8858,1,1
92,299,0.20,411.12,39.43,38.18,0.8498,1,1
92,300,102.54,575.25,18.34,27.94,0.8086,1,1
92,301,1224.81,79.12,16.23,25.07,0.8007,1,1
93,302,1.89,448.52,38.00,40.56,0.8746,1,1
93,303,0.20,410.98,39.64,38.46,0.8583,1,1
93,304,1222.35,80.89,17.30,25.45,0.8235,1,1
93,305,102.58,575.05,18.32,28.14,0.8009,1,1
94,306,1.88,448.52,38.00,40.59,0.8745,1,1
94,307,0.20,410.99,39.64,38.46,0.8584,1,1
94,308,1222.34,80.89,17.31,25.46,0.8235,1,1
94,309,102.58,575.05,18.32,28.14,0.8009,1,1
95,310,2.19,448.87,38.43,41.11,0.8819,1,1
95,311,0.24,411.20,39.93,38.44,0.8553,1,1
95,312,1220.43,81.30,17.16,26.83,0.8085,1,1
95,313,102.57,575.17,18.35,28.08,0.8079,1,1
95,314,1255.90,0.00,24.35,18.63,0.4592,1,1
95,315,1311.65,85.11,21.82,26.87,0.2730,1,1
96,316,2.07,449.09,38.80,41.30,0.8828,1,1
96,317,0.23,411.49,40.04,38.05,0.8526,1,1
96,318,102.65,575.48,18.31,28.00,0.8221,1,1
96,319,1217.74,83.50,18.34,26.66,0.7128,1,1
96,320,1256.64,0.00,24.19,19.30,0.3925,1,1
97,321,2.21,449.14,38.76,41.30,0.8846,1,1
97,322,0.24,411.50,40.09,37.88,0.8520,1,1
97,323,102.67,575.58,18.23,27.92,0.8228,1,1
97,324,1215.66,86.38,20.37,25.60,0.6368,1,1
97,325,1256.26,0.00,24.99,20.25,0.4834,1,1
97,326,1211.92,86.02,19.99,25.16,0.4218,1,1
97,327,1312.10,89.14,21.57,32.73,0.3831,1,1
98,328,2.24,449.17,38.72,41.37,0.8830,1,1
98,329,0.21,411.43,40.16,37.77,0.8520,1,1
98,330,102.67,575.65,18.26,28.06,0.8278,1,1
98,331,1216.16,91.12,19.88,24.98,0.6164,1,1
98,332,1211.90,90.05,19.04,25.17,0.5272,1,1
98,333,1311.93,93.54,20.76,34.36,0.3241,1,1
98,334,1255.70,0.00,25.84,20.41,0.2966,1,1
99,335,2.20,449.13,38.74,41.37,0.8832,1,1
99,336,0.22,411.43,40.10,37.73,0.8521,1,1
99,337,102.61,575.59,18.30,28.10,0.8259,1,1
99,338,1211.84,92.27,18.61,26.26,0.6202,1,1
99,339,1214.51,93.75,21.51,25.09,0.2658,1,1
100,340,2.18,449.11,38.72,41.39,0.8826,1,1
100,341,0.22,411.42,40.06,37.76,0.8523,1,1
100,342,102.62,575.59,18.30,28.12,0.8263,1,1
100,343,1211.84,92.24,18.61,26.28,0.6264,1,1
100,344,1214.48,93.69,21.54,25.15,0.2619,1,1
101,345,2.16,449.17,38.62,41.07,0.8805,1,1
101,346,0.21,411.39,40.02,37.77,0.8519,1,1
101,347,102.63,575.62,18.27,28.12,0.8264,1,1
101,348,1211.64,93.34,17.73,23.01,0.3015,1,1
101,349,1254.10,0.00,27.38,21.42,0.2699,1,1
102,350,1.97,449.51,38.74,41.15,0.8820,1,1
102,351,0.21,411.33,40.10,37.86,0.8521,1,1
102,352,102.67,575.59,18.19,28.11,0.8256,1,1
102,353,1252.76,1.38,26.61,22.74,0.4338,1,1
103,354,2.04,449.52,38.66,41.56,0.8836,1,1
103,355,0.21,411.31,40.08,37.97,0.8523,1,1
103,356,102.64,575.43,18.18,28.19,0.8275,1,1
103,357,1252.06,1.24,25.46,23.17,0.4464,1,1
103,358,1303.23,106.69,19.39,23.97,0.4394,1,1
104,359,2.05,449.53,38.68,41.50,0.8832,1,1
104,360,0.21,411.31,40.09,37.97,0.8528,1,1
104,361,102.63,575.38,18.17,28.16,0.8234,1,1
104,362,1250.76,0.97,25.93,23.44,0.5473,1,1
105,363,2.04,449.42,38.70,41.66,0.8844,1,1
105,364,0.19,411.35,40.13,37.87,0.8527,1,1
105,365,102.65,575.26,18.12,28.18,0.8199,1,1
105,366,1247.77,0.00,25.40,22.77,0.5905,1,1
106,367,2.03,449.42,38.71,41.63,0.8844,1,1
106,368,0.19,411.35,40.14,37.88,0.8527,1,1
106,369,102.65,575.26,18.12,28.17,0.8202,1,1
106,370,1247.74,0.00,25.41,22.76,0.5938,1,1
107,371,1.93,449.27,38.78,41.68,0.8830,1,1
107,372,0.19,411.36,39.92,37.81,0.8513,1,1
107,373,102.65,575.22,18.10,28.17,0.8191,1,1
107,374,1246.28,0.84,25.76,26.38,0.6786,1,1
107,375,1287.87,111.76,20.20,27.62,0.4392,1,1
108,376,1.91,449.43,38.63,41.25,0.8819,1,1
108,377,0.21,411.32,39.79,37.89,0.8536,1,1
108,378,102.87,574.94,18.08,28.26,0.8110,1,1
108,379,1242.94,0.99,27.13,28.03,0.6649,1,1
108,380,1283.41,113.83,16.32,24.51,0.4427,1,1
109,381,1.69,449.50,38.58,41.38,0.8752,1,1
109,382,0.19,411.33,39.79,37.80,0.8553,1,1
109,383,102.86,574.90,18.10,28.28,0.8081,1,1
109,384,1240.00,2.11,26.82,26.69,0.7342,1,1
110,385,1.68,449.51,38.63,41.44,0.8761,1,1
110,386,0.19,411.34,39.83,37.70,0.8550,1,1
110,387,102.77,574.80,18.26,28.39,0.8064,1,1
110,388,1237.98,4.95,27.49,25.54,0.3028,1,1
111,389,1.74,449.26,38.59,41.46,0.8759,1,1
111,390,0.18,411.38,39.77,37.51,0.8540,1,1
111,391,102.83,575.18,18.29,28.17,0.8093,1,1
111,392,1234.59,4.37,26.56,29.11,0.3566,1,1
111,393,1244.33,0.00,29.58,19.86,0.2855,1,1
112,394,1.74,449.26,38.59,41.47,0.8756,1,1
112,395,0.18,411.39,39.77,37.50,0.8540,1,1
112,396,102.83,575.18,18.28,28.14,0.8085,1,1
112,397,1234.58,4.37,26.55,29.12,0.3582,1,1
112,398,1244.33,0.00,29.56,19.87,0.2872,1,1
113,399,1.76,449.12,38.39,41.30,0.8742,1,1
113,400,0.18,411.35,39.83,37.57,0.8531,1,1
113,401,102.83,575.28,18.25,28.13,0.8099,1,1
113,402,1231.90,4.31,25.74,29.66,0.5476,1,1
114,403,1.73,448.82,38.38,41.54,0.8721,1,1
114,404,0.18,411.42,39.76,37.38,0.8523,1,1
114,405,1228.94,6.48,25.79,30.38,0.8271,1,1
114,406,102.81,575.24,18.27,28.22,0.8122,1,1
114,407,1264.99,123.54,14.55,26.35,0.6488,1,1
114,408,1233.59,0.00,32.31,22.25,0.4086,1,1
115,409,1.61,448.03,38.91,42.13,0.8709,1,1
115,410,0.12,411.21,39.30,37.11,0.8516,1,1
115,411,1226.27,8.50,26.87,31.37,0.8433,1,1
115,412,102.87,575.26,18.08,28.03,0.8064,1,1
115,413,1264.06,126.50,14.18,25.60,0.7375,1,1
115,414,1259.93,127.56,19.68,27.39,0.4791,1,1
115,415,1263.47,126.76,20.53,25.98,0.4439,1,1
115,416,1229.76,0.00,31.21,22.70,0.2513,1,1
116,417,1.74,447.53,39.77,42.49,0.8813,1,1
116,418,0.00,411.01,39.44,36.91,0.8434,1,1
116,419,1223.75,7.89,25.52,31.99,0.8227,1,1
116,420,102.90,575.27,18.04,27.92,0.8010,1,1
116,421,1264.32,129.36,14.65,24.10,0.6662,1,1
116,422,1227.57,0.00,31.34,21.24,0.6234,1,1
116,423,1264.01,128.71,20.01,25.61,0.4634,1,1
116,424,1259.94,129.34,20.24,25.58,0.2618,1,1
117,425,2.02,445.47,38.92,43.65,0.8704,1,1
117,426,1221.10,8.97,26.76,31.45,0.8504,1,1
117,427,0.00,411.55,38.56,37.51,0.8341,1,1
117,428,102.91,575.33,18.02,27.88,0.8029,1,1
117,429,1222.39,0.00,34.19,21.77,0.6686,1,1
117,430,1266.02,130.27,16.16,26.30,0.6005,1,1
118,431,2.02,445.47,38.91,43.65,0.8701,1,1
118,432,1221.09,8.96,26.76,31.44,0.8506,1,1
118,433,0.00,411.55,38.55,37.52,0.8341,1,1
118,434,102.91,575.34,18.01,27.88,0.8032,1,1
118,435,1222.38,0.00,34.20,21.78,0.6686,1,1
118,436,1266.01,130.27,16.15,26.28,0.5985,1,1
119,437,3.26,443.71,37.87,43.82,0.8679,1,1
119,438,1219.54,9.17,25.44,31.92,0.8302,1,1
119,439,102.88,575.24,18.07,27.98,0.8032,1,1
119,440,0.03,412.46,37.88,40.87,0.8022,1,1
119,441,1217.70,0.00,36.33,20.73,0.6586,1,1
119,442,1266.58,131.55,18.62,28.95,0.2963,1,1
120,443,4.75,441.47,36.41,44.23,0.8584,1,1
120,444,0.01,412.45,35.54,45.15,0.8418,1,1
120,445,1218.09,12.19,26.80,31.58,0.8326,1,1
120,446,102.86,575.31,18.09,27.96,0.8061,1,1
120,447,1214.18,0.00,37.83,20.36,0.7037,1,1
120,448,1271.42,132.81,18.95,29.16,0.3070,1,1
121,449,0.07,413.16,34.99,48.26,0.8586,1,1
121,450,1217.65,15.36,26.97,32.90,0.8473,1,1
121,451,6.17,439.76,34.22,44.69,0.8369,1,1
121,452,102.38,575.09,18.31,27.65,0.7824,1,1
121,453,1214.62,0.00,36.23,23.07,0.6968,1,1
121,454,1275.69,135.37,18.87,28.05,0.2770,1,1
122,455,0.03,413.23,34.40,51.07,0.8602,1,1
122,456,7.69,437.93,36.07,48.40,0.8551,1,1
122,457,1216.97,17.29,26.49,34.60,0.8272,1,1
122,458,102.35,574.57,18.38,27.69,0.7406,1,1
122,459,1213.73,0.00,35.37,24.67,0.6228,1,1
122,460,1277.72,136.68,19.79,27.18,0.2660,1,1
123,461,0.00,413.19,34.06,52.10,0.8579,1,1
123,462,1216.26,17.56,27.18,35.91,0.8333,1,1
123,463,9.55,436.02,35.00,50.10,0.8204,1,1
123,464,102.42,574.71,18.31,27.59,0.7451,1,1
123,465,1212.95,0.00,34.52,24.93,0.5605,1,1
123,466,1279.85,137.17,19.37,26.04,0.2602,1,1
124,467,0.00,413.18,34.06,52.10,0.8580,1,1
124,468,1216.26,17.57,27.17,35.91,0.8338,1,1
124,469,9.55,436.03,35.01,50.09,0.8208,1,1
124,470,102.42,574.70,18.30,27.60,0.7447,1,1
124,471,1212.95,0.00,34.52,24.94,0.5600,1,1
124,472,1279.85,137.21,19.34,26.03,0.2631,1,1
125,473,1215.07,20.90,27.63,34.03,0.8819,1,1
125,474,0.00,413.18,34.09,54.02,0.8335,1,1
125,475,10.66,434.48,33.56,50.15,0.8258,1,1
125,476,102.48,574.73,18.29,27.52,0.7428,1,1
125,477,1209.97,1.64,36.53,27.07,0.5459,1,1
125,478,1212.43,14.13,32.52,22.90,0.3231,1,1
126,479,1208.43,2.26,36.81,31.08,0.8550,1,1
126,480,1213.68,26.19,27.89,33.66,0.8437,1,1
126,481,0.00,412.57,32.82,54.68,0.8336,1,1
126,482,11.10,434.10,33.86,49.30,0.8164,1,1
126,483,102.81,573.26,17.91,28.10,0.7479,1,1
127,484,1213.38,28.97,27.36,33.79,0.8822,1,1
127,485,1207.84,6.99,36.64,29.58,0.8540,1,1
127,486,0.00,411.60,32.44,56.81,0.8333,1,1
127,487,11.32,434.55,34.72,47.61,0.8276,1,1
127,488,102.78,573.04,17.88,28.19,0.7591,1,1
128,489,1212.94,30.45,27.93,34.43,0.8777,1,1
128,490,1207.49,8.96,36.91,30.93,0.8425,1,1
128,491,0.00,411.00,32.74,57.25,0.8409,1,1
128,492,11.45,434.68,34.92,46.84,0.8331,1,1
128,493,102.57,572.89,18.04,28.29,0.7660,1,1
129,494,1212.87,31.44,28.06,33.48,0.8751,1,1
129,495,0.00,410.34,32.47,57.19,0.8445,1,1
129,496,11.89,434.19,34.52,45.74,0.8428,1,1
129,497,1208.69,11.29,34.97,29.68,0.8331,1,1
129,498,102.39,572.87,18.24,28.42,0.7621,1,1
130,499,1212.88,31.43,28.05,33.47,0.8752,1,1
130,500,0.00,410.33,32.48,57.21,0.8442,1,1
130,501,11.89,434.18,34.52,45.75,0.8426,1,1
130,502,1208.68,11.29,34.95,29.64,0.8332,1,1
130,503,102.36,572.86,18.24,28.40,0.7627,1,1
131,504,1212.57,32.56,28.56,36.79,0.8776,1,1
131,505,12.03,433.11,34.00,46.12,0.8538,1,1
131,506,0.00,410.61,32.61,58.53,0.8346,1,1
131,507,1207.97,12.81,36.37,29.85,0.8296,1,1
131,508,102.30,572.87,18.28,28.54,0.7553,1,1
132,509,1212.49,33.14,28.20,34.29,0.8697,1,1
132,510,11.67,432.11,33.83,46.96,0.8528,1,1
132,511,0.00,410.34,32.92,59.34,0.8302,1,1
132,512,1207.45,13.93,36.45,30.16,0.8243,1,1
132,513,102.08,574.47,18.47,27.98,0.7595,1,1
133,514,11.29,432.06,33.49,47.32,0.8529,1,1
133,515,1211.92,34.87,28.53,36.05,0.8390,1,1
133,516,1207.35,14.43,37.12,31.76,0.8305,1,1
133,517,0.00,410.97,33.34,58.81,0.8283,1,1
133,518,102.06,574.40,18.41,28.01,0.7537,1,1
134,519,11.05,431.95,33.18,47.93,0.8533,1,1
134,520,0.00,411.52,33.21,57.05,0.8394,1,1
134,521,1206.54,15.62,37.46,32.61,0.8231,1,1
134,522,1211.18,36.17,27.77,35.87,0.7706,1,1
134,523,102.01,574.44,18.42,27.99,0.7540,1,1
135,524,10.16,431.69,33.07,48.70,0.8554,1,1
135,525,0.02,411.81,34.18,56.61,0.8409,1,1
135,526,1204.76,15.72,38.36,35.04,0.8316,1,1
135,527,1209.15,37.77,28.77,35.24,0.7925,1,1
135,528,102.04,574.27,18.42,28.11,0.7497,1,1
136,529,10.16,431.69,33.08,48.71,0.8553,1,1
136,530,0.02,411.81,34.16,56.61,0.8406,1,1
136,531,1204.75,15.73,38.38,35.02,0.8313,1,1
136,532,1209.15,37.77,28.79,35.25,0.7928,1,1
136,533,102.04,574.30,18.39,28.07,0.7483,1,1
137,534,7.86,432.68,34.77,47.28,0.8569,1,1
137,535,1202.73,18.80,40.30,34.75,0.8396,1,1
137,536,0.04,410.84,34.94,56.57,0.8310,1,1
137,537,1208.00,39.82,28.67,35.71,0.8005,1,1
137,538,102.08,574.21,18.33,28.16,0.7469,1,1
138,539,5.33,436.38,37.09,45.23,0.8627,1,1
138,540,0.00,409.12,36.79,53.96,0.8353,1,1
138,541,1201.60,20.20,41.11,35.73,0.8085,1,1
138,542,1206.35,41.43,29.53,36.12,0.7831,1,1
138,543,102.33,572.86,18.14,28.38,0.7543,1,1
138,544,1282.19,171.79,21.95,24.28,0.3708,1,1
139,545,3.74,440.00,38.02,43.76,0.8562,1,1
139,546,1200.30,23.07,40.05,33.98,0.8455,1,1
139,547,0.00,408.01,37.89,52.42,0.8231,1,1
139,548,1204.89,45.70,29.85,34.40,0.8218,1,1
139,549,102.44,572.87,17.93,28.33,0.7521,1,1
139,550,1276.12,175.47,21.58,28.36,0.4439,1,1
140,551,3.89,443.96,38.84,40.97,0.8563,1,1
140,552,1202.57,48.57,29.10,33.21,0.8523,1,1
140,553,1196.77,25.58,42.33,35.75,0.8452,1,1
140,554,0.00,407.18,38.30,51.58,0.8293,1,1
140,555,102.50,572.85,17.84,28.41,0.7529,1,1
141,556,1194.27,27.86,42.36,37.59,0.8660,1,1
141,557,3.86,446.18,38.11,39.32,0.8617,1,1
141,558,0.00,406.84,38.32,51.40,0.8315,1,1
141,559,1199.96,50.82,29.80,34.15,0.8293,1,1
141,560,102.59,572.76,17.77,28.43,0.7561,1,1
141,561,1259.92,185.62,20.85,27.22,0.3128,1,1
142,562,1194.25,27.84,42.40,37.63,0.8658,1,1
142,563,3.86,446.15,38.12,39.37,0.8615,1,1
142,564,0.00,406.96,38.31,51.30,0.8313,1,1
142,565,1199.95,50.84,29.80,34.13,0.8290,1,1
142,566,102.59,572.77,17.75,28.48,0.7538,1,1
142,567,1259.92,185.61,20.83,27.22,0.3155,1,1
143,568,1191.78,30.32,42.99,40.00,0.8805,1,1
143,569,3.87,446.67,38.19,39.25,0.8713,1,1
143,570,0.05,407.51,38.68,50.60,0.8297,1,1
143,571,1196.91,54.71,29.56,34.78,0.8292,1,1
143,572,102.57,572.72,17.77,28.56,0.7539,1,1
144,573,1189.28,32.35,42.16,39.78,0.8778,1,1
144,574,3.98,447.75,38.29,38.22,0.8659,1,1
144,575,1194.30,58.50,28.49,36.29,0.8472,1,1
144,576,0.06,407.38,38.73,49.26,0.8267,1,1
144,577,102.56,572.70,17.75,28.46,0.7555,1,1
145,578,3.91,448.00,38.39,37.98,0.8691,1,1
145,579,1189.64,62.06,29.31,35.05,0.8603,1,1
145,580,1185.24,35.22,41.69,38.18,0.8590,1,1
145,581,0.09,408.15,39.01,48.24,0.8266,1,1
145,582,102.55,572.59,17.86,28.46,0.7643,1,1
146,583,1182.06,36.58,42.24,39.50,0.8726,1,1
146,584,3.56,448.32,38.13,38.30,0.8593,1,1
146,585,0.16,409.07,39.43,47.49,0.8281,1,1
146,586,1185.63,62.99,29.40,34.46,0.7885,1,1
146,587,102.62,572.44,17.88,28.70,0.7637,1,1
147,588,1177.26,36.99,43.39,40.75,0.8759,1,1
147,589,3.65,450.22,38.02,37.38,0.8710,1,1
147,590,0.26,409.24,39.64,47.45,0.8312,1,1
147,591,1181.42,65.04,29.66,32.49,0.8027,1,1
147,592,102.77,572.47,17.70,28.74,0.7535,1,1
148,593,1177.24,36.99,43.43,40.74,0.8759,1,1
148,594,3.65,450.22,38.02,37.38,0.8710,1,1
148,595,0.25,409.24,39.63,47.45,0.8312,1,1
148,596,1181.40,65.01,29.68,32.50,0.8033,1,1
148,597,102.76,572.49,17.68,28.72,0.7524,1,1
149,598,3.82,450.63,37.90,37.39,0.8739,1,1
149,599,1173.35,38.77,42.48,39.88,0.8674,1,1
149,600,0.28,409.47,39.90,48.04,0.8394,1,1
149,601,1178.55,66.44,29.86,34.58,0.7871,1,1
149,602,102.84,572.57,17.68,28.65,0.7539,1,1
150,603,1175.20,67.38,30.47,35.59,0.8668,1,1
150,604,3.39,452.85,37.26,34.78,0.8582,1,1
150,605,0.31,409.14,40.88,48.32,0.8523,1,1
150,606,1169.98,40.92,42.37,39.12,0.8490,1,1
150,607,102.97,572.42,17.68,28.59,0.7590,1,1
151,608,1167.81,43.55,43.50,40.85,0.8730,1,1
151,609,3.41,453.20,37.25,34.73,0.8609,1,1
151,610,0.31,409.85,41.43,47.76,0.8572,1,1
151,611,1171.98,68.12,29.81,36.87,0.8546,1,1
151,612,102.87,572.37,17.77,28.59,0.7641,1,1
152,613,1164.13,44.52,43.74,39.40,0.8796,1,1
152,614,3.45,454.75,38.01,34.54,0.8747,1,1
152,615,1169.65,70.61,29.91,36.41,0.8658,1,1
152,616,0.30,410.41,41.81,47.53,0.8591,1,1
152,617,102.78,572.54,17.77,28.41,0.7618,1,1
153,618,3.54,455.03,38.17,34.44,0.8787,1,1
153,619,1166.15,72.04,30.96,38.00,0.8670,1,1
153,620,1160.87,45.96,42.98,37.66,0.8643,1,1
153,621,0.13,410.26,41.79,48.77,0.8530,1,1
153,622,102.70,572.76,17.89,28.34,0.7549,1,1
154,623,3.53,455.03,38.17,34.45,0.8786,1,1
154,624,1166.16,72.05,30.95,38.02,0.8673,1,1
154,625,1160.88,45.98,42.96,37.66,0.8641,1,1
154,626,0.13,410.26,41.78,48.76,0.8530,1,1
154,627,102.67,572.76,17.95,28.35,0.7544,1,1
155,628,1162.83,73.74,31.30,40.72,0.8796,1,1
155,629,1158.00,48.31,42.86,42.04,0.8739,1,1
155,630,3.48,456.42,39.09,34.15,0.8656,1,1
155,631,0.02,409.52,42.31,50.69,0.8549,1,1
155,632,102.09,574.51,18.32,28.16,0.7322,1,1
156,633,1154.58,50.75,43.46,41.92,0.8867,1,1
156,634,0.00,409.56,42.67,50.91,0.8632,1,1
156,635,3.82,456.78,38.68,33.73,0.8523,1,1
156,636,1160.00,76.21,31.22,41.30,0.8154,1,1
156,637,102.06,574.42,18.48,28.08,0.7289,1,1
157,638,1151.70,53.83,41.50,40.30,0.8899,1,1
157,639,1157.49,81.17,30.20,38.83,0.8727,1,1
157,640,0.00,409.50,42.70,50.88,0.8607,1,1
157,641,3.96,457.00,38.63,33.30,0.8508,1,1
157,642,102.25,574.59,18.36,27.86,0.7299,1,1
158,643,1148.43,58.59,42.13,37.99,0.8801,1,1
158,644,1153.40,84.23,30.65,39.36,0.8648,1,1
158,645,0.02,409.74,42.67,50.63,0.8601,1,1
158,646,4.09,456.87,38.21,32.75,0.8483,1,1
158,647,102.18,574.61,18.39,27.80,0.7308,1,1
159,648,1145.96,61.02,42.23,39.02,0.8745,1,1
159,649,1151.94,86.90,30.41,40.45,0.8625,1,1
159,650,0.03,410.47,42.77,49.99,0.8601,1,1
159,651,4.24,456.95,38.18,32.34,0.8511,1,1
159,652,102.22,574.58,18.29,27.84,0.7361,1,1
160,653,1145.96,61.02,42.25,39.00,0.8745,1,1
160,654,1151.94,86.91,30.42,40.43,0.8630,1,1
160,655,0.03,410.44,42.79,50.01,0.8601,1,1
160,656,4.25,456.97,38.21,32.33,0.8512,1,1
160,657,102.24,574.62,18.26,27.80,0.7369,1,1
161,658,0.02,410.42,42.96,49.90,0.8603,1,1
161,659,1143.70,65.64,42.95,36.32,0.8548,1,1
161,660,4.43,457.11,38.43,32.48,0.8546,1,1
161,661,1148.60,89.89,30.55,39.89,0.8487,1,1
161,662,102.20,574.60,18.27,27.81,0.7385,1,1
162,663,1141.31,68.43,43.79,37.01,0.8883,1,1
162,664,0.02,410.66,43.12,50.17,0.8657,1,1
162,665,4.39,458.30,38.79,32.52,0.8584,1,1
162,666,1145.99,93.82,31.49,41.65,0.8493,1,1
162,667,102.47,572.93,17.99,28.08,0.7406,1,1
163,668,1138.56,69.89,42.96,39.59,0.8830,1,1
163,669,0.02,411.69,43.12,49.59,0.8726,1,1
163,670,1142.65,95.23,31.27,42.87,0.8553,1,1
163,671,4.28,459.11,39.10,31.98,0.8538,1,1
163,672,102.58,572.76,18.05,28.41,0.7477,1,1
164,673,1137.13,71.65,44.51,43.69,0.8872,1,1
164,674,0.04,411.98,43.41,49.54,0.8754,1,1
164,675,4.53,459.25,38.86,32.08,0.8560,1,1
164,676,1139.30,96.04,31.80,43.43,0.8506,1,1
164,677,102.64,572.79,17.98,28.40,0.7442,1,1
165,678,1134.23,72.96,45.65,44.18,0.8913,1,1
165,679,0.03,412.08,43.46,49.47,0.8776,1,1
165,680,4.33,459.55,38.96,31.71,0.8498,1,1
165,681,1136.45,97.48,32.88,44.73,0.8168,1,1
165,682,102.45,574.13,18.34,28.34,0.7445,1,1
166,683,1134.24,72.99,45.66,44.20,0.8913,1,1
166,684,0.04,412.19,43.46,49.36,0.8777,1,1
166,685,4.33,459.57,38.95,31.71,0.8500,1,1
166,686,1136.46,97.51,32.87,44.70,0.8171,1,1
166,687,102.46,574.13,18.32,28.35,0.7454,1,1
167,688,1130.31,74.07,48.26,44.99,0.8980,1,1
167,689,0.05,412.45,43.87,49.20,0.8791,1,1
167,690,4.52,459.85,39.49,31.65,0.8538,1,1
167,691,1132.64,98.32,32.51,43.48,0.8145,1,1
167,692,102.60,574.10,18.13,28.32,0.7414,1,1
168,693,1127.07,75.54,49.23,45.64,0.9048,1,1
168,694,0.05,412.36,43.84,49.35,0.8793,1,1
168,695,4.50,459.87,39.56,31.91,0.8544,1,1
168,696,1128.33,103.87,33.74,39.82,0.8324,1,1
168,697,102.81,572.94,18.01,28.34,0.7444,1,1
169,698,1122.57,78.15,49.32,44.35,0.9069,1,1
169,699,0.04,412.33,44.01,49.52,0.8821,1,1
169,700,4.52,460.08,39.60,31.93,0.8572,1,1
169,701,1124.69,103.49,34.17,41.62,0.8567,1,1
169,702,102.49,573.82,18.43,28.62,0.7497,1,1
170,703,1119.04,80.60,49.89,44.44,0.8895,1,1
170,704,0.04,412.20,44.01,49.64,0.8819,1,1
170,705,1120.05,104.47,32.70,43.39,0.8570,1,1
170,706,4.52,460.13,39.65,31.78,0.8568,1,1
170,707,102.53,573.97,18.43,28.48,0.7515,1,1
171,708,1115.38,81.57,50.69,45.75,0.8868,1,1
171,709,0.04,412.18,44.06,49.54,0.8820,1,1
171,710,4.33,460.17,39.62,31.31,0.8539,1,1
171,711,1115.85,105.51,32.69,44.49,0.8194,1,1
171,712,102.63,574.08,18.24,28.31,0.7452,1,1
172,713,1115.37,81.57,50.74,45.71,0.8873,1,1
172,714,0.05,412.20,44.00,49.51,0.8818,1,1
172,715,4.38,460.15,39.62,31.41,0.8549,1,1
172,716,1115.85,105.53,32.70,44.46,0.8193,1,1
172,717,102.67,574.17,18.17,28.24,0.7466,1,1
173,718,1110.62,84.57,52.60,46.77,0.8853,1,1
173,719,0.05,412.24,44.07,49.47,0.8816,1,1
173,720,4.38,460.23,39.74,31.55,0.8564,1,1
173,721,1111.51,108.79,34.10,43.70,0.8101,1,1
173,722,103.02,573.01,17.73,28.18,0.7340,1,1
174,723,1105.28,87.92,54.96,46.74,0.8959,1,1
174,724,0.05,412.22,43.99,49.48,0.8811,1,1
174,725,1106.85,112.66,35.09,41.86,0.8635,1,1
174,726,4.42,460.30,39.69,31.44,0.8569,1,1
174,727,102.71,574.21,18.04,28.07,0.7356,1,1
175,728,0.05,412.17,43.91,49.56,0.8815,1,1
175,729,1101.92,116.87,36.55,41.36,0.8812,1,1
175,730,1101.27,91.37,53.98,48.49,0.8787,1,1
175,731,4.24,460.35,39.65,31.37,0.8587,1,1
175,732,102.99,572.98,17.83,28.18,0.7441,1,1
176,733,1094.90,95.31,56.12,47.40,0.9142,1,1
176,734,1095.89,119.12,35.67,41.99,0.8827,1,1
176,735,0.05,411.97,43.60,49.62,0.8793,1,1
176,736,4.26,460.29,39.56,31.31,0.8597,1,1
176,737,102.94,572.89,17.86,28.22,0.7476,1,1
177,738,1089.24,99.07,56.80,45.85,0.9111,1,1
177,739,0.03,412.27,43.46,49.16,0.8790,1,1
177,740,1091.60,123.66,33.96,44.62,0.8696,1,1
177,741,3.98,460.26,39.34,31.50,0.8523,1,1
177,742,102.94,572.83,17.87,28.49,0.7441,1,1
178,743,1089.24,99.08,56.80,45.84,0.9110,1,1
178,744,0.03,412.26,43.46,49.17,0.8791,1,1
178,745,1091.60,123.69,33.96,44.59,0.8697,1,1
178,746,3.98,460.27,39.33,31.50,0.8522,1,1
178,747,102.94,572.83,17.88,28.49,0.7442,1,1
179,748,1084.38,101.61,56.57,49.01,0.8774,1,1
179,749,0.02,411.53,42.84,49.48,0.8722,1,1
179,750,3.78,458.41,39.34,32.96,0.8473,1,1
179,751,1086.19,126.49,34.54,41.36,0.8061,1,1
179,752,102.53,573.78,18.41,28.68,0.7621,1,1
180,753,1078.82,103.78,56.42,45.25,0.8931,1,1
180,754,0.01,410.82,42.89,49.40,0.8667,1,1
180,755,3.71,457.20,39.16,32.78,0.8529,1,1
180,756,1079.09,128.93,36.60,40.80,0.8048,1,1
180,757,102.81,572.69,18.13,28.81,0.7551,1,1
180,758,1115.35,279.84,18.28,30.68,0.6687,1,1
181,759,1072.49,105.54,52.70,43.43,0.9028,1,1
181,760,0.02,409.45,41.72,50.17,0.8614,1,1
181,761,3.16,455.85,38.60,33.35,0.8548,1,1
181,762,1074.14,128.43,36.54,43.06,0.8277,1,1
181,763,103.12,574.69,17.64,28.01,0.7769,1,1
182,764,1066.93,106.69,52.25,44.09,0.8865,1,1
182,765,0.17,409.82,40.69,48.63,0.8561,1,1
182,766,2.80,454.77,38.21,32.87,0.8517,1,1
182,767,1069.45,130.31,36.74,44.38,0.8275,1,1
182,768,103.07,574.63,17.75,28.05,0.7783,1,1
182,769,1105.74,284.37,19.37,32.02,0.3600,1,1
183,770,1062.28,107.85,51.19,45.12,0.8872,1,1
183,771,2.89,452.73,37.73,34.54,0.8728,1,1
183,772,1064.57,133.62,36.39,46.72,0.8689,1,1
183,773,0.17,409.90,39.77,48.56,0.8642,1,1
183,774,103.08,574.58,17.71,28.12,0.7794,1,1
183,775,1103.85,290.53,19.27,35.57,0.3165,1,1
184,776,1062.26,107.83,51.23,45.20,0.8868,1,1
184,777,2.90,452.72,37.73,34.54,0.8732,1,1
184,778,1064.58,133.61,36.40,46.70,0.8684,1,1
184,779,0.17,409.88,39.80,48.56,0.8641,1,1
184,780,103.05,574.62,17.77,28.07,0.7807,1,1
184,781,1103.89,290.54,19.24,35.55,0.2954,1,1
185,782,1057.66,110.12,50.88,45.69,0.8871,1,1
185,783,4.01,450.90,37.15,35.43,0.8730,1,1
185,784,0.16,409.12,39.47,48.30,0.8585,1,1
185,785,1061.91,136.55,35.91,44.60,0.8520,1,1
185,786,103.01,574.71,17.75,28.03,0.7841,1,1
186,787,1053.65,111.60,49.35,44.76,0.8746,1,1
186,788,1056.81,141.76,36.26,41.85,0.8660,1,1
186,789,0.14,408.55,38.95,47.53,0.8516,1,1
186,790,4.30,449.91,37.04,35.34,0.8501,1,1
186,791,102.91,574.65,17.85,28.10,0.7821,1,1
187,792,1048.72,115.15,49.38,43.79,0.8810,1,1
187,793,1053.65,143.74,35.96,43.61,0.8764,1,1
187,794,4.08,448.04,37.05,37.28,0.8537,1,1
187,795,0.12,408.55,38.73,47.42,0.8340,1,1
187,796,102.79,574.76,17.93,28.00,0.7887,1,1
188,797,1044.68,118.45,49.62,45.06,0.8852,1,1
188,798,1049.45,149.04,35.10,43.38,0.8821,1,1
188,799,0.00,406.62,38.35,48.54,0.8368,1,1
188,800,2.45,445.79,36.96,38.75,0.8259,1,1
188,801,102.59,574.84,18.04,27.86,0.7889,1,1
189,802,1046.02,153.54,35.08,44.32,0.9064,1,1
189,803,1040.57,121.33,48.64,45.19,0.8960,1,1
189,804,3.48,445.93,35.83,37.34,0.8412,1,1
189,805,0.00,406.18,38.08,47.89,0.8395,1,1
189,806,102.47,574.71,18.04,27.84,0.7648,1,1
190,807,1046.01,153.54,35.09,44.33,0.9064,1,1
190,808,1040.58,121.28,48.61,45.22,0.8961,1,1
190,809,3.48,445.94,35.84,37.34,0.8413,1,1
190,810,0.00,406.20,38.08,47.89,0.8394,1,1
190,811,102.47,574.70,18.04,27.85,0.7652,1,1
191,812,1040.99,154.83,35.42,44.73,0.9051,1,1
191,813,1037.28,126.79,48.66,43.86,0.8834,1,1
191,814,3.24,445.66,37.67,38.51,0.8445,1,1
191,815,0.00,406.04,38.37,48.40,0.8425,1,1
191,816,102.45,574.69,18.22,28.30,0.7902,1,1
192,817,1036.98,158.39,37.37,49.02,0.8795,1,1
192,818,1033.59,131.17,50.00,44.49,0.8791,1,1
192,819,3.16,444.06,36.26,39.51,0.8457,1,1
192,820,0.00,405.95,38.57,48.38,0.8402,1,1
192,821,102.35,574.34,18.36,28.33,0.7775,1,1
193,822,1030.67,136.56,49.35,46.92,0.8635,1,1
193,823,3.47,443.41,38.01,40.45,0.8548,1,1
193,824,1034.10,165.27,36.95,46.77,0.8540,1,1
193,825,0.00,406.14,38.89,48.39,0.8357,1,1
193,826,102.40,574.03,18.25,28.45,0.7524,1,1
194,827,1027.82,140.48,50.01,48.29,0.8870,1,1
194,828,1031.19,169.37,36.96,46.10,0.8682,1,1
194,829,3.62,442.16,36.53,41.07,0.8499,1,1
194,830,0.00,405.92,39.04,48.42,0.8359,1,1
194,831,102.86,572.73,17.93,28.54,0.7610,1,1
195,832,1024.96,144.30,51.33,46.49,0.9097,1,1
195,833,3.86,441.75,36.38,41.35,0.8516,1,1
195,834,1028.31,172.66,37.36,45.35,0.8416,1,1
195,835,0.00,405.87,39.10,48.34,0.8338,1,1
195,836,102.86,572.67,17.99,28.50,0.7660,1,1
196,837,1024.96,144.31,51.34,46.49,0.9097,1,1
196,838,3.86,441.74,36.39,41.37,0.8514,1,1
196,839,1028.31,172.68,37.37,45.33,0.8416,1,1
196,840,0.00,405.93,39.11,48.29,0.8334,1,1
196,841,102.86,572.63,17.99,28.52,0.7685,1,1
197,842,1023.36,146.54,52.72,46.55,0.9104,1,1
197,843,1025.82,173.19,38.16,46.84,0.8586,1,1
197,844,4.03,441.14,36.46,41.52,0.8548,1,1
197,845,0.00,405.92,39.13,48.12,0.8320,1,1
197,846,102.97,572.33,18.00,28.97,0.7756,1,1
198,847,1022.04,148.01,53.58,47.87,0.9112,1,1
198,848,1023.23,174.20,37.21,47.17,0.8763,1,1
198,849,3.97,440.92,36.74,42.04,0.8558,1,1
198,850,0.00,405.97,39.15,48.05,0.8290,1,1
198,851,102.67,572.58,18.20,28.94,0.7725,1,1
199,852,1019.60,149.99,56.79,48.84,0.9122,1,1
199,853,1019.91,176.66,38.14,47.68,0.8931,1,1
199,854,3.88,440.64,36.80,42.80,0.8514,1,1
199,855,0.00,405.99,39.05,48.18,0.8285,1,1
199,856,102.71,572.67,18.14,28.77,0.7721,1,1
200,857,1016.36,152.23,59.06,51.68,0.9023,1,1
200,858,1016.89,179.10,37.23,49.48,0.8811,1,1
200,859,4.10,440.01,36.56,43.60,0.8476,1,1
200,860,0.00,406.30,39.04,48.33,0.8232,1,1
200,861,102.68,572.47,18.32,28.82,0.7826,1,1
201,862,1013.92,154.73,59.56,53.27,0.8946,1,1
201,863,1014.18,182.62,37.41,48.89,0.8730,1,1
201,864,4.27,439.82,36.09,43.97,0.8475,1,1
201,865,0.00,406.47,38.49,48.93,0.8235,1,1
201,866,102.78,572.49,18.12,28.79,0.7797,1,1
202,867,1013.91,154.73,59.58,53.26,0.8945,1,1
202,868,1014.19,182.64,37.42,48.88,0.8728,1,1
202,869,4.28,439.81,36.09,43.98,0.8474,1,1
202,870,0.00,406.47,38.49,48.93,0.8234,1,1
202,871,102.76,572.50,18.13,28.79,0.7791,1,1
203,872,1010.71,157.95,60.79,54.36,0.9093,1,1
203,873,1010.34,185.61,36.29,45.10,0.8651,1,1
203,874,4.41,439.80,36.00,43.93,0.8484,1,1
203,875,0.00,406.88,37.94,48.61,0.8302,1,1
203,876,102.62,572.03,18.26,29.21,0.7904,1,1
204,877,1009.18,160.19,60.66,54.88,0.8917,1,1
204,878,1006.63,187.45,37.57,49.19,0.8565,1,1
204,879,4.20,439.76,35.96,44.21,0.8491,1,1
204,880,0.00,408.08,37.85,47.94,0.8248,1,1
204,881,102.12,571.90,18.69,29.42,0.8012,1,1
204,882,959.23,339.65,14.61,27.05,0.4375,1,1
205,883,1003.68,163.86,64.18,53.89,0.8975,1,1
205,884,4.19,439.70,35.41,43.61,0.8527,1,1
205,885,1003.19,190.21,37.73,49.70,0.8354,1,1
205,886,0.00,408.35,37.53,47.90,0.8283,1,1
205,887,102.01,571.24,19.49,30.77,0.8126,1,1
205,888,955.28,344.00,16.81,29.38,0.7424,1,1
205,889,34.27,575.25,34.81,21.24,0.5691,1,1
206,890,999.13,168.07,65.96,52.61,0.9163,1,1
206,891,1000.00,195.60,38.05,47.99,0.8561,1,1
206,892,3.71,439.35,35.90,44.35,0.8556,1,1
206,893,0.03,409.52,36.80,47.73,0.8325,1,1
206,894,37.02,562.19,27.72,23.90,0.8280,1,1
206,895,102.40,571.46,19.46,30.83,0.8127,1,1
206,896,947.96,348.19,18.82,31.50,0.6975,1,1
206,897,950.40,347.11,21.61,32.34,0.3014,1,1
207,898,996.01,172.40,66.10,53.48,0.9161,1,1
207,899,944.70,351.13,17.24,31.68,0.8713,1,1
207,900,3.72,439.25,35.84,44.43,0.8573,1,1
207,901,994.37,198.51,40.12,49.69,0.8422,1,1
207,902,0.05,410.36,36.70,46.89,0.8298,1,1
207,903,102.19,573.25,19.31,29.80,0.7898,1,1
207,904,35.75,551.10,27.22,24.05,0.7144,1,1
208,905,995.99,172.40,66.12,53.50,0.9160,1,1
208,906,944.70,351.09,17.26,31.71,0.8714,1,1
208,907,3.72,439.26,35.85,44.43,0.8571,1,1
208,908,994.36,198.51,40.11,49.69,0.8422,1,1
208,909,0.05,410.34,36.68,46.91,0.8300,1,1
208,910,102.20,573.23,19.30,29.81,0.7886,1,1
208,911,35.75,551.10,27.21,24.05,0.7141,1,1
209,912,992.02,176.79,66.58,54.20,0.9096,1,1
209,913,992.16,204.32,37.57,48.12,0.8868,1,1
209,914,937.53,350.92,17.64,32.86,0.8667,1,1
209,915,3.77,439.55,35.24,44.51,0.8481,1,1
209,916,0.05,410.76,35.93,46.24,0.8380,1,1
209,917,102.76,574.59,18.54,28.49,0.8083,1,1
209,918,29.78,540.15,30.25,21.52,0.5172,1,1
210,919,986.61,181.90,67.54,55.95,0.9188,1,1
210,920,929.71,350.08,19.96,33.35,0.8666,1,1
210,921,986.45,211.36,37.92,44.29,0.8563,1,1
210,922,0.03,411.06,34.52,46.68,0.8383,1,1
210,923,103.29,575.73,17.64,27.94,0.8372,1,1
210,924,3.62,440.45,35.15,43.92,0.8229,1,1
210,925,23.87,529.42,24.34,22.97,0.6146,1,1
210,926,1037.28,397.57,22.32,35.39,0.5323,1,1
211,927,980.94,186.01,68.85,56.36,0.9093,1,1
211,928,979.38,213.62,39.16,48.25,0.8466,1,1
211,929,0.01,411.79,33.64,46.14,0.8407,1,1
211,930,103.33,575.95,17.43,27.84,0.8399,1,1
211,931,2.54,440.04,35.63,44.68,0.8126,1,1
211,932,925.89,354.09,16.93,32.30,0.7989,1,1
212,933,975.36,191.81,68.58,54.91,0.9085,1,1
212,934,103.30,576.23,17.29,27.58,0.8378,1,1
212,935,0.00,412.63,33.71,45.48,0.8309,1,1
212,936,2.08,440.39,35.96,44.99,0.8107,1,1
212,937,974.13,217.96,39.31,48.55,0.8011,1,1
212,938,920.63,360.31,18.45,29.31,0.7853,1,1
212,939,17.17,511.77,19.54,25.12,0.3478,1,1
213,940,969.16,194.58,68.47,55.60,0.9117,1,1
213,941,103.24,576.31,17.45,27.45,0.8390,1,1
213,942,0.00,413.60,33.90,45.41,0.8331,1,1
213,943,915.25,366.32,18.81,28.78,0.8232,1,1
213,944,1.48,440.41,35.90,44.35,0.8143,1,1
213,945,968.43,222.10,36.97,47.59,0.8135,1,1
213,946,1007.19,407.62,23.04,34.44,0.6021,1,1
213,947,12.47,510.12,22.02,22.25,0.2695,1,1
214,948,969.16,194.61,68.48,55.55,0.9117,1,1
214,949,103.25,576.32,17.46,27.46,0.8393,1,1
214,950,0.00,413.60,33.90,45.41,0.8331,1,1
214,951,915.23,366.29,18.80,28.79,0.8239,1,1
214,952,968.43,222.12,37.00,47.65,0.8154,1,1
214,953,1.48,440.41,35.90,44.35,0.8143,1,1
214,954,1007.18,407.62,23.04,34.43,0.6081,1,1
214,955,12.46,510.13,22.02,22.25,0.2695,1,1
215,956,961.59,197.04,70.57,55.40,0.9065,1,1
215,957,962.22,224.58,38.13,47.04,0.8558,1,1
215,958,103.21,576.25,17.48,27.60,0.8417,1,1
215,959,0.00,414.61,33.68,45.47,0.8342,1,1
215,960,911.51,368.89,18.50,30.64,0.8299,1,1
215,961,1.36,440.99,35.96,43.60,0.8195,1,1
215,962,3.07,554.97,22.63,30.31,0.3956,1,1
216,963,955.39,226.26,38.95,47.14,0.9113,1,1
216,964,954.97,198.56,71.50,55.34,0.9079,1,1
216,965,905.63,373.95,20.48,30.11,0.8552,1,1
216,966,103.12,576.27,17.57,27.71,0.8454,1,1
216,967,0.01,415.04,33.06,46.09,0.8209,1,1
216,968,1.21,441.02,35.95,43.01,0.8182,1,1
216,969,4.33,556.18,22.39,28.06,0.5597,1,1
216,970,14.58,494.62,21.82,26.03,0.4613,1,1
216,971,1001.90,416.40,22.57,37.95,0.3978,1,1
217,972,949.49,202.45,71.33,56.20,0.9091,1,1
217,973,950.35,231.78,40.87,48.21,0.8669,1,1
217,974,103.18,576.15,17.51,27.69,0.8401,1,1
217,975,0.02,415.42,32.99,46.49,0.8157,1,1
217,976,1.32,441.34,36.23,42.85,0.8150,1,1
217,977,4.85,557.80,22.21,27.42,0.6153,1,1
217,978,14.83,493.97,21.62,25.50,0.5594,1,1
217,979,902.66,383.80,21.35,27.59,0.5482,1,1
217,980,1004.17,422.90,21.25,39.05,0.4327,1,1
217,981,899.92,382.28,20.49,28.47,0.4182,1,1
218,982,943.64,205.81,72.39,57.69,0.9155,1,1
218,983,944.91,236.29,40.20,49.15,0.8515,1,1
218,984,103.11,575.94,17.49,27.49,0.8251,1,1
218,985,0.03,415.55,32.98,46.58,0.8162,1,1
218,986,1.35,441.43,36.22,42.83,0.8147,1,1
218,987,896.91,391.89,17.25,25.54,0.7525,1,1
218,988,5.23,558.39,21.80,27.12,0.6826,1,1
218,989,14.87,493.77,21.54,25.32,0.5441,1,1
219,990,938.18,208.51,74.17,59.62,0.9079,1,1
219,991,939.63,240.28,40.43,47.00,0.8370,1,1
219,992,103.14,576.02,17.49,27.40,0.8263,1,1
219,993,889.95,397.16,18.83,26.80,0.8210,1,1
219,994,0.02,415.36,32.98,46.84,0.8195,1,1
219,995,1.23,441.48,36.20,43.18,0.8180,1,1
219,996,5.24,558.29,21.77,27.27,0.6795,1,1
219,997,14.99,493.86,21.48,25.39,0.4984,1,1
219,998,10.68,493.93,23.96,28.55,0.2592,1,1
220,999,938.17,208.51,74.08,59.64,0.9084,1,1
220,1000,939.63,240.27,40.47,47.02,0.8368,1,1
220,1001,103.15,576.03,17.49,27.41,0.8273,1,1
220,1002,889.94,397.17,18.83,26.83,0.8208,1,1
220,1003,0.02,415.41,32.97,46.77,0.8205,1,1
220,1004,1.24,441.48,36.17,43.17,0.8183,1,1
220,1005,5.19,558.38,21.83,27.22,0.6749,1,1
220,1006,14.91,493.99,21.53,25.32,0.4830,1,1
220,1007,10.65,494.12,23.86,28.55,0.2631,1,1
221,1008,932.97,211.31,73.33,60.22,0.9081,1,1
221,1009,935.55,245.94,40.27,46.47,0.8465,1,1
221,1010,880.34,402.35,20.37,29.27,0.8267,1,1
221,1011,0.02,415.37,32.91,46.87,0.8244,1,1
221,1012,103.01,575.71,17.64,27.58,0.8225,1,1
221,1013,1.21,441.36,36.21,43.50,0.8212,1,1
221,1014,5.25,558.28,21.81,27.30,0.6762,1,1
221,1015,14.64,494.60,21.79,25.62,0.4908,1,1
222,1016,929.63,246.52,41.70,49.50,0.9221,1,1
222,1017,929.05,215.83,70.89,58.90,0.9130,1,1
222,1018,103.05,575.90,17.54,27.52,0.8252,1,1
222,1019,0.03,415.49,32.90,46.84,0.8246,1,1
222,1020,1.32,441.38,36.05,43.40,0.8220,1,1
222,1021,872.98,408.84,19.55,31.34,0.7895,1,1
222,1022,5.20,558.44,21.93,27.15,0.6789,1,1
222,1023,14.98,494.52,21.48,25.72,0.4849,1,1
223,1024,924.60,219.83,68.98,60.40,0.9206,1,1
223,1025,924.01,252.54,43.22,50.19,0.8699,1,1
223,1026,867.07,415.97,20.09,31.38,0.8412,1,1
223,1027,102.98,575.93,17.62,27.56,0.8299,1,1
223,1028,0.01,415.81,32.70,46.40,0.8290,1,1
223,1029,1.39,441.29,36.05,43.39,0.8234,1,1
223,1030,5.71,558.70,21.60,26.99,0.6975,1,1
223,1031,15.09,494.77,21.41,26.18,0.4481,1,1
223,1032,13.93,498.54,20.61,24.61,0.2642,1,1
224,1033,919.39,228.76,71.04,58.90,0.9216,1,1
224,1034,859.28,421.46,20.78,34.92,0.8660,1,1
224,1035,920.09,257.73,42.06,54.63,0.8380,1,1
224,1036,0.00,415.94,32.42,46.19,0.8290,1,1
224,1037,102.99,575.91,17.56,27.53,0.8273,1,1
224,1038,1.52,440.92,36.04,43.51,0.8239,1,1
224,1039,5.79,558.65,21.48,26.87,0.6966,1,1
224,1040,15.21,494.61,21.28,26.41,0.4294,1,1
225,1041,915.21,234.61,72.23,60.06,0.9104,1,1
225,1042,0.00,416.05,32.45,45.91,0.8310,1,1
225,1043,1.54,440.75,36.05,43.32,0.8245,1,1
225,1044,103.04,575.95,17.53,27.42,0.8238,1,1
225,1045,915.59,264.92,40.50,50.06,0.8083,1,1
225,1046,854.18,430.57,21.95,33.31,0.7999,1,1
225,1047,6.35,559.48,20.98,26.18,0.7170,1,1
225,1048,15.26,494.65,21.23,26.05,0.3841,1,1
226,1049,915.18,234.61,72.25,60.06,0.9104,1,1
226,1050,0.00,416.05,32.45,45.91,0.8309,1,1
226,1051,1.54,440.75,36.04,43.31,0.8247,1,1
226,1052,103.05,575.96,17.51,27.42,0.8239,1,1
226,1053,915.59,265.00,40.49,49.98,0.8091,1,1
226,1054,854.16,430.61,21.98,33.26,0.7994,1,1
226,1055,6.36,559.49,20.97,26.20,0.7175,1,1
226,1056,15.26,494.66,21.23,26.08,0.3839,1,1
227,1057,910.90,240.72,71.65,60.14,0.9067,1,1
227,1058,911.00,270.94,40.74,50.76,0.8922,1,1
227,1059,847.75,438.49,20.64,32.50,0.8619,1,1
227,1060,0.00,415.90,32.41,46.45,0.8317,1,1
227,1061,1.33,440.70,36.14,43.55,0.8285,1,1
227,1062,103.03,575.99,17.53,27.46,0.8281,1,1
227,1063,6.09,559.39,21.30,26.24,0.7212,1,1
227,1064,15.61,493.95,21.00,25.77,0.4462,1,1
228,1065,907.98,247.53,71.58,59.76,0.9220,1,1
228,1066,843.28,441.27,20.77,33.01,0.8754,1,1
228,1067,906.95,277.19,41.38,50.39,0.8720,1,1
228,1068,0.00,415.79,32.24,47.00,0.8336,1,1
228,1069,1.38,440.43,36.27,43.72,0.8298,1,1
228,1070,103.00,575.97,17.53,27.50,0.8277,1,1
228,1071,6.31,559.37,21.11,26.26,0.7441,1,1
228,1072,15.90,493.23,21.02,26.71,0.5332,1,1
229,1073,903.62,252.96,74.16,58.97,0.9233,1,1
229,1074,903.49,282.09,41.04,52.70,0.8687,1,1
229,1075,838.28,449.13,19.26,31.24,0.8586,1,1
229,1076,0.01,415.15,32.08,48.09,0.8344,1,1
229,1077,102.94,575.89,17.58,27.55,0.8271,1,1
229,1078,1.31,440.23,36.83,44.62,0.8260,1,1
229,1079,6.37,559.62,21.07,26.26,0.7442,1,1
229,1080,16.66,493.86,21.22,25.89,0.6048,1,1
230,1081,900.10,256.13,73.92,61.28,0.9029,1,1
230,1082,901.47,288.40,43.16,53.35,0.8964,1,1
230,1083,0.02,415.48,32.07,48.00,0.8357,1,1
230,1084,834.59,452.92,19.33,30.21,0.8287,1,1
230,1085,103.01,575.95,17.52,27.52,0.8255,1,1
230,1086,1.51,440.03,36.70,45.30,0.8251,1,1
230,1087,6.57,559.22,20.93,26.59,0.7402,1,1
230,1088,17.03,494.24,21.00,26.08,0.5578,1,1
231,1089,897.55,259.90,74.10,61.48,0.9210,1,1
231,1090,897.24,290.67,42.30,54.03,0.8871,1,1
231,1091,0.02,415.21,31.97,48.65,0.8371,1,1
231,1092,103.07,575.94,17.52,27.57,0.8297,1,1
231,1093,832.62,456.52,20.63,30.18,0.8294,1,1
231,1094,1.41,439.88,36.96,45.77,0.8274,1,1
231,1095,6.36,558.68,21.06,26.97,0.7369,1,1
231,1096,17.34,493.38,20.80,25.72,0.5516,1,1
232,1097,897.55,259.91,74.11,61.49,0.9210,1,1
232,1098,897.24,290.68,42.28,54.01,0.8870,1,1
232,1099,0.02,415.20,31.97,48.80,0.8367,1,1
232,1100,103.06,575.94,17.52,27.58,0.8299,1,1
232,1101,832.60,456.14,20.81,30.28,0.8294,1,1
232,1102,1.58,439.89,36.85,45.98,0.8270,1,1
232,1103,6.36,558.68,21.05,26.97,0.7368,1,1
232,1104,17.39,493.34,20.84,25.63,0.5562,1,1
233,1105,894.13,263.72,74.38,61.29,0.9180,1,1
233,1106,893.82,295.02,42.15,56.30,0.8763,1,1
233,1107,0.03,415.77,31.95,48.32,0.8376,1,1
233,1108,102.97,575.91,17.46,27.60,0.8296,1,1
233,1109,1.53,439.74,36.86,46.52,0.8267,1,1
233,1110,830.84,461.58,20.45,29.30,0.7974,1,1
233,1111,6.27,558.39,21.10,27.16,0.7402,1,1
233,1112,17.56,493.11,21.50,26.07,0.6097,1,1
234,1113,889.37,268.81,75.61,61.67,0.9149,1,1
234,1114,888.02,302.29,43.10,50.39,0.8795,1,1
234,1115,827.69,466.85,20.43,28.68,0.8390,1,1
234,1116,0.05,416.14,31.81,48.27,0.8371,1,1
234,1117,103.00,575.95,17.43,27.54,0.8292,1,1
234,1118,1.57,439.64,36.83,46.78,0.8262,1,1
234,1119,5.86,558.93,21.34,26.96,0.7423,1,1
234,1120,17.63,492.95,21.80,26.33,0.6374,1,1
235,1121,885.90,272.80,76.53,62.85,0.9228,1,1
235,1122,882.67,305.03,42.78,54.16,0.8769,1,1
235,1123,826.39,469.87,20.89,27.78,0.8741,1,1
235,1124,0.06,416.68,31.79,48.30,0.8371,1,1
235,1125,102.96,575.89,17.48,27.58,0.8302,1,1
235,1126,1.58,439.49,36.84,46.93,0.8255,1,1
235,1127,5.05,557.63,22.19,27.73,0.7432,1,1
235,1128,17.37,493.12,22.04,26.68,0.5966,1,1
236,1129,880.93,277.72,77.33,62.61,0.9099,1,1
236,1130,825.40,470.27,20.19,27.42,0.8599,1,1
236,1131,879.94,310.49,43.76,53.87,0.8392,1,1
236,1132,0.08,416.88,31.68,48.67,0.8335,1,1
236,1133,102.88,575.86,17.50,27.59,0.8293,1,1
236,1134,1.66,439.33,36.78,47.05,0.8215,1,1
236,1135,4.93,557.27,22.39,27.94,0.7339,1,1
236,1136,17.43,493.10,21.46,26.13,0.4760,1,1
237,1137,875.16,281.42,78.56,63.84,0.9125,1,1
237,1138,872.73,313.68,42.83,53.49,0.8696,1,1
237,1139,825.33,470.53,18.84,25.10,0.8437,1,1
237,1140,102.91,575.91,17.39,27.54,0.8279,1,1
237,1141,0.09,416.53,31.56,50.74,0.8277,1,1
237,1142,1.58,439.41,37.41,47.14,0.8152,1,1
237,1143,5.30,558.11,22.04,27.13,0.7192,1,1
237,1144,17.59,493.12,21.96,26.47,0.5943,1,1
238,1145,875.16,281.42,78.57,63.81,0.9124,1,1
238,1146,872.75,313.70,42.87,53.49,0.8700,1,1
238,1147,825.33,470.54,18.82,25.08,0.8439,1,1
238,1148,102.91,575.91,17.38,27.55,0.8275,1,1
238,1149,0.09,416.54,31.55,50.76,0.8273,1,1
238,1150,1.57,439.41,37.40,47.14,0.8151,1,1
238,1151,5.30,558.12,22.04,27.13,0.7190,1,1
238,1152,17.59,493.13,21.94,26.46,0.5935,1,1
239,1153,869.89,286.07,79.65,64.61,0.9195,1,1
239,1154,867.88,320.73,42.12,48.85,0.8583,1,1
239,1155,0.09,417.18,32.03,49.73,0.8299,1,1
239,1156,102.93,575.93,17.32,27.50,0.8262,1,1
239,1157,1.34,440.17,38.22,46.71,0.8152,1,1
239,1158,824.23,469.70,18.90,24.28,0.7381,1,1
239,1159,5.00,557.99,22.36,27.21,0.7281,1,1
239,1160,17.50,492.63,22.29,27.16,0.6456,1,1
240,1161,864.33,291.29,79.67,65.11,0.9241,1,1
240,1162,860.67,327.73,40.89,48.15,0.8625,1,1
240,1163,3.00,442.41,37.80,45.01,0.8383,1,1
240,1164,0.10,417.39,32.44,51.36,0.8351,1,1
240,1165,824.00,470.57,19.36,24.96,0.8340,1,1
240,1166,102.93,575.87,17.28,27.54,0.8263,1,1
240,1167,5.02,558.01,22.34,27.31,0.7362,1,1
240,1168,17.66,492.25,22.82,27.36,0.6905,1,1
240,1169,932.76,548.82,28.59,39.26,0.2583,1,1
241,1170,857.11,298.79,81.89,66.00,0.9194,1,1
241,1171,822.77,471.50,19.34,26.70,0.8598,1,1
241,1172,3.26,443.33,37.51,44.47,0.8531,1,1
241,1173,0.12,417.33,32.66,54.22,0.8252,1,1
241,1174,103.32,576.35,16.87,27.46,0.8248,1,1
241,1175,853.92,329.65,38.92,53.76,0.8137,1,1
241,1176,916.17,553.99,25.48,42.24,0.8100,1,1
241,1177,4.95,558.05,22.59,26.14,0.6855,1,1
241,1178,17.50,491.87,22.47,26.88,0.6827,1,1
242,1179,849.86,305.78,82.53,66.42,0.9190,1,1
242,1180,847.25,339.21,44.03,51.05,0.8842,1,1
242,1181,3.08,444.34,37.55,44.30,0.8631,1,1
242,1182,0.19,417.84,33.83,54.10,0.8384,1,1
242,1183,103.14,576.19,17.00,27.30,0.8213,1,1
242,1184,899.28,564.40,25.81,41.10,0.8189,1,1
242,1185,821.19,473.90,16.53,26.17,0.7453,1,1
242,1186,4.82,557.67,22.80,26.50,0.6813,1,1
242,1187,17.32,491.74,21.76,25.60,0.5864,1,1
243,1188,842.23,311.93,84.04,65.59,0.9340,1,1
243,1189,3.88,445.50,36.70,44.25,0.8808,1,1
243,1190,0.22,418.83,35.50,51.68,0.8598,1,1
243,1191,883.51,569.09,25.14,41.78,0.8511,1,1
243,1192,839.79,347.06,41.52,48.36,0.8395,1,1
243,1193,103.11,576.10,17.04,27.41,0.8192,1,1
243,1194,4.81,558.09,22.71,26.24,0.6685,1,1
243,1195,16.91,493.12,21.58,24.09,0.5626,1,1
244,1196,842.22,311.93,84.05,65.59,0.9339,1,1
244,1197,3.88,445.52,36.71,44.26,0.8805,1,1
244,1198,0.22,418.82,35.47,51.64,0.8599,1,1
244,1199,883.51,569.08,25.12,41.78,0.8510,1,1
244,1200,839.79,347.12,41.53,48.28,0.8388,1,1
244,1201,103.12,576.11,17.04,27.39,0.8193,1,1
244,1202,4.80,558.09,22.72,26.22,0.6677,1,1
244,1203,16.92,493.15,21.58,24.08,0.5619,1,1
245,1204,833.98,316.89,84.35,68.06,0.9321,1,1
245,1205,3.72,446.06,37.19,44.03,0.8532,1,1
245,1206,869.47,575.89,24.46,39.82,0.8507,1,1
245,1207,0.23,418.80,36.11,52.66,0.8491,1,1
245,1208,832.03,351.33,39.20,50.29,0.8387,1,1
245,1209,103.18,576.14,17.01,27.33,0.8190,1,1
245,1210,17.48,493.45,21.50,25.35,0.6776,1,1
245,1211,4.85,558.12,22.67,26.40,0.6463,1,1
246,1212,826.94,321.55,84.54,69.14,0.9204,1,1
246,1213,856.46,580.79,26.41,41.00,0.8877,1,1
246,1214,4.18,446.80,37.33,44.33,0.8723,1,1
246,1215,0.21,420.68,36.38,50.47,0.8471,1,1
246,1216,103.23,576.16,16.93,27.29,0.8167,1,1
246,1217,823.51,358.38,40.53,48.05,0.7781,1,1
246,1218,4.60,557.66,23.02,26.87,0.6417,1,1
246,1219,17.05,494.49,21.47,23.30,0.5742,1,1
247,1220,816.72,325.95,86.77,67.90,0.9171,1,1
247,1221,4.75,448.11,37.21,43.52,0.8698,1,1
247,1222,0.16,420.44,36.32,51.36,0.8498,1,1
247,1223,847.94,590.07,23.00,35.79,0.8196,1,1
247,1224,103.20,576.09,16.96,27.30,0.8152,1,1
247,1225,815.55,364.45,40.24,47.41,0.8085,1,1
247,1226,4.52,557.85,23.01,27.51,0.6492,1,1
247,1227,16.77,494.91,22.06,23.00,0.5143,1,1
248,1228,807.73,329.22,87.25,68.55,0.9202,1,1
248,1229,807.71,366.81,42.01,49.34,0.8928,1,1
248,1230,4.90,449.53,36.92,43.20,0.8507,1,1
248,1231,0.18,421.40,36.43,51.29,0.8448,1,1
248,1232,841.35,596.81,23.28,39.56,0.8391,1,1
248,1233,103.24,576.10,16.94,27.28,0.8151,1,1
248,1234,4.93,557.63,22.61,28.01,0.6763,1,1
248,1235,17.59,495.03,22.19,22.79,0.4816,1,1
249,1236,798.67,333.59,88.61,69.24,0.9284,1,1
249,1237,797.55,371.40,42.31,51.82,0.8669,1,1
249,1238,4.69,450.45,37.54,43.52,0.8495,1,1
249,1239,0.17,421.44,36.67,50.10,0.8424,1,1
249,1240,839.02,601.83,24.63,41.10,0.8184,1,1
249,1241,103.42,576.03,16.84,27.24,0.8128,1,1
249,1242,5.76,557.96,22.28,27.67,0.6924,1,1
249,1243,902.85,631.55,31.06,51.13,0.4110,1,1
250,1244,798.68,333.59,88.61,69.23,0.9284,1,1
250,1245,797.55,371.39,42.35,51.84,0.8670,1,1
250,1246,4.69,450.45,37.55,43.52,0.8495,1,1
250,1247,0.17,421.44,36.67,50.10,0.8424,1,1
250,1248,839.02,601.84,24.63,41.09,0.8186,1,1
250,1249,103.42,576.03,16.84,27.24,0.8128,1,1
250,1250,5.76,557.95,22.28,27.67,0.6924,1,1
250,1251,902.85,631.55,31.05,51.14,0.4093,1,1
251,1252,791.40,337.33,88.80,70.51,0.9448,1,1
251,1253,5.30,451.44,37.10,42.97,0.8836,1,1
251,1254,789.21,375.79,45.01,49.83,0.8611,1,1
251,1255,0.17,421.93,37.49,49.45,0.8411,1,1
251,1256,103.43,576.38,16.93,27.50,0.8256,1,1
251,1257,839.22,606.94,24.46,41.65,0.8075,1,1
251,1258,6.08,558.69,22.40,28.41,0.7135,1,1
252,1259,782.38,343.86,91.06,69.90,0.9348,1,1
252,1260,4.74,453.48,37.14,41.82,0.8813,1,1
252,1261,0.18,422.47,37.76,48.63,0.8331,1,1
252,1262,103.41,576.42,16.87,27.47,0.8261,1,1
252,1263,844.33,611.76,25.23,41.70,0.8247,1,1
252,1264,6.72,558.47,21.83,27.90,0.7629,1,1
252,1265,781.79,376.54,40.52,54.61,0.7540,1,1
253,1266,774.73,346.54,90.88,70.54,0.9242,1,1
253,1267,4.98,453.66,37.10,42.21,0.8849,1,1
253,1268,774.38,386.79,44.46,51.63,0.8687,1,1
253,1269,0.19,422.38,38.00,48.59,0.8317,1,1
253,1270,103.36,576.37,17.00,27.54,0.8281,1,1
253,1271,8.42,559.11,21.23,29.17,0.7507,1,1
253,1272,734.82,543.40,19.04,31.12,0.4592,1,1
253,1273,853.67,612.35,23.74,43.02,0.3034,1,1
254,1274,767.78,352.99,90.39,70.33,0.9286,1,1
254,1275,767.23,391.53,46.66,53.03,0.8942,1,1
254,1276,4.75,453.88,37.30,41.83,0.8765,1,1
254,1277,0.21,422.60,38.12,47.80,0.8297,1,1
254,1278,103.51,576.43,16.87,27.49,0.8270,1,1
254,1279,714.00,546.41,23.63,33.62,0.8032,1,1
254,1280,9.38,559.50,20.53,29.01,0.7742,1,1
255,1281,758.89,359.40,92.68,69.67,0.9382,1,1
255,1282,696.34,556.48,23.46,37.39,0.8792,1,1
255,1283,4.45,453.50,37.87,42.28,0.8672,1,1
255,1284,759.06,396.01,47.04,55.33,0.8375,1,1
255,1285,0.21,422.72,38.25,47.67,0.8286,1,1
255,1286,103.59,576.45,16.81,27.44,0.8253,1,1
255,1287,9.63,560.38,20.41,28.78,0.7721,1,1
255,1288,870.91,617.48,24.91,37.04,0.5570,1,1
256,1289,758.89,359.42,92.67,69.66,0.9381,1,1
256,1290,696.32,556.47,23.49,37.43,0.8792,1,1
256,1291,4.51,453.46,37.82,42.36,0.8678,1,1
256,1292,759.07,396.02,47.05,55.32,0.8377,1,1
256,1293,0.21,422.71,38.26,47.75,0.8290,1,1
256,1294,103.57,576.45,16.83,27.41,0.8248,1,1
256,1295,9.62,560.53,20.40,28.90,0.7745,1,1
256,1296,870.92,617.47,24.90,37.04,0.5394,1,1
257,1297,753.03,364.77,91.47,70.84,0.9357,1,1
257,1298,4.69,453.32,37.70,42.95,0.8730,1,1
257,1299,681.00,567.09,23.22,37.35,0.8594,1,1
257,1300,0.20,422.63,38.34,48.05,0.8294,1,1
257,1301,103.59,576.44,16.87,27.20,0.8212,1,1
257,1302,752.51,405.29,44.47,55.31,0.8132,1,1
257,1303,9.06,560.59,20.97,29.29,0.7594,1,1
258,1304,744.94,373.18,92.03,69.68,0.9239,1,1
258,1305,744.57,413.15,45.16,51.53,0.8955,1,1
258,1306,4.90,452.91,37.52,43.09,0.8830,1,1
258,1307,667.01,574.95,23.92,38.16,0.8625,1,1
258,1308,0.20,422.73,38.44,47.75,0.8266,1,1
258,1309,103.57,576.53,16.91,27.10,0.8244,1,1
258,1310,8.96,560.67,21.36,30.25,0.7535,1,1
259,1311,738.19,380.10,93.21,70.69,0.9312,1,1
259,1312,736.80,418.59,44.82,53.77,0.8871,1,1
259,1313,5.91,452.50,36.96,43.68,0.8794,1,1
259,1314,656.34,580.63,26.30,40.17,0.8684,1,1
259,1315,103.69,576.74,16.82,26.93,0.8276,1,1
259,1316,0.19,422.85,38.50,46.48,0.8275,1,1
259,1317,9.44,561.40,20.97,30.87,0.7031,1,1
260,1318,732.62,386.41,92.83,73.85,0.9382,1,1
260,1319,7.25,450.02,37.25,46.61,0.8907,1,1
260,1320,730.48,425.38,43.86,54.32,0.8355,1,1
260,1321,0.14,421.44,37.64,49.43,0.8338,1,1
260,1322,103.70,576.69,16.79,26.99,0.8275,1,1
260,1323,650.24,592.59,23.61,39.27,0.7833,1,1
260,1324,9.43,561.11,20.91,31.08,0.7817,1,1
260,1325,21.11,506.33,20.62,23.59,0.3155,1,1
261,1326,725.30,393.11,95.00,71.67,0.9250,1,1
261,1327,6.79,448.40,38.38,46.10,0.8898,1,1
261,1328,725.67,432.42,46.68,54.31,0.8784,1,1
261,1329,0.11,421.04,37.21,49.41,0.8312,1,1
261,1330,103.89,577.00,16.49,26.77,0.8253,1,1
261,1331,9.94,560.79,20.46,31.65,0.8146,1,1
261,1332,648.05,600.05,20.16,38.20,0.7309,1,1
261,1333,24.74,511.85,20.08,26.69,0.4074,1,1
262,1334,725.27,393.10,95.01,71.68,0.9250,1,1
262,1335,6.77,448.40,38.44,46.11,0.8896,1,1
262,1336,725.66,432.51,46.72,54.21,0.8795,1,1
262,1337,0.11,421.02,37.22,49.44,0.8313,1,1
262,1338,103.92,576.92,16.49,26.76,0.8253,1,1
262,1339,9.94,560.78,20.47,31.66,0.8137,1,1
262,1340,648.04,600.00,20.17,38.24,0.7290,1,1
262,1341,24.88,511.64,20.18,26.81,0.4380,1,1
263,1342,719.93,398.78,95.91,74.43,0.9254,1,1
263,1343,717.98,436.93,44.54,54.99,0.8885,1,1
263,1344,6.50,446.76,37.90,45.58,0.8589,1,1
263,1345,0.14,418.67,37.46,49.45,0.8453,1,1
263,1346,103.82,576.89,16.65,26.72,0.8258,1,1
263,1347,647.39,600.74,21.35,39.60,0.7892,1,1
263,1348,29.67,521.21,19.69,24.92,0.7118,1,1
263,1349,811.11,705.99,34.98,53.48,0.6972,1,1
263,1350,10.55,562.19,20.67,29.50,0.6768,1,1
264,1351,713.42,404.01,96.87,74.99,0.9382,1,1
264,1352,7.11,445.68,38.63,47.99,0.8915,1,1
264,1353,711.12,443.24,43.10,53.87,0.8445,1,1
264,1354,648.54,605.21,21.25,37.52,0.8335,1,1
264,1355,0.25,419.24,37.41,50.55,0.8308,1,1
264,1356,103.58,576.22,17.09,27.21,0.8114,1,1
264,1357,38.63,530.12,21.57,25.38,0.3326,1,1
265,1358,707.09,409.58,96.81,75.12,0.9355,1,1
265,1359,7.02,444.49,38.54,47.73,0.9017,1,1
265,1360,704.89,448.93,43.19,54.97,0.8396,1,1
265,1361,0.19,419.40,38.02,48.65,0.8227,1,1
265,1362,102.68,575.08,18.40,28.19,0.8049,1,1
265,1363,649.43,610.21,22.18,38.72,0.7396,1,1
265,1364,41.27,546.63,24.76,23.09,0.7245,1,1
266,1365,699.64,414.04,98.39,74.48,0.9351,1,1
266,1366,7.06,443.27,37.95,48.12,0.8932,1,1
266,1367,698.29,457.51,45.37,53.21,0.8928,1,1
266,1368,0.20,418.27,37.51,48.73,0.8297,1,1
266,1369,649.78,616.45,22.10,39.58,0.8150,1,1
266,1370,101.40,573.92,20.03,29.84,0.7969,1,1
266,1371,833.55,671.58,27.77,36.98,0.5003,1,1
267,1372,693.71,420.05,97.96,76.80,0.9280,1,1
267,1373,6.88,443.29,37.24,47.37,0.8900,1,1
267,1374,690.19,461.55,42.35,52.12,0.8680,1,1
267,1375,0.20,418.03,38.13,48.29,0.8233,1,1
267,1376,103.17,572.61,18.02,28.58,0.7947,1,1
267,1377,648.38,621.96,21.57,41.23,0.7839,1,1
267,1378,814.59,687.99,28.65,41.01,0.6657,1,1
267,1379,49.61,574.84,33.07,22.84,0.4523,1,1
268,1380,693.70,420.09,97.95,76.75,0.9281,1,1
268,1381,6.88,443.29,37.24,47.38,0.8902,1,1
268,1382,690.18,461.52,42.39,52.18,0.8690,1,1
268,1383,0.20,418.03,38.13,48.28,0.8229,1,1
268,1384,103.18,572.60,18.01,28.58,0.7956,1,1
268,1385,648.37,621.73,21.59,41.36,0.7830,1,1
268,1386,814.58,687.99,28.66,41.00,0.6614,1,1
268,1387,49.60,574.85,33.07,22.84,0.4545,1,1
269,1388,685.53,424.43,99.48,77.37,0.9334,1,1
269,1389,6.92,442.03,36.53,46.44,0.8783,1,1
269,1390,642.19,627.79,21.66,41.74,0.8758,1,1
269,1391,793.92,704.82,28.88,44.89,0.8379,1,1
269,1392,0.15,416.05,36.99,48.64,0.8263,1,1
269,1393,681.28,465.34,46.20,53.83,0.8236,1,1
269,1394,103.04,575.46,17.49,27.17,0.7731,1,1
270,1395,676.56,429.48,101.57,78.25,0.9303,1,1
270,1396,673.57,470.97,45.61,52.85,0.8757,1,1
270,1397,5.69,441.10,37.35,47.03,0.8728,1,1
270,1398,638.58,636.02,19.94,40.32,0.8476,1,1
270,1399,0.09,415.73,36.22,47.28,0.8280,1,1
270,1400,773.32,717.66,28.69,45.74,0.8203,1,1
270,1401,103.10,575.38,17.53,27.41,0.7832,1,1
270,1402,46.69,582.18,31.60,21.39,0.3079,1,1
271,1403,670.24,434.45,100.42,78.27,0.9362,1,1
271,1404,667.56,478.67,43.15,54.26,0.8938,1,1
271,1405,4.95,439.57,36.21,47.26,0.8425,1,1
271,1406,633.49,640.38,19.74,38.81,0.8367,1,1
271,1407,0.08,415.84,35.07,45.06,0.8209,1,1
271,1408,103.22,575.84,17.52,26.97,0.7945,1,1
271,1409,751.05,735.23,27.72,39.70,0.5846,1,1
271,1410,44.23,582.15,31.70,21.02,0.3403,1,1
272,1411,659.94,440.00,103.91,79.67,0.9264,1,1
272,1412,630.45,637.88,22.37,36.82,0.8763,1,1
272,1413,658.97,485.26,46.39,55.58,0.8756,1,1
272,1414,4.69,438.97,36.26,47.63,0.8527,1,1
272,1415,0.07,416.27,33.83,44.18,0.8205,1,1
272,1416,103.19,575.66,17.51,27.09,0.7939,1,1
272,1417,726.79,740.19,29.38,49.39,0.7353,1,1
272,1418,44.51,582.06,32.09,21.25,0.5822,1,1
273,1419,650.43,447.60,106.85,78.86,0.9314,1,1
273,1420,632.06,634.87,21.24,36.40,0.9047,1,1
273,1421,650.45,497.93,45.92,49.64,0.8774,1,1
273,1422,3.85,438.92,37.46,46.70,0.8647,1,1
273,1423,0.06,415.21,33.62,44.13,0.8325,1,1
273,1424,704.15,751.91,31.05,50.99,0.7959,1,1
273,1425,103.26,575.75,17.51,26.99,0.7955,1,1
273,1426,42.98,581.90,32.25,21.50,0.7408,1,1
274,1427,650.41,447.63,106.87,78.82,0.9315,1,1
274,1428,632.04,634.93,21.31,36.35,0.9047,1,1
274,1429,650.45,497.91,45.92,49.69,0.8771,1,1
274,1430,4.16,438.95,37.17,46.70,0.8650,1,1
274,1431,0.08,415.27,33.56,44.45,0.8305,1,1
274,1432,704.14,751.87,31.07,51.01,0.7966,1,1
274,1433,103.28,575.77,17.51,26.97,0.7950,1,1
274,1434,43.03,581.91,32.19,21.50,0.7413,1,1
275,1435,642.19,455.71,105.88,78.44,0.9477,1,1
275,1436,3.78,438.92,37.01,46.73,0.8625,1,1
275,1437,684.09,762.29,27.28,45.23,0.8574,1,1
275,1438,0.05,415.17,33.41,44.17,0.8286,1,1
275,1439,103.16,575.90,17.59,26.73,0.7928,1,1
275,1440,641.59,502.84,42.20,48.36,0.7626,1,1
275,1441,43.33,582.23,31.93,21.19,0.7472,1,1
276,1442,633.10,461.94,104.28,80.53,0.9235,1,1
276,1443,664.60,769.60,25.12,41.52,0.8869,1,1
276,1444,630.99,511.64,44.99,48.78,0.8772,1,1
276,1445,3.38,438.85,36.48,46.19,0.8394,1,1
276,1446,0.07,415.16,32.78,43.78,0.8231,1,1
276,1447,103.29,575.94,17.50,26.68,0.7920,1,1
276,1448,43.54,582.16,31.68,21.08,0.7535,1,1
276,1449,630.58,500.64,54.06,58.27,0.3048,1,1
277,1450,621.22,470.12,104.52,80.02,0.9300,1,1
277,1451,648.91,775.91,27.45,41.16,0.8926,1,1
277,1452,619.46,519.43,43.23,48.52,0.8778,1,1
277,1453,3.38,438.86,35.87,46.08,0.8310,1,1
277,1454,0.05,414.64,32.18,43.59,0.8222,1,1
277,1455,103.25,575.95,17.50,26.63,0.7919,1,1
277,1456,43.01,581.92,32.12,21.07,0.7394,1,1
278,1457,609.92,476.19,105.49,81.75,0.9350,1,1
278,1458,634.70,782.23,28.99,41.86,0.8435,1,1
278,1459,607.40,525.11,44.49,48.26,0.8395,1,1
278,1460,3.34,439.72,35.93,44.97,0.8362,1,1
278,1461,0.05,414.84,32.04,43.21,0.8241,1,1
278,1462,103.13,576.05,17.34,26.78,0.8025,1,1
278,1463,43.14,581.93,31.79,20.78,0.7194,1,1
279,1464,597.24,481.14,107.07,80.49,0.9394,1,1
279,1465,626.63,790.73,27.13,39.61,0.8742,1,1
279,1466,2.08,438.91,36.09,46.56,0.8237,1,1
279,1467,0.06,414.63,31.75,43.27,0.8168,1,1
279,1468,102.96,575.98,17.54,26.74,0.7930,1,1
279,1469,594.30,525.08,44.54,51.21,0.5521,1,1
279,1470,42.71,581.72,31.97,21.09,0.4535,1,1
280,1471,597.24,481.11,107.07,80.51,0.9395,1,1
280,1472,626.63,790.72,27.13,39.63,0.8741,1,1
280,1473,2.08,438.91,36.10,46.56,0.8240,1,1
280,1474,0.06,414.63,31.74,43.28,0.8168,1,1
280,1475,102.97,575.93,17.54,26.79,0.7924,1,1
280,1476,594.31,525.11,44.54,51.19,0.5546,1,1
280,1477,42.69,581.72,31.99,21.08,0.4517,1,1
281,1478,584.14,484.50,106.40,82.68,0.9387,1,1
281,1479,622.59,792.15,28.65,46.16,0.8843,1,1
281,1480,1.70,438.54,35.88,47.27,0.8261,1,1
281,1481,0.06,414.34,31.66,44.16,0.8147,1,1
281,1482,102.90,575.67,17.66,27.10,0.7901,1,1
281,1483,580.88,533.32,42.75,48.89,0.7338,1,1
281,1484,41.90,581.03,32.87,21.70,0.6607,1,1
282,1485,569.73,487.63,110.85,84.97,0.9361,1,1
282,1486,623.47,795.30,28.47,49.78,0.8727,1,1
282,1487,1.26,438.99,35.74,46.84,0.8268,1,1
282,1488,0.00,414.05,31.87,44.19,0.8159,1,1
282,1489,39.28,579.55,34.95,23.26,0.7941,1,1
282,1490,102.74,575.03,17.62,27.51,0.7543,1,1
283,1491,557.29,494.23,112.83,85.23,0.9407,1,1
283,1492,627.08,804.08,26.53,46.98,0.8403,1,1
283,1493,1.44,439.99,35.59,44.45,0.8303,1,1
283,1494,0.00,413.28,32.10,44.68,0.8230,1,1
283,1495,103.11,572.94,17.47,28.23,0.7429,1,1
283,1496,37.89,579.03,35.51,22.77,0.4827,1,1
284,1497,545.25,499.72,113.13,86.68,0.9491,1,1
284,1498,632.06,811.07,26.98,45.37,0.8436,1,1
284,1499,1.09,441.76,35.93,43.44,0.8408,1,1
284,1500,0.00,412.49,32.81,44.77,0.8396,1,1
284,1501,102.88,572.51,17.81,28.63,0.7748,1,1
284,1502,36.80,578.57,34.89,21.90,0.2914,1,1
285,1503,532.54,506.77,112.94,84.79,0.9448,1,1
285,1504,0.00,412.22,34.02,46.09,0.8467,1,1
285,1505,1.13,443.71,36.26,42.51,0.8332,1,1
285,1506,102.51,572.47,18.10,28.56,0.7766,1,1
285,1507,636.55,813.25,30.26,45.56,0.7190,1,1
285,1508,37.84,578.02,32.46,22.21,0.4812,1,1
286,1509,532.53,506.77,112.95,84.78,0.9447,1,1
286,1510,0.00,412.23,34.00,46.08,0.8468,1,1
286,1511,1.13,443.72,36.26,42.50,0.8334,1,1
286,1512,102.51,572.39,18.10,28.59,0.7800,1,1
286,1513,636.55,813.27,30.26,45.56,0.7210,1,1
286,1514,37.82,578.02,32.48,22.22,0.4804,1,1
287,1515,520.10,512.49,115.76,86.89,0.9343,1,1
287,1516,0.06,412.02,34.97,48.24,0.8673,1,1
287,1517,1.97,448.12,36.18,38.88,0.8494,1,1
287,1518,102.40,572.21,18.42,28.79,0.7878,1,1
287,1519,642.64,814.16,31.99,42.32,0.4468,1,1
287,1520,564.56,589.33,45.24,43.54,0.3288,1,1
288,1521,508.99,519.58,114.02,87.08,0.9354,1,1
288,1522,0.06,413.25,35.38,49.13,0.8782,1,1
288,1523,2.53,450.94,35.54,37.63,0.8575,1,1
288,1524,649.02,816.65,31.38,41.87,0.8260,1,1
288,1525,102.15,572.29,18.91,29.53,0.7815,1,1
288,1526,502.22,726.48,25.50,40.02,0.5433,1,1
289,1527,496.45,528.82,117.14,85.20,0.9378,1,1
289,1528,0.08,413.41,35.49,49.09,0.8795,1,1
289,1529,2.72,451.55,35.87,36.95,0.8685,1,1
289,1530,652.56,816.14,34.05,40.88,0.8463,1,1
289,1531,102.08,572.34,19.22,29.45,0.7770,1,1
289,1532,483.02,737.16,25.39,44.67,0.6979,1,1
290,1533,486.11,536.12,117.43,86.78,0.9361,1,1
290,1534,0.08,413.27,35.35,49.53,0.8817,1,1
290,1535,655.83,816.49,34.75,41.18,0.8718,1,1
290,1536,2.66,451.26,36.02,36.38,0.8670,1,1
290,1537,101.89,572.35,19.39,29.25,0.7742,1,1
290,1538,33.53,575.76,24.03,18.92,0.2688,1,1
291,1539,475.36,547.15,116.37,86.53,0.9342,1,1
291,1540,0.06,412.53,35.31,50.25,0.8790,1,1
291,1541,2.90,449.37,35.54,37.95,0.8631,1,1
291,1542,102.10,572.60,19.05,28.85,0.7517,1,1
291,1543,655.89,819.37,37.04,38.61,0.6969,1,1
291,1544,32.62,575.92,23.41,19.35,0.4117,1,1
292,1545,475.37,547.14,116.39,86.53,0.9341,1,1
292,1546,0.06,412.51,35.31,50.28,0.8794,1,1
292,1547,2.89,449.38,35.54,37.94,0.8628,1,1
292,1548,102.08,572.62,19.05,28.83,0.7517,1,1
292,1549,655.88,819.37,37.03,38.59,0.7036,1,1
292,1550,32.56,575.92,23.42,19.27,0.4040,1,1
293,1551,466.84,557.38,117.80,86.84,0.9329,1,1
293,1552,0.04,411.70,35.51,49.57,0.8729,1,1
293,1553,3.13,448.02,35.59,38.35,0.8599,1,1
293,1554,101.99,572.46,19.16,28.95,0.7685,1,1
293,1555,436.48,777.83,26.00,53.18,0.7391,1,1
293,1556,656.29,824.96,36.85,36.57,0.6214,1,1
293,1557,33.83,578.62,23.53,21.39,0.2787,1,1
294,1558,456.74,567.66,118.29,86.91,0.9289,1,1
294,1559,0.03,411.33,35.51,49.57,0.8710,1,1
294,1560,3.27,448.08,35.37,38.25,0.8568,1,1
294,1561,422.24,786.90,27.67,55.67,0.8256,1,1
294,1562,102.31,572.52,18.31,28.59,0.7751,1,1
294,1563,651.60,829.72,39.59,37.09,0.6050,1,1
294,1564,37.21,579.12,25.61,20.97,0.2886,1,1
295,1565,447.25,577.92,118.28,87.99,0.9347,1,1
295,1566,0.02,411.40,35.57,49.11,0.8724,1,1
295,1567,3.60,448.25,35.69,38.01,0.8610,1,1
295,1568,412.71,799.46,27.98,52.54,0.8315,1,1
295,1569,102.49,572.31,18.16,28.82,0.7853,1,1
295,1570,39.57,579.26,26.23,21.84,0.7333,1,1
295,1571,646.48,839.87,37.64,34.43,0.2805,1,1
296,1572,437.44,586.13,120.05,90.76,0.9404,1,1
296,1573,3.72,448.11,35.73,38.27,0.8726,1,1
296,1574,0.04,412.60,35.70,48.91,0.8725,1,1
296,1575,406.55,809.74,26.82,49.30,0.7866,1,1
296,1576,102.73,572.32,17.92,28.59,0.7856,1,1
296,1577,41.17,579.78,27.16,22.49,0.7851,1,1
297,1578,426.98,595.28,120.43,89.59,0.9350,1,1
297,1579,0.09,413.01,36.05,49.29,0.8824,1,1
297,1580,3.52,449.91,35.85,37.17,0.8724,1,1
297,1581,622.74,863.77,41.75,36.13,0.8392,1,1
297,1582,102.77,572.59,17.75,28.31,0.7750,1,1
297,1583,42.45,580.14,25.50,21.72,0.7683,1,1
297,1584,404.31,823.00,23.75,44.77,0.7632,1,1
298,1585,426.99,595.29,120.42,89.58,0.9350,1,1
298,1586,0.09,412.98,36.05,49.32,0.8826,1,1
298,1587,3.51,449.91,35.86,37.18,0.8724,1,1
298,1588,622.81,863.88,41.91,36.10,0.8394,1,1
298,1589,102.77,572.59,17.74,28.31,0.7749,1,1
298,1590,42.44,580.14,25.51,21.72,0.7683,1,1
298,1591,404.31,823.06,23.74,44.73,0.7631,1,1
299,1592,417.73,602.80,122.48,92.79,0.9422,1,1
299,1593,0.12,412.83,36.46,48.93,0.8680,1,1
299,1594,609.33,878.48,37.34,38.92,0.8639,1,1
299,1595,4.11,450.74,35.90,36.79,0.8622,1,1
299,1596,42.02,580.25,25.64,21.81,0.8348,1,1
299,1597,103.03,572.26,17.86,28.44,0.7857,1,1
299,1598,470.24,687.45,42.30,41.46,0.2765,1,1
300,1599,407.94,609.17,121.61,92.71,0.9403,1,1
300,1600,3.95,450.91,36.55,37.31,0.8747,1,1
300,1601,0.05,412.64,37.20,49.70,0.8609,1,1
300,1602,409.33,823.12,25.35,48.77,0.8375,1,1
300,1603,42.08,580.61,25.73,21.97,0.8284,1,1
300,1604,103.26,572.13,17.73,28.64,0.7889,1,1
300,1605,592.33,893.18,36.10,44.21,0.7420,1,1
301,1606,396.96,617.79,123.34,92.22,0.9524,1,1
301,1607,4.33,451.89,36.71,36.71,0.8613,1,1
301,1608,0.00,413.14,37.63,48.71,0.8539,1,1
301,1609,414.90,832.19,23.60,42.73,0.8484,1,1
301,1610,102.95,572.19,17.90,28.73,0.7807,1,1
301,1611,41.56,581.44,24.78,21.66,0.5132,1,1
302,1612,385.83,626.40,124.37,93.42,0.9396,1,1
302,1613,0.00,412.83,38.37,49.12,0.8547,1,1
302,1614,3.64,454.90,37.74,33.37,0.8521,1,1
302,1615,102.89,572.26,17.97,28.72,0.7795,1,1
302,1616,419.13,836.99,17.75,37.10,0.3434,1,1
303,1617,373.20,632.79,126.14,95.29,0.9382,1,1
303,1618,0.04,413.79,39.85,48.05,0.8489,1,1
303,1619,3.88,456.50,38.25,32.79,0.8268,1,1
303,1620,103.06,572.35,17.94,28.30,0.7749,1,1
304,1621,373.20,632.78,126.13,95.30,0.9382,1,1
304,1622,0.03,413.75,39.85,48.09,0.8496,1,1
304,1623,3.88,456.53,38.26,32.77,0.8264,1,1
304,1624,103.08,572.37,17.92,28.29,0.7742,1,1
305,1625,362.35,640.62,127.31,97.01,0.9421,1,1
305,1626,0.03,413.31,40.45,48.87,0.8605,1,1
305,1627,499.27,970.35,35.66,46.87,0.8405,1,1
305,1628,4.05,457.73,39.22,33.73,0.8342,1,1
305,1629,103.16,572.42,18.14,28.86,0.7620,1,1
306,1630,350.93,649.67,126.37,97.31,0.9363,1,1
306,1631,0.04,413.95,41.30,49.14,0.8686,1,1
306,1632,472.99,986.26,30.95,43.92,0.8574,1,1
306,1633,4.84,459.96,38.91,32.71,0.8398,1,1
306,1634,103.21,572.42,18.02,28.76,0.7551,1,1
307,1635,340.08,656.40,127.38,99.84,0.9446,1,1
307,1636,0.07,416.15,42.01,48.01,0.8719,1,1
307,1637,5.12,460.92,39.04,32.20,0.8503,1,1
307,1638,445.31,996.89,35.15,46.19,0.7829,1,1
307,1639,103.31,572.45,17.80,28.69,0.7483,1,1
308,1640,326.38,665.56,126.48,98.34,0.9414,1,1
308,1641,0.04,416.35,42.29,49.34,0.8814,1,1
308,1642,6.01,462.32,38.27,32.09,0.8606,1,1
308,1643,103.33,572.48,17.80,28.90,0.7417,1,1
308,1644,421.08,1010.59,31.11,41.63,0.6315,1,1
309,1645,314.07,675.04,127.54,100.43,0.9389,1,1
309,1646,0.04,416.91,42.59,49.26,0.8838,1,1
309,1647,7.09,462.73,37.64,31.94,0.8689,1,1
309,1648,103.44,572.51,17.78,28.72,0.7409,1,1
309,1649,399.95,1024.78,28.36,35.36,0.6151,1,1
310,1650,314.05,675.07,127.54,100.40,0.9389,1,1
310,1651,0.04,416.88,42.61,49.31,0.8840,1,1
310,1652,7.13,462.72,37.65,31.94,0.8692,1,1
310,1653,103.39,572.49,17.79,28.73,0.7421,1,1
310,1654,399.96,1024.76,28.36,35.39,0.6145,1,1
311,1655,299.24,683.52,127.42,101.71,0.9453,1,1
311,1656,0.05,417.28,42.61,49.60,0.8829,1,1
311,1657,7.73,463.20,37.04,31.82,0.8789,1,1
311,1658,103.23,572.45,17.99,28.69,0.7475,1,1
311,1659,379.17,1027.72,27.34,39.07,0.6837,1,1
312,1660,287.07,691.72,127.37,102.10,0.9480,1,1
312,1661,0.07,418.12,42.78,49.27,0.8827,1,1
312,1662,8.64,464.04,36.53,30.91,0.8797,1,1
312,1663,103.19,572.45,18.01,28.75,0.7518,1,1
312,1664,362.13,1029.14,29.71,42.72,0.3766,1,1
313,1665,274.79,697.83,123.57,102.75,0.9423,1,1
313,1666,0.06,418.11,43.04,49.90,0.8843,1,1
313,1667,8.00,464.78,36.99,30.68,0.8789,1,1
313,1668,103.14,572.42,18.08,28.97,0.7515,1,1
313,1669,347.53,1034.25,29.48,39.88,0.5800,1,1
314,1670,258.86,703.81,123.93,102.32,0.9439,1,1
314,1671,0.06,418.51,43.11,49.81,0.8844,1,1
314,1672,7.67,465.16,37.19,30.55,0.8746,1,1
314,1673,103.22,572.41,18.03,28.99,0.7475,1,1
314,1674,338.56,1034.12,30.22,43.03,0.7075,1,1
315,1675,241.65,708.42,125.48,97.50,0.9455,1,1
315,1676,7.21,465.01,37.89,31.43,0.8814,1,1
315,1677,0.08,418.87,43.19,49.54,0.8810,1,1
315,1678,103.22,572.39,18.08,29.01,0.7519,1,1
316,1679,241.65,708.41,125.47,97.52,0.9455,1,1
316,1680,7.25,465.00,37.88,31.48,0.8822,1,1
316,1681,0.08,418.99,43.14,49.44,0.8804,1,1
316,1682,103.21,572.40,18.08,29.00,0.7528,1,1
317,1683,226.91,711.65,123.96,101.51,0.9520,1,1
317,1684,0.09,418.93,43.05,49.73,0.8819,1,1
317,1685,7.00,465.20,38.11,31.44,0.8809,1,1
317,1686,103.30,572.41,18.04,29.02,0.7555,1,1
318,1687,212.28,719.55,122.54,99.77,0.9334,1,1
318,1688,6.86,465.33,38.17,32.07,0.8832,1,1
318,1689,0.09,418.84,42.87,50.01,0.8803,1,1
318,1690,103.21,572.29,18.12,29.12,0.7635,1,1
319,1691,197.36,726.25,124.51,97.72,0.9427,1,1
319,1692,6.88,465.34,38.20,31.92,0.8823,1,1
319,1693,0.10,418.72,43.02,50.12,0.8798,1,1
319,1694,103.20,572.27,18.09,29.13,0.7644,1,1
320,1695,183.50,732.15,119.81,98.93,0.9471,1,1
320,1696,7.04,465.26,38.48,32.11,0.8872,1,1
320,1697,0.10,418.83,43.00,49.97,0.8791,1,1
320,1698,103.17,572.21,18.03,29.20,0.7645,1,1
321,1699,169.49,738.38,119.93,99.78,0.9335,1,1
321,1700,6.90,465.32,38.40,32.18,0.8859,1,1
321,1701,0.10,418.71,43.05,50.09,0.8797,1,1
321,1702,103.11,572.08,18.12,29.28,0.7731,1,1
322,1703,169.49,738.35,119.99,99.85,0.9337,1,1
322,1704,6.90,465.34,38.42,32.21,0.8854,1,1
322,1705,0.10,418.74,43.06,50.05,0.8798,1,1
322,1706,103.12,572.09,18.11,29.28,0.7729,1,1
323,1707,156.65,744.65,117.99,99.98,0.9388,1,1
323,1708,7.01,465.18,38.40,32.05,0.8879,1,1
323,1709,0.10,418.52,43.02,50.24,0.8804,1,1
323,1710,103.22,572.06,18.03,29.25,0.7751,1,1
324,1711,144.95,751.71,113.91,101.56,0.9253,1,1
324,1712,6.81,465.13,38.58,32.18,0.8894,1,1
324,1713,0.10,418.50,42.94,50.13,0.8791,1,1
324,1714,103.20,572.17,17.93,29.03,0.7719,1,1
325,1715,131.36,759.08,115.23,102.89,0.9413,1,1
325,1716,6.78,465.08,38.61,32.30,0.8919,1,1
325,1717,0.10,418.75,42.91,49.94,0.8805,1,1
325,1718,103.27,572.31,17.86,28.86,0.7652,1,1
326,1719,121.09,767.87,113.08,103.94,0.9208,1,1
326,1720,6.48,464.01,38.97,32.94,0.8928,1,1
326,1721,0.10,419.26,42.97,48.94,0.8844,1,1
326,1722,103.33,572.50,17.73,28.80,0.7538,1,1
327,1723,107.75,775.76,114.81,105.45,0.9313,1,1
327,1724,6.06,463.41,39.50,33.37,0.8897,1,1
327,1725,0.08,418.53,42.96,48.91,0.8844,1,1
327,1726,103.20,573.52,17.85,28.96,0.7545,1,1
328,1727,107.79,775.74,114.77,105.48,0.9309,1,1
328,1728,5.99,463.42,39.56,33.47,0.8898,1,1
328,1729,0.08,418.53,42.96,48.91,0.8844,1,1
328,1730,103.21,573.51,17.85,28.98,0.7543,1,1
329,1731,98.82,783.89,107.61,103.02,0.9195,1,1
329,1732,5.63,462.91,39.99,33.33,0.8888,1,1
329,1733,0.07,417.53,42.76,48.99,0.8846,1,1
329,1734,103.43,572.59,17.76,28.72,0.7503,1,1
329,1735,142.77,979.91,26.11,50.48,0.5303,1,1
330,1736,5.16,461.69,40.32,34.03,0.8780,1,1
330,1737,0.09,416.84,42.09,48.34,0.8777,1,1
330,1738,88.23,790.50,106.85,103.90,0.8270,1,1
330,1739,103.37,572.62,17.82,28.68,0.7484,1,1
330,1740,134.59,980.65,27.21,52.51,0.6708,1,1
331,1741,0.09,416.83,41.59,47.34,0.8719,1,1
331,1742,4.98,460.58,40.17,34.65,0.8714,1,1
331,1743,103.20,573.77,17.86,28.65,0.7548,1,1
331,1744,127.35,985.12,26.54,49.08,0.7391,1,1
331,1745,77.72,795.52,102.72,103.84,0.6083,1,1
332,1746,0.11,415.91,41.11,47.38,0.8610,1,1
332,1747,4.21,458.15,39.89,35.67,0.8558,1,1
332,1748,103.16,573.77,17.84,28.66,0.7561,1,1
332,1749,64.91,800.03,102.56,102.08,0.6153,1,1
333,1750,4.02,456.09,39.74,36.61,0.8580,1,1
333,1751,0.13,415.03,40.30,48.16,0.8434,1,1
333,1752,103.24,573.51,17.89,28.86,0.7506,1,1
333,1753,51.71,800.49,103.85,105.27,0.2816,1,1
334,1754,4.02,456.08,39.73,36.62,0.8583,1,1
334,1755,0.13,415.07,40.29,48.13,0.8433,1,1
334,1756,103.22,573.51,17.92,28.88,0.7523,1,1
334,1757,51.70,800.49,103.86,105.29,0.2851,1,1
335,1758,4.98,452.50,38.92,37.87,0.8756,1,1
335,1759,0.09,414.26,39.92,48.45,0.8498,1,1
335,1760,103.12,573.79,17.98,28.71,0.7558,1,1
335,1761,42.72,802.05,99.95,108.52,0.4179,1,1
336,1762,4.28,451.61,38.64,38.80,0.8805,1,1
336,1763,0.13,413.69,39.55,48.26,0.8486,1,1
336,1764,103.19,572.77,18.04,28.43,0.7561,1,1
336,1765,35.88,807.91,93.56,107.32,0.4440,1,1
337,1766,4.61,450.66,38.41,39.35,0.8878,1,1
337,1767,0.26,413.16,38.80,48.31,0.8496,1,1
337,1768,102.88,572.49,18.47,28.73,0.7746,1,1
338,1769,4.96,449.35,37.91,40.09,0.8890,1,1
338,1770,0.18,414.42,38.55,47.46,0.8520,1,1
338,1771,102.84,572.41,18.45,29.01,0.7666,1,1
339,1772,5.28,448.89,37.29,40.44,0.8965,1,1
339,1773,0.18,414.05,37.91,47.80,0.8564,1,1
339,1774,102.93,572.17,18.54,29.11,0.7712,1,1
339,1775,5.63,817.28,92.07,108.00,0.2841,1,1
340,1776,5.29,448.88,37.26,40.47,0.8965,1,1
340,1777,0.17,414.33,37.91,47.58,0.8566,1,1
340,1778,102.93,572.14,18.54,29.12,0.7729,1,1
340,1779,5.62,817.30,92.08,107.99,0.2886,1,1
341,1780,5.44,447.77,36.60,40.89,0.8981,1,1
341,1781,0.19,414.51,37.36,47.83,0.8627,1,1
341,1782,103.01,572.12,18.81,29.33,0.7784,1,1
341,1783,39.15,569.40,25.57,24.56,0.7521,1,1
341,1784,0.06,819.86,88.02,108.49,0.6701,1,1
342,1785,4.63,447.97,37.08,41.05,0.8989,1,1
342,1786,0.18,414.59,36.87,47.33,0.8636,1,1
342,1787,0.00,818.19,78.89,111.82,0.8432,1,1
342,1788,39.35,561.70,24.94,25.57,0.8243,1,1
342,1789,103.13,572.16,18.93,29.67,0.7757,1,1
343,1790,3.84,448.41,37.41,40.74,0.8963,1,1
343,1791,0.17,414.80,36.64,47.66,0.8633,1,1
343,1792,0.04,813.83,70.96,115.52,0.7905,1,1
343,1793,102.86,574.20,18.93,28.41,0.7743,1,1
343,1794,36.94,554.66,25.06,23.69,0.7621,1,1
344,1795,3.67,449.15,37.43,41.55,0.8951,1,1
344,1796,0.00,792.07,63.71,137.73,0.8576,1,1
344,1797,0.17,415.44,36.41,47.36,0.8574,1,1
344,1798,103.21,574.31,18.40,28.29,0.7832,1,1
344,1799,36.98,547.68,23.43,23.68,0.6723,1,1
345,1800,3.43,449.46,37.04,42.05,0.8823,1,1
345,1801,0.18,416.53,36.21,45.41,0.8591,1,1
345,1802,0.00,792.88,55.20,134.52,0.8534,1,1
345,1803,103.69,574.89,17.69,27.64,0.7804,1,1
345,1804,35.17,538.34,21.73,22.82,0.7572,1,1
346,1805,3.45,449.46,37.00,41.92,0.8823,1,1
346,1806,0.18,416.51,36.21,45.43,0.8594,1,1
346,1807,0.00,792.77,55.18,134.67,0.8488,1,1
346,1808,103.66,574.84,17.71,27.66,0.7783,1,1
346,1809,35.17,538.34,21.72,22.83,0.7573,1,1
347,1810,3.59,450.29,36.43,42.00,0.8729,1,1
347,1811,0.00,793.20,47.23,130.51,0.8691,1,1
347,1812,0.17,418.07,36.23,43.92,0.8565,1,1
347,1813,103.87,575.43,17.29,27.23,0.7982,1,1
347,1814,30.66,533.64,21.14,22.04,0.7704,1,1
348,1815,3.02,450.24,36.44,44.41,0.8732,1,1
348,1816,0.18,418.26,35.87,45.56,0.8645,1,1
348,1817,104.09,576.07,16.78,26.74,0.8147,1,1
348,1818,28.49,523.22,19.82,25.21,0.7309,1,1
348,1819,0.00,791.09,38.60,129.28,0.7137,1,1
349,1820,2.57,450.20,36.60,43.99,0.8747,1,1
349,1821,0.17,419.31,35.87,44.92,0.8649,1,1
349,1822,104.00,575.95,16.71,26.69,0.8041,1,1
349,1823,0.03,795.74,29.56,128.23,0.6471,1,1
349,1824,17.36,563.74,18.71,29.66,0.5635,1,1
349,1825,25.58,517.54,20.80,26.04,0.5508,1,1
350,1826,2.58,449.94,37.03,43.59,0.8707,1,1
350,1827,0.20,419.30,35.75,45.62,0.8642,1,1
350,1828,103.89,575.85,16.85,26.83,0.8063,1,1
350,1829,17.83,563.76,18.38,29.58,0.6875,1,1
350,1830,0.00,801.71,22.68,126.74,0.3568,1,1
350,1831,23.44,509.69,19.22,25.26,0.2989,1,1
351,1832,2.29,450.50,37.33,43.40,0.8780,1,1
351,1833,0.22,419.44,35.82,45.22,0.8633,1,1
351,1834,103.71,575.90,16.98,26.82,0.8030,1,1
351,1835,17.85,563.95,18.76,29.32,0.6636,1,1
351,1836,0.07,823.86,14.61,95.89,0.5381,1,1
352,1837,2.29,450.50,37.33,43.40,0.8779,1,1
352,1838,0.22,419.45,35.82,45.21,0.8631,1,1
352,1839,103.67,575.87,17.03,26.84,0.8033,1,1
352,1840,17.83,563.96,18.77,29.35,0.6648,1,1
352,1841,0.07,823.81,14.61,96.22,0.5350,1,1
353,1842,1.70,451.15,37.74,43.18,0.8640,1,1
353,1843,0.21,418.81,35.98,45.86,0.8530,1,1
353,1844,103.65,575.92,16.99,26.79,0.8030,1,1
353,1845,18.28,564.42,18.32,27.41,0.7564,1,1
354,1846,2.04,451.50,37.47,42.58,0.8504,1,1
354,1847,0.20,419.90,36.02,44.53,0.8439,1,1
354,1848,103.68,575.84,17.01,26.89,0.8019,1,1
354,1849,18.26,564.29,18.31,27.42,0.7380,1,1
355,1850,0.14,420.22,36.13,44.93,0.8391,1,1
355,1851,2.06,453.08,37.27,41.42,0.8284,1,1
355,1852,103.75,575.93,16.89,26.88,0.8012,1,1
355,1853,18.33,563.87,18.20,27.26,0.6987,1,1
356,1854,0.13,420.10,36.11,45.13,0.8383,1,1
356,1855,1.78,454.25,37.46,40.75,0.8232,1,1
356,1856,103.61,575.75,17.06,27.08,0.8049,1,1
356,1857,18.27,564.05,18.24,27.34,0.6797,1,1
357,1858,0.14,420.51,36.23,44.43,0.8361,1,1
357,1859,103.90,575.79,16.85,27.01,0.8002,1,1
357,1860,2.04,455.07,37.32,39.89,0.7954,1,1
357,1861,18.25,564.46,18.26,26.70,0.6967,1,1
358,1862,0.14,420.53,36.23,44.40,0.8363,1,1
358,1863,103.90,575.81,16.82,27.01,0.7994,1,1
358,1864,2.04,455.06,37.32,39.89,0.7960,1,1
358,1865,18.36,564.74,18.26,26.52,0.7048,1,1
359,1866,0.15,420.59,36.18,44.38,0.8336,1,1
359,1867,2.12,455.38,37.01,38.76,0.8064,1,1
359,1868,103.96,575.74,16.82,27.11,0.7986,1,1
359,1869,18.26,564.46,18.56,26.66,0.6562,1,1
360,1870,0.14,420.38,36.31,44.39,0.8325,1,1
360,1871,2.01,455.45,37.69,39.91,0.8127,1,1
360,1872,103.91,575.97,16.83,26.88,0.7993,1,1
360,1873,17.76,564.73,18.56,27.48,0.6196,1,1
361,1874,0.14,420.32,36.40,44.24,0.8456,1,1
361,1875,2.75,455.59,36.83,39.31,0.8410,1,1
361,1876,104.15,576.56,16.70,26.49,0.8087,1,1
361,1877,15.80,562.92,20.26,30.16,0.6679,1,1
362,1878,0.13,420.31,36.45,44.40,0.8478,1,1
362,1879,3.25,455.46,36.15,38.66,0.8310,1,1
362,1880,104.03,577.25,16.88,26.34,0.8210,1,1
362,1881,15.52,562.00,20.52,31.11,0.6376,1,1
363,1882,2.98,455.20,37.22,39.47,0.8587,1,1
363,1883,0.13,420.22,36.28,44.33,0.8515,1,1
363,1884,104.03,577.30,16.90,26.28,0.8208,1,1
363,1885,14.73,561.76,21.30,31.26,0.5394,1,1
364,1886,2.98,455.22,37.23,39.46,0.8583,1,1
364,1887,0.13,420.21,36.29,44.34,0.8516,1,1
364,1888,104.05,577.30,16.88,26.28,0.8207,1,1
364,1889,11.91,561.37,21.07,31.86,0.5352,1,1
365,1890,2.43,453.91,38.54,41.16,0.8709,1,1
365,1891,0.12,418.52,36.21,46.14,0.8521,1,1
365,1892,104.07,577.39,16.81,26.19,0.8207,1,1
365,1893,11.89,561.55,20.55,31.88,0.6129,1,1
366,1894,2.97,452.61,37.90,42.23,0.8693,1,1
366,1895,0.11,418.24,36.09,47.72,0.8559,1,1
366,1896,104.11,577.40,16.74,26.10,0.8197,1,1
366,1897,11.89,561.82,20.29,31.39,0.6119,1,1
367,1898,3.38,452.61,36.70,42.42,0.8592,1,1
367,1899,0.11,417.89,36.00,48.55,0.8525,1,1
367,1900,104.26,577.30,16.68,26.16,0.8194,1,1
367,1901,11.81,562.63,20.91,31.81,0.5146,1,1
368,1902,0.12,417.96,36.16,47.68,0.8550,1,1
368,1903,2.97,452.60,37.47,42.62,0.8478,1,1
368,1904,103.96,576.67,17.19,26.79,0.8126,1,1
368,1905,33.14,533.75,15.48,19.39,0.5777,1,1
368,1906,0.00,979.63,16.10,96.69,0.4892,1,1
369,1907,3.04,452.55,37.29,41.72,0.8566,1,1
369,1908,0.11,418.10,36.32,47.21,0.8549,1,1
369,1909,103.58,576.22,17.91,26.99,0.8084,1,1
369,1910,17.77,567.34,24.98,25.17,0.2673,1,1
370,1911,3.07,452.44,37.27,41.76,0.8562,1,1
370,1912,0.12,418.13,36.28,47.17,0.8545,1,1
370,1913,103.58,576.19,17.93,27.01,0.8084,1,1
370,1914,17.77,567.36,24.95,25.19,0.2759,1,1
371,1915,3.07,452.13,37.43,40.52,0.8684,1,1
371,1916,0.13,417.97,36.27,47.19,0.8546,1,1
371,1917,102.87,574.69,19.08,28.55,0.7988,1,1
371,1918,38.31,561.21,24.35,21.56,0.4393,1,1
372,1919,0.11,417.85,36.36,48.28,0.8706,1,1
372,1920,3.97,456.69,36.71,37.18,0.8296,1,1
372,1921,102.80,574.90,18.41,27.99,0.7327,1,1
373,1922,0.09,418.56,36.94,48.61,0.8659,1,1
373,1923,3.90,460.06,37.01,35.21,0.8165,1,1
373,1924,104.07,572.76,17.11,28.34,0.7620,1,1
373,1925,47.06,580.94,33.03,22.44,0.4000,1,1
374,1926,0.06,419.82,37.81,47.87,0.8740,1,1
374,1927,3.08,461.64,38.59,34.69,0.8065,1,1
374,1928,104.23,573.12,16.70,28.09,0.7575,1,1
374,1929,48.01,583.13,32.88,21.44,0.6564,1,1
375,1930,0.07,419.83,38.21,48.98,0.8724,1,1
375,1931,3.00,462.53,39.55,35.04,0.8350,1,1
375,1932,104.26,573.42,16.62,27.96,0.7477,1,1
375,1933,48.73,583.21,32.49,21.41,0.6753,1,1
376,1934,0.07,419.83,38.21,48.98,0.8724,1,1
376,1935,3.00,462.53,39.56,35.06,0.8348,1,1
376,1936,103.56,575.11,17.05,27.39,0.7483,1,1
376,1937,48.73,583.22,32.51,21.41,0.6706,1,1
377,1938,0.05,420.45,39.06,48.34,0.8787,1,1
377,1939,3.17,463.29,39.90,34.12,0.8409,1,1
377,1940,103.25,575.36,17.27,27.08,0.7456,1,1
377,1941,48.34,583.10,31.96,20.59,0.3762,1,1
378,1942,0.05,420.68,39.68,49.10,0.8797,1,1
378,1943,3.69,464.04,40.49,33.67,0.8668,1,1
378,1944,103.62,573.24,17.57,28.28,0.7577,1,1
379,1945,5.56,463.89,39.39,32.45,0.8777,1,1
379,1946,0.08,421.45,40.13,49.97,0.8766,1,1
379,1947,103.39,572.94,17.58,28.13,0.7745,1,1
380,1948,0.09,422.08,40.46,49.35,0.8787,1,1
380,1949,5.23,464.37,39.59,31.98,0.8747,1,1
380,1950,103.24,572.58,17.82,27.95,0.7914,1,1
381,1951,0.09,422.17,40.70,49.37,0.8794,1,1
381,1952,6.26,464.44,38.67,31.60,0.8755,1,1
381,1953,102.90,572.47,18.22,28.05,0.7795,1,1
382,1954,0.09,422.17,40.68,49.40,0.8796,1,1
382,1955,6.38,464.46,38.49,31.58,0.8737,1,1
382,1956,102.91,572.46,18.23,28.05,0.7799,1,1
383,1957,5.74,464.64,39.26,31.87,0.8840,1,1
383,1958,0.11,422.45,40.78,49.15,0.8785,1,1
383,1959,102.55,571.40,19.11,29.13,0.8081,1,1
384,1960,5.73,464.80,39.17,31.68,0.8879,1,1
384,1961,0.12,422.45,40.70,49.12,0.8786,1,1
384,1962,101.89,570.80,19.58,29.94,0.8056,1,1
385,1963,5.79,464.96,39.31,31.46,0.8942,1,1
385,1964,0.13,422.42,40.75,48.94,0.8788,1,1
385,1965,101.93,570.97,19.18,29.51,0.8171,1,1
386,1966,6.40,465.12,38.86,31.33,0.8960,1,1
386,1967,0.13,422.66,41.07,48.69,0.8784,1,1
386,1968,101.86,570.74,19.47,29.53,0.8176,1,1
387,1969,6.57,465.30,38.83,31.67,0.8942,1,1
387,1970,0.14,422.65,41.32,48.52,0.8790,1,1
387,1971,101.94,571.01,19.49,29.43,0.8140,1,1
388,1972,6.56,465.32,38.84,31.69,0.8942,1,1
388,1973,0.14,422.65,41.32,48.53,0.8790,1,1
388,1974,101.94,571.01,19.49,29.43,0.8140,1,1
389,1975,7.11,465.73,38.45,31.30,0.8904,1,1
389,1976,0.14,422.36,41.73,48.88,0.8801,1,1
389,1977,102.03,571.24,19.40,29.76,0.8064,1,1
390,1978,7.10,465.71,38.55,31.75,0.8870,1,1
390,1979,0.14,422.02,41.96,49.27,0.8805,1,1
390,1980,101.73,571.08,19.52,30.05,0.8033,1,1
391,1981,7.43,465.42,38.58,31.87,0.8919,1,1
391,1982,0.15,421.77,42.18,49.58,0.8801,1,1
391,1983,102.07,570.79,19.34,29.95,0.8042,1,1
392,1984,7.76,465.11,38.18,31.71,0.8900,1,1
392,1985,0.14,421.60,42.13,49.99,0.8806,1,1
392,1986,101.50,571.11,19.85,30.37,0.7927,1,1
393,1987,7.72,464.73,38.41,31.68,0.8905,1,1
393,1988,0.15,421.39,42.77,49.57,0.8810,1,1
393,1989,102.53,571.18,19.02,29.57,0.7908,1,1
394,1990,7.76,464.67,38.41,31.73,0.8905,1,1
394,1991,0.15,421.43,42.87,49.52,0.8805,1,1
394,1992,102.51,571.17,19.03,29.58,0.7907,1,1
395,1993,8.61,464.10,37.58,31.86,0.8891,1,1
395,1994,0.14,421.20,42.66,49.73,0.8804,1,1
395,1995,103.00,571.64,18.76,28.79,0.7938,1,1
395,1996,57.79,580.73,37.24,23.28,0.2643,1,1
396,1997,7.54,463.62,38.69,32.66,0.8897,1,1
396,1998,0.12,421.00,42.80,49.71,0.8791,1,1
396,1999,102.97,571.70,18.94,28.44,0.7983,1,1
397,2000,8.47,462.68,38.23,33.58,0.8919,1,1
397,2001,0.15,420.73,42.97,49.74,0.8771,1,1
397,2002,103.34,571.92,18.58,28.58,0.7876,1,1
398,2003,8.69,462.63,38.26,33.61,0.8934,1,1
398,2004,0.17,420.55,43.12,49.75,0.8781,1,1
398,2005,103.29,571.72,18.59,28.52,0.7994,1,1
399,2006,8.04,461.87,39.10,34.53,0.8939,1,1
399,2007,0.18,420.37,42.96,49.82,0.8746,1,1
399,2008,103.58,572.16,18.29,28.17,0.7894,1,1
400,2009,8.07,461.86,39.07,34.52,0.8947,1,1
400,2010,0.18,420.24,42.92,49.98,0.8743,1,1
400,2011,103.59,572.15,18.29,28.17,0.7894,1,1
401,2012,8.70,461.47,38.64,34.91,0.8918,1,1
401,2013,0.20,420.09,43.33,50.04,0.8726,1,1
401,2014,103.70,572.41,18.35,28.28,0.7843,1,1
402,2015,7.50,461.55,39.66,35.28,0.8924,1,1
402,2016,0.24,419.92,43.22,49.69,0.8707,1,1
402,2017,103.50,572.08,18.59,28.59,0.7901,1,1
403,2018,7.71,461.16,39.51,35.09,0.8927,1,1
403,2019,0.26,419.77,43.29,49.87,0.8706,1,1
403,2020,103.73,572.41,18.51,28.68,0.7796,1,1
404,2021,7.17,461.24,39.99,36.01,0.8876,1,1
404,2022,0.29,419.58,43.36,49.61,0.8675,1,1
404,2023,104.29,572.59,18.01,28.86,0.7598,1,1
405,2024,7.00,461.40,40.24,36.58,0.8854,1,1
405,2025,0.31,419.35,43.51,49.74,0.8661,1,1
405,2026,104.47,572.61,17.85,28.90,0.7536,1,1
406,2027,7.00,461.40,40.25,36.58,0.8849,1,1
406,2028,0.30,419.25,43.53,49.83,0.8662,1,1
406,2029,104.46,572.61,17.86,28.91,0.7542,1,1
407,2030,6.83,461.62,40.36,36.40,0.8866,1,1
407,2031,0.30,419.43,43.56,49.64,0.8675,1,1
407,2032,104.61,572.78,17.66,28.69,0.7401,1,1
408,2033,7.04,462.02,40.22,36.26,0.8889,1,1
408,2034,0.28,419.50,43.78,49.68,0.8700,1,1
408,2035,104.24,573.85,17.72,28.39,0.7429,1,1
409,2036,7.30,462.32,40.16,36.48,0.8916,1,1
409,2037,0.27,419.46,43.89,50.16,0.8723,1,1
409,2038,104.20,574.00,17.70,28.12,0.7437,1,1
410,2039,7.38,462.37,40.11,36.58,0.8910,1,1
410,2040,0.25,419.64,44.10,50.22,0.8740,1,1
410,2041,104.37,572.92,17.74,28.26,0.7435,1,1
411,2042,7.80,462.46,39.72,36.16,0.8921,1,1
411,2043,0.26,420.07,44.03,49.89,0.8739,1,1
411,2044,104.45,572.85,17.69,28.42,0.7454,1,1
412,2045,7.85,462.47,39.69,36.17,0.8929,1,1
412,2046,0.26,420.07,44.07,49.90,0.8739,1,1
412,2047,104.45,572.91,17.71,28.48,0.7400,1,1
413,2048,8.01,462.52,39.59,36.16,0.8915,1,1
413,2049,0.26,420.15,44.09,49.86,0.8742,1,1
413,2050,104.04,573.78,17.89,28.33,0.7381,1,1
414,2051,7.76,462.70,39.70,36.24,0.8916,1,1
414,2052,0.26,420.20,44.02,49.90,0.8744,1,1
414,2053,104.06,573.81,17.88,28.31,0.7352,1,1
415,2054,7.72,462.80,39.71,36.16,0.8927,1,1
415,2055,0.27,420.17,43.89,50.06,0.8738,1,1
415,2056,104.27,572.92,18.02,28.42,0.7418,1,1
416,2057,7.81,462.98,39.64,36.16,0.8908,1,1
416,2058,0.27,420.16,43.90,50.00,0.8742,1,1
416,2059,104.31,572.92,18.04,28.62,0.7400,1,1
417,2060,8.05,463.13,39.40,35.66,0.8908,1,1
417,2061,0.27,420.43,44.07,49.93,0.8742,1,1
417,2062,104.17,572.83,18.26,28.70,0.7538,1,1
418,2063,8.17,463.10,39.30,35.64,0.8908,1,1
418,2064,0.27,420.40,44.07,50.01,0.8741,1,1
418,2065,104.18,572.85,18.24,28.70,0.7523,1,1
419,2066,7.73,463.28,39.71,35.78,0.8919,1,1
419,2067,0.27,420.59,44.06,49.60,0.8724,1,1
419,2068,104.30,572.82,18.12,28.64,0.7530,1,1
420,2069,7.35,463.41,39.96,35.88,0.8910,1,1
420,2070,0.28,420.52,44.03,49.50,0.8726,1,1
420,2071,104.29,572.81,18.05,28.52,0.7548,1,1
421,2072,8.66,464.23,38.80,36.29,0.8949,1,1
421,2073,0.31,420.61,44.42,50.48,0.8725,1,1
421,2074,104.83,572.89,17.64,28.48,0.7485,1,1
422,2075,9.46,464.95,37.93,35.90,0.8951,1,1
422,2076,0.30,420.66,44.49,51.03,0.8738,1,1
422,2077,104.50,573.10,18.14,28.29,0.7413,1,1
423,2078,9.54,464.90,37.84,35.90,0.8953,1,1
423,2079,0.31,420.72,44.48,51.03,0.8728,1,1
423,2080,103.89,574.07,18.31,27.87,0.7407,1,1
424,2081,9.55,464.89,37.82,35.92,0.8952,1,1
424,2082,0.31,420.72,44.48,51.02,0.8727,1,1
424,2083,103.89,574.05,18.32,27.89,0.7402,1,1
425,2084,9.54,464.98,37.99,35.98,0.8967,1,1
425,2085,0.33,420.75,44.60,50.93,0.8717,1,1
425,2086,103.93,574.14,18.25,27.80,0.7365,1,1
426,2087,9.83,464.81,38.02,36.10,0.8978,1,1
426,2088,0.32,420.83,44.85,50.84,0.8708,1,1
426,2089,104.49,573.13,18.02,28.27,0.7424,1,1
427,2090,9.72,464.76,38.18,36.09,0.8988,1,1
427,2091,0.34,421.04,44.87,50.63,0.8705,1,1
427,2092,104.16,574.31,17.82,27.87,0.7390,1,1
428,2093,9.80,464.76,38.16,36.24,0.9000,1,1
428,2094,0.37,421.13,44.97,50.68,0.8693,1,1
428,2095,104.50,574.81,17.29,27.67,0.7746,1,1
429,2096,9.95,464.78,38.00,36.22,0.9022,1,1
429,2097,0.38,421.27,45.11,50.47,0.8681,1,1
429,2098,104.11,574.61,17.49,27.72,0.7586,1,1
430,2099,9.96,464.76,37.99,36.27,0.9021,1,1
430,2100,0.39,421.37,45.18,50.39,0.8685,1,1
430,2101,104.10,574.57,17.51,27.77,0.7581,1,1
431,2102,10.06,464.68,37.90,36.45,0.9042,1,1
431,2103,0.40,421.40,45.22,50.44,0.8686,1,1
431,2104,103.80,574.36,18.03,27.93,0.7405,1,1
432,2105,10.47,464.71,37.51,36.14,0.9060,1,1
432,2106,0.42,421.83,45.13,50.10,0.8693,1,1
432,2107,103.66,574.55,18.28,28.02,0.7565,1,1
433,2108,10.59,464.46,37.39,36.31,0.9071,1,1
433,2109,0.39,422.17,43.78,50.19,0.8669,1,1
433,2110,103.70,574.63,18.12,28.00,0.7682,1,1
434,2111,10.64,464.44,36.94,35.81,0.9032,1,1
434,2112,0.28,422.16,43.75,50.71,0.8724,1,1
434,2113,103.32,574.13,18.71,28.35,0.7621,1,1
434,2114,38.89,570.70,26.92,23.18,0.6700,1,1
435,2115,10.59,464.39,36.63,35.26,0.8990,1,1
435,2116,0.23,422.68,42.91,50.20,0.8714,1,1
435,2117,41.39,562.59,23.12,23.87,0.7878,1,1
435,2118,103.45,574.33,18.67,27.94,0.7738,1,1
436,2119,10.57,464.40,36.64,35.27,0.8989,1,1
436,2120,0.23,422.67,42.91,50.20,0.8715,1,1
436,2121,41.45,562.52,23.07,23.90,0.7878,1,1
436,2122,103.45,574.33,18.67,27.95,0.7741,1,1
437,2123,9.89,464.14,37.32,36.37,0.8949,1,1
437,2124,0.21,422.93,42.42,50.87,0.8680,1,1
437,2125,104.21,575.07,18.07,27.27,0.7949,1,1
437,2126,38.76,553.51,23.64,22.66,0.5920,1,1
438,2127,10.40,464.31,36.34,36.76,0.8858,1,1
438,2128,0.18,423.91,41.17,49.56,0.8735,1,1
438,2129,104.70,575.53,17.28,27.16,0.8082,1,1
438,2130,37.78,542.14,22.45,24.94,0.6410,1,1
439,2131,8.74,464.49,38.10,38.29,0.8740,1,1
439,2132,0.20,423.97,40.53,50.07,0.8549,1,1
439,2133,104.92,575.83,17.02,26.86,0.8157,1,1
439,2134,33.63,536.59,22.98,24.22,0.7973,1,1
440,2135,8.05,464.02,38.27,38.57,0.8611,1,1
440,2136,0.21,424.34,40.79,50.53,0.8476,1,1
440,2137,105.01,576.14,16.71,26.65,0.8266,1,1
440,2138,29.37,531.03,24.19,23.17,0.7886,1,1
441,2139,8.73,463.80,37.01,37.11,0.8502,1,1
441,2140,0.21,424.71,40.51,50.67,0.8451,1,1
441,2141,105.37,576.55,16.14,26.22,0.8283,1,1
441,2142,26.61,524.70,24.06,27.10,0.7354,1,1
442,2143,8.73,463.86,36.95,37.15,0.8510,1,1
442,2144,0.21,424.74,40.53,50.62,0.8457,1,1
442,2145,105.38,576.55,16.12,26.21,0.8282,1,1
442,2146,26.61,524.67,24.06,27.12,0.7389,1,1
443,2147,8.25,462.88,37.00,35.80,0.8567,1,1
443,2148,25.50,522.60,24.85,24.98,0.8456,1,1
443,2149,0.20,424.20,39.51,52.02,0.8427,1,1
443,2150,105.49,576.63,16.01,26.20,0.8309,1,1
444,2151,8.25,462.59,37.21,37.23,0.8653,1,1
444,2152,25.60,519.52,23.88,24.71,0.8515,1,1
444,2153,0.20,424.31,39.34,52.28,0.8373,1,1
444,2154,105.40,576.63,16.13,26.18,0.8299,1,1
445,2155,6.97,462.34,38.96,38.50,0.8744,1,1
445,2156,0.20,424.16,39.26,52.48,0.8299,1,1
445,2157,105.46,576.78,16.04,26.07,0.8254,1,1
445,2158,24.14,517.76,24.10,23.92,0.7946,1,1
445,2159,3.66,562.02,21.64,29.52,0.3821,1,1
446,2160,7.09,461.94,37.86,37.95,0.8677,1,1
446,2161,0.20,424.31,38.88,52.43,0.8269,1,1
446,2162,105.47,576.78,16.05,26.04,0.8240,1,1
446,2163,23.69,514.41,23.91,24.56,0.6899,1,1
446,2164,4.47,560.37,21.19,29.49,0.5451,1,1
447,2165,6.93,460.81,37.21,37.64,0.8594,1,1
447,2166,0.20,424.65,38.79,51.26,0.8336,1,1
447,2167,105.41,577.09,15.89,26.03,0.8235,1,1
447,2168,5.65,558.48,20.17,29.34,0.6635,1,1
447,2169,23.63,512.52,23.38,24.36,0.5740,1,1
448,2170,6.81,460.84,37.19,37.53,0.8589,1,1
448,2171,0.20,424.62,38.60,51.28,0.8344,1,1
448,2172,105.42,577.08,15.87,26.03,0.8224,1,1
448,2173,5.82,558.73,19.90,29.25,0.6666,1,1
448,2174,23.62,512.52,23.38,24.43,0.5690,1,1
449,2175,6.26,460.13,37.80,39.57,0.8463,1,1
449,2176,0.21,424.60,38.32,51.32,0.8281,1,1
449,2177,105.42,577.06,15.86,26.08,0.8242,1,1
449,2178,22.59,512.22,24.81,23.83,0.6487,1,1
449,2179,5.78,559.04,19.90,28.93,0.5981,1,1
450,2180,6.18,459.53,37.73,39.48,0.8375,1,1
450,2181,0.21,424.98,38.31,50.39,0.8279,1,1
450,2182,105.43,577.07,15.84,26.15,0.8247,1,1
450,2183,22.38,511.36,24.42,24.15,0.6484,1,1
450,2184,5.67,559.14,20.17,29.22,0.5922,1,1
451,2185,6.68,459.67,37.36,39.39,0.8407,1,1
451,2186,0.21,425.17,38.06,50.98,0.8252,1,1
451,2187,105.48,577.07,15.85,26.12,0.8248,1,1
451,2188,22.34,511.32,24.36,24.05,0.6347,1,1
451,2189,5.59,558.78,20.40,29.45,0.6241,1,1
452,2190,6.70,459.60,37.36,39.30,0.8404,1,1
452,2191,0.20,425.10,38.03,51.04,0.8265,1,1
452,2192,105.47,577.08,15.86,26.11,0.8254,1,1
452,2193,22.32,511.49,24.44,23.95,0.6395,1,1
452,2194,5.53,558.67,20.51,29.55,0.5963,1,1
