3,1,2.48,450.22,36.05,42.22,0.8861,1,1
3,2,-0.46,417.43,34.70,48.96,0.8511,1,1
3,3,102.38,575.28,18.65,30.31,0.8300,1,1
4,1,2.49,450.21,36.01,42.23,0.8862,1,1
4,2,-0.25,417.42,34.25,48.95,0.8512,1,1
4,3,102.37,575.26,18.66,30.35,0.8310,1,1
5,1,1.05,448.44,36.44,43.49,0.8850,1,1
5,2,-0.28,415.50,33.62,48.71,0.8378,1,1
5,3,102.50,575.66,18.48,29.98,0.8313,1,1
6,1,0.98,447.30,36.11,44.16,0.8950,1,1
6,2,0.01,414.47,32.21,46.69,0.8298,1,1
6,3,102.34,574.92,18.58,30.30,0.8242,1,1
7,1,0.72,445.42,35.85,45.65,0.8994,1,1
7,2,0.08,413.63,32.28,46.62,0.8399,1,1
7,3,102.40,575.05,18.44,30.14,0.8241,1,1
8,1,0.45,444.42,35.37,46.13,0.9028,1,1
8,2,0.51,413.00,31.00,43.34,0.8514,1,1
8,3,102.39,574.97,18.41,30.28,0.8243,1,1
9,1,0.54,443.49,34.96,46.22,0.9025,1,1
9,2,-0.18,412.30,31.98,45.25,0.8477,1,1
9,3,102.41,575.64,18.33,29.76,0.8260,1,1
10,1,0.64,443.51,34.76,46.16,0.9026,1,1
10,2,-0.13,412.25,31.79,45.36,0.8476,1,1
10,3,102.38,575.14,18.40,30.05,0.8254,1,1
11,1,0.27,442.09,35.09,47.68,0.8985,1,1
11,2,-0.11,412.20,30.39,43.65,0.8494,1,1
11,3,102.33,575.64,18.42,29.82,0.8328,1,1
12,1,0.07,441.68,34.99,48.54,0.8921,1,1
12,2,0.06,411.79,29.85,42.69,0.8493,1,1
12,3,102.42,575.02,18.42,30.14,0.8280,1,1
13,1,0.05,441.15,35.02,49.51,0.8869,1,1
13,2,0.11,411.50,29.55,41.98,0.8489,1,1
13,3,102.57,574.96,18.22,29.94,0.8273,1,1
14,1,0.19,440.98,34.79,49.71,0.8854,1,1
14,2,0.01,411.34,29.92,42.47,0.8475,1,1
14,3,102.65,575.14,18.11,29.82,0.8282,1,1
15,1,0.29,440.94,35.05,51.46,0.8929,1,1
15,2,-0.21,410.91,30.32,43.55,0.8398,1,1
15,3,102.70,575.11,18.09,29.80,0.8282,1,1
16,1,0.49,440.93,34.66,51.43,0.8928,1,1
16,2,-0.12,410.90,30.14,43.58,0.8400,1,1
16,3,102.72,575.18,18.06,29.75,0.8279,1,1
17,1,0.55,440.55,34.53,51.46,0.8927,1,1
17,2,-0.24,410.69,30.18,44.23,0.8365,1,1
17,3,102.72,575.22,18.05,29.74,0.8276,1,1
18,1,0.82,440.03,34.46,51.26,0.8977,1,1
18,2,-0.07,410.62,29.67,43.63,0.8328,1,1
18,3,102.76,575.95,18.11,29.41,0.8236,1,1
19,1,1.19,439.94,34.69,51.05,0.9047,1,1
19,2,-0.02,410.59,29.76,43.80,0.8348,1,1
19,3,102.70,576.07,18.24,29.37,0.8255,1,1
20,1,1.09,439.58,35.34,50.97,0.9073,1,1
20,2,0.19,410.63,29.97,43.58,0.8418,1,1
20,3,102.62,576.17,18.31,29.33,0.8278,1,1
21,1,1.38,439.33,35.61,50.81,0.9086,1,1
21,2,0.16,410.51,30.51,43.90,0.8517,1,1
21,3,102.60,576.06,18.38,29.54,0.8300,1,1
22,1,1.31,439.32,35.75,50.83,0.9085,1,1
22,2,0.09,410.51,30.66,43.89,0.8519,1,1
22,3,102.61,576.06,18.35,29.55,0.8303,1,1
23,1,1.38,439.44,35.71,50.46,0.9121,1,1
23,2,0.04,410.45,31.40,44.83,0.8623,1,1
23,3,102.65,576.20,18.28,29.44,0.8328,1,1
24,1,1.94,439.82,34.87,49.31,0.9096,1,1
24,2,0.13,410.65,31.90,45.17,0.8621,1,1
24,3,102.59,576.07,18.35,29.59,0.8334,1,1
25,1,2.66,440.30,34.14,46.88,0.9148,1,1
25,2,0.06,410.65,32.31,45.57,0.8630,1,1
25,3,102.60,576.08,18.33,29.56,0.8336,1,1
26,1,3.17,440.83,34.15,47.01,0.9156,1,1
26,2,0.23,410.66,32.63,45.28,0.8680,1,1
26,3,102.46,575.72,18.48,29.86,0.8294,1,1
27,1,3.49,441.69,33.91,45.32,0.9176,1,1
27,2,0.17,411.36,32.97,45.23,0.8739,1,1
27,3,102.50,575.59,18.53,29.90,0.8249,1,1
28,1,3.31,441.69,34.27,45.57,0.9173,1,1
28,2,0.10,411.42,33.13,45.18,0.8738,1,1
28,3,102.51,575.62,18.53,29.86,0.8259,1,1
29,1,3.56,443.06,34.36,45.91,0.9194,1,1
29,2,0.19,411.50,33.79,45.46,0.8866,1,1
29,3,102.43,575.68,18.60,29.86,0.8289,1,1
30,1,3.87,446.78,34.01,43.97,0.9077,1,1
30,2,0.21,411.48,35.47,47.19,0.8761,1,1
30,3,102.31,575.59,18.72,30.02,0.8303,1,1
31,1,4.75,449.86,33.88,41.01,0.9060,1,1
31,2,-0.01,411.83,36.07,48.23,0.8805,1,1
31,3,102.20,575.39,18.84,30.24,0.8250,1,1
32,1,4.89,451.10,34.26,39.38,0.9039,1,1
32,2,0.00,412.22,36.54,48.93,0.8771,1,1
32,3,102.23,575.54,18.82,30.16,0.8278,1,1
33,1,5.17,451.97,34.89,38.62,0.9037,1,1
33,2,0.24,412.44,37.10,48.87,0.8799,1,1
33,3,102.29,575.67,18.75,30.04,0.8282,1,1
34,1,4.94,451.99,35.36,38.61,0.9037,1,1
34,2,0.21,412.56,37.24,48.60,0.8799,1,1
34,3,102.28,575.65,18.76,30.04,0.8273,1,1
35,1,4.75,452.88,35.95,38.42,0.9039,1,1
35,2,0.26,413.01,37.68,48.24,0.8833,1,1
35,3,102.28,575.72,18.75,29.94,0.8277,1,1
36,1,5.01,453.49,36.19,37.71,0.9016,1,1
36,2,0.21,413.12,38.27,48.27,0.8858,1,1
36,3,102.35,575.77,18.72,29.89,0.8278,1,1
37,1,5.71,453.80,36.13,37.14,0.9022,1,1
37,2,0.19,413.31,38.77,48.22,0.8876,1,1
37,3,102.43,575.75,18.67,29.84,0.8279,1,1
38,1,5.92,454.38,36.37,37.35,0.8980,1,1
38,2,0.13,413.85,39.18,48.28,0.8886,1,1
38,3,102.57,576.00,18.48,29.57,0.8283,1,1
39,1,6.26,454.81,36.23,36.98,0.8992,1,1
39,2,0.13,414.31,39.56,48.26,0.8932,1,1
39,3,102.57,575.91,18.50,29.63,0.8281,1,1
40,1,6.22,454.80,36.32,36.98,0.8992,1,1
40,2,0.06,414.32,39.72,48.25,0.8932,1,1
40,3,102.61,575.95,18.45,29.59,0.8281,1,1
41,1,6.55,454.99,36.28,36.67,0.8966,1,1
41,2,0.11,414.52,40.05,48.23,0.8960,1,1
41,3,102.68,575.82,18.44,29.67,0.8277,1,1
42,1,6.62,455.06,36.38,36.48,0.8941,1,1
42,2,0.04,414.52,40.53,48.65,0.8971,1,1
42,3,102.72,575.21,18.44,30.00,0.8244,1,1
43,1,6.61,455.00,36.56,36.50,0.8956,1,1
43,2,0.04,414.88,40.73,48.75,0.8988,1,1
43,3,102.77,575.58,18.37,29.86,0.8231,1,1
44,1,6.60,455.50,36.58,36.33,0.8943,1,1
44,2,0.16,415.57,40.72,48.13,0.8988,1,1
44,3,102.70,574.93,18.52,30.16,0.8254,1,1
45,1,6.71,455.44,36.69,36.68,0.8963,1,1
45,2,0.11,415.70,40.97,48.04,0.8980,1,1
45,3,102.77,575.00,18.45,30.07,0.8255,1,1
46,1,6.76,455.40,36.62,36.72,0.8965,1,1
46,2,0.04,415.69,41.11,48.03,0.8978,1,1
46,3,102.76,574.97,18.45,30.10,0.8260,1,1
47,1,7.08,454.97,36.52,37.12,0.8999,1,1
47,2,-0.05,416.04,41.31,48.46,0.9002,1,1
47,3,102.70,574.84,18.45,30.13,0.8235,1,1
48,1,7.17,455.40,37.03,38.49,0.8924,1,1
48,2,-0.09,416.33,41.65,49.27,0.9046,1,1
48,3,102.62,574.73,18.45,30.16,0.8244,1,1
49,1,7.39,452.95,38.18,40.41,0.9029,1,1
49,2,-0.34,416.05,41.94,50.89,0.9002,1,1
49,3,102.63,574.67,18.39,30.24,0.8265,1,1
50,1,9.59,453.38,37.38,39.95,0.8999,1,1
50,2,-0.99,416.31,42.92,56.38,0.9039,1,1
50,3,102.63,574.64,18.29,30.13,0.8286,1,1
51,1,9.43,446.55,39.59,45.20,0.8824,1,1
51,2,-0.35,416.64,41.70,55.98,0.8907,1,1
51,3,102.59,574.55,18.32,30.29,0.8281,1,1
52,1,10.05,446.50,38.36,45.24,0.8822,1,1
52,2,-0.14,416.65,41.29,55.97,0.8909,1,1
52,3,102.60,574.54,18.28,30.28,0.8282,1,1
53,1,8.85,441.98,40.78,50.76,0.8521,1,1
53,2,-0.22,416.60,41.06,56.18,0.8594,1,1
53,3,102.66,574.55,18.25,30.31,0.8284,1,1
54,1,10.53,442.29,38.73,49.43,0.8636,1,1
54,2,-0.04,416.82,41.03,56.23,0.8545,1,1
54,3,102.65,574.47,18.26,30.42,0.8261,1,1
55,1,11.98,443.20,36.98,46.74,0.8916,1,1
55,2,-0.11,416.90,40.78,56.17,0.8528,1,1
55,3,102.70,574.40,18.21,30.45,0.8256,1,1
56,1,12.28,442.65,36.97,46.09,0.8776,1,1
56,2,-0.03,416.94,40.81,56.29,0.8538,1,1
56,3,102.65,574.11,18.27,30.81,0.8215,1,1
57,1,12.45,442.53,37.34,46.64,0.8711,1,1
57,2,0.05,417.03,40.17,55.31,0.8486,1,1
57,3,102.75,573.91,18.26,30.85,0.8198,1,1
58,1,12.49,442.54,37.29,46.63,0.8714,1,1
58,2,0.03,417.03,40.22,55.35,0.8487,1,1
58,3,102.76,573.90,18.24,30.85,0.8200,1,1
59,1,12.21,441.87,37.67,46.80,0.8580,1,1
59,2,-0.11,416.80,40.20,55.60,0.8363,1,1
59,3,102.76,573.96,18.24,30.87,0.8192,1,1
60,1,12.21,441.51,37.85,46.84,0.8412,1,1
60,2,0.04,416.85,39.70,54.81,0.8443,1,1
60,3,102.73,573.66,18.34,31.12,0.8177,1,1
61,1,13.05,441.64,36.98,44.83,0.8244,1,1
61,2,-0.06,416.80,39.47,54.62,0.8381,1,1
61,3,103.14,574.76,17.85,30.28,0.8165,1,1
62,1,12.73,440.97,38.20,46.44,0.8166,1,1
62,2,-0.52,416.38,40.41,57.03,0.8280,1,1
62,3,103.08,574.75,17.98,30.12,0.8252,1,1
63,1,12.69,440.86,38.26,46.55,0.8169,1,1
63,2,-0.35,416.21,39.96,57.13,0.8277,1,1
63,3,103.08,574.78,18.09,30.14,0.8248,1,1
64,1,12.71,440.85,38.24,46.53,0.8179,1,1
64,2,-0.21,416.20,39.68,57.19,0.8281,1,1
64,3,103.05,574.76,18.16,30.16,0.8248,1,1
64,5,-0.04,415.72,43.33,74.91,0.3324,1,1
65,1,12.62,441.11,37.89,45.61,0.8115,1,1
65,2,-0.07,416.05,39.43,56.97,0.8267,1,1
65,3,103.04,574.77,18.17,30.12,0.8265,1,1
65,5,-0.27,415.58,43.76,75.74,0.3158,1,1
66,1,12.45,441.15,38.07,45.44,0.8067,1,1
66,2,-0.08,416.01,39.46,57.19,0.8270,1,1
66,3,103.09,574.80,18.10,29.89,0.8292,1,1
66,5,-0.35,415.51,43.87,76.05,0.3293,1,1
67,1,12.66,440.53,38.46,46.29,0.8027,1,1
67,2,-0.13,415.91,39.57,57.62,0.8233,1,1
67,3,103.06,574.75,18.15,29.90,0.8304,1,1
67,5,-0.41,415.39,43.92,76.31,0.3586,1,1
68,1,12.39,439.89,38.74,46.99,0.7919,1,1
68,2,0.00,415.96,39.11,56.94,0.8151,1,1
68,3,103.04,574.96,18.16,29.82,0.8320,1,1
68,5,-0.77,415.28,44.17,77.08,0.3013,1,1
69,1,13.15,440.42,37.50,45.41,0.7743,1,1
69,2,-0.04,415.82,38.80,56.56,0.8126,1,1
69,3,103.06,575.09,18.15,29.72,0.8316,1,1
69,6,1237.63,43.96,16.63,22.92,0.8258,1,1
70,1,13.16,440.43,37.49,45.34,0.7731,1,1
70,2,-0.02,415.83,38.74,56.51,0.8124,1,1
70,3,103.05,575.09,18.18,29.73,0.8314,1,1
70,6,1237.37,43.99,17.05,22.98,0.8279,1,1
71,1,11.50,439.41,39.88,48.88,0.7585,1,1
71,2,-0.08,415.65,38.48,56.30,0.8063,1,1
71,3,103.04,575.09,18.20,29.73,0.8318,1,1
71,6,1237.17,43.97,16.38,22.47,0.8640,1,1
72,1,11.73,439.27,39.52,48.94,0.7880,1,1
72,2,-1.49,414.74,41.45,63.51,0.8023,1,1
72,3,102.97,575.03,18.27,29.86,0.8306,1,1
72,6,1237.79,43.30,16.35,22.49,0.7526,1,1
73,1,12.23,438.66,39.05,48.75,0.7861,1,1
73,2,-0.81,414.83,39.58,62.07,0.7930,1,1
73,3,102.98,575.07,18.24,29.82,0.8307,1,1
74,1,11.85,438.37,39.18,49.14,0.8321,1,1
74,2,-0.54,414.45,39.02,62.26,0.8007,1,1
74,3,102.97,575.06,18.27,29.89,0.8300,1,1
75,1,11.20,438.04,39.91,50.48,0.8342,1,1
75,2,-0.42,414.42,38.73,62.55,0.7840,1,1
75,3,102.93,575.02,18.31,29.99,0.8290,1,1
76,1,11.25,438.03,39.73,50.53,0.8359,1,1
76,2,-0.30,414.41,38.49,62.69,0.7843,1,1
76,3,102.93,575.02,18.30,29.99,0.8289,1,1
77,1,11.28,437.91,39.56,50.52,0.8411,1,1
77,2,-0.90,414.42,39.59,66.09,0.7743,1,1
77,3,102.96,575.04,18.25,29.87,0.8321,1,1
78,1,11.29,437.78,39.52,50.50,0.8473,1,1
78,2,-0.68,414.31,38.98,66.28,0.7734,1,1
78,3,102.96,575.00,18.29,29.97,0.8299,1,1
79,1,11.25,437.84,39.53,50.44,0.8485,1,1
79,2,-0.36,414.35,38.39,65.86,0.7643,1,1
79,3,102.92,575.41,18.37,29.95,0.8281,1,1
80,1,10.89,437.61,39.91,51.05,0.8391,1,1
80,2,-0.64,414.33,38.91,67.89,0.7624,1,1
80,3,102.88,575.46,18.44,29.93,0.8313,1,1
81,1,10.69,437.75,40.06,51.38,0.8394,1,1
81,2,-0.46,414.30,38.53,67.99,0.7566,1,1
81,3,102.92,575.60,18.42,29.82,0.8358,1,1
82,1,10.79,437.78,39.91,51.18,0.8422,1,1
82,2,-0.27,414.36,38.17,67.82,0.7605,1,1
82,3,102.91,575.61,18.44,29.80,0.8354,1,1
83,1,10.53,437.58,39.92,51.39,0.8376,1,1
83,2,0.73,415.07,38.25,66.68,0.7428,1,1
83,3,102.88,575.65,18.46,29.74,0.8346,1,1
83,5,2.67,414.66,31.78,50.58,0.4206,1,1
84,1,9.64,436.99,40.16,52.56,0.8214,1,1
84,2,-0.11,415.48,38.53,67.45,0.7215,1,1
84,3,102.87,575.69,18.49,29.72,0.8355,1,1
85,1,10.55,438.91,37.32,48.21,0.8827,1,1
85,2,0.30,414.16,35.16,60.66,0.7963,1,1
85,3,102.94,575.83,18.42,29.54,0.8365,1,1
85,9,1223.67,60.90,12.83,21.59,0.6836,1,1
86,1,9.18,440.47,37.20,45.42,0.9167,1,1
86,2,1.16,413.69,34.97,54.67,0.8577,1,1
86,3,103.00,575.91,18.41,29.44,0.8357,1,1
86,9,1223.00,67.36,14.70,27.51,0.7963,1,1
87,1,6.22,440.03,39.17,48.02,0.9094,1,1
87,2,0.77,413.23,35.33,52.17,0.8690,1,1
87,3,103.01,576.02,18.36,29.29,0.8429,1,1
87,9,1225.37,70.52,13.60,25.00,0.8505,1,1
88,1,6.23,440.03,39.13,48.03,0.9094,1,1
88,2,0.36,413.22,36.11,52.13,0.8693,1,1
88,3,103.01,576.03,18.38,29.29,0.8436,1,1
88,9,1225.39,70.60,13.65,24.90,0.8504,1,1
89,1,5.29,441.57,38.20,47.62,0.9057,1,1
89,2,0.73,412.63,35.51,49.24,0.8581,1,1
89,3,102.96,575.94,18.44,29.35,0.8434,1,1
89,9,1226.60,73.18,14.06,23.65,0.8618,1,1
90,1,4.46,445.17,37.21,46.69,0.9026,1,1
90,2,1.36,412.45,36.92,47.78,0.8596,1,1
90,3,102.97,576.00,18.42,29.29,0.8440,1,1
90,9,1225.83,73.25,15.89,25.25,0.8600,1,1
91,1,2.51,446.19,38.89,48.59,0.9073,1,1
91,2,2.05,412.84,36.10,40.44,0.8693,1,1
91,3,102.90,575.87,18.51,29.47,0.8453,1,1
91,9,1225.07,75.58,16.31,24.99,0.8495,1,1
92,1,1.04,446.52,39.49,47.84,0.9088,1,1
92,2,1.29,412.82,37.81,38.09,0.8860,1,1
92,3,103.02,576.08,18.36,29.24,0.8450,1,1
92,9,1223.96,79.49,16.20,24.64,0.8649,1,1
93,1,1.04,448.00,39.31,46.33,0.9029,1,1
93,2,0.55,412.77,39.58,38.49,0.8834,1,1
93,3,103.02,576.22,18.34,29.16,0.8488,1,1
93,9,1221.43,80.78,16.94,25.86,0.8851,1,1
94,1,0.84,448.02,39.72,46.33,0.9029,1,1
94,2,0.25,412.77,40.19,38.50,0.8835,1,1
94,3,103.02,576.23,18.35,29.15,0.8484,1,1
94,9,1221.41,80.80,16.92,25.87,0.8851,1,1
95,1,0.86,448.74,39.78,46.20,0.9030,1,1
95,2,0.00,413.01,40.62,38.95,0.8791,1,1
95,3,102.99,576.35,18.36,29.09,0.8513,1,1
95,9,1219.52,82.03,16.65,25.92,0.8508,1,1
96,1,0.79,448.99,39.94,46.06,0.8995,1,1
96,2,-0.07,413.03,40.74,39.26,0.8778,1,1
96,3,102.98,576.59,18.35,28.93,0.8543,1,1
96,9,1217.42,84.22,15.90,26.42,0.8635,1,1
97,1,0.72,448.93,40.05,45.96,0.8993,1,1
97,2,-0.00,413.01,40.64,39.20,0.8793,1,1
97,3,102.96,576.77,18.38,28.86,0.8587,1,1
97,9,1216.34,86.62,15.77,26.56,0.8683,1,1
97,10,1253.56,1.01,27.81,20.10,0.6296,1,1
98,1,0.71,448.82,40.06,45.85,0.9003,1,1
98,2,0.02,412.94,40.66,39.21,0.8788,1,1
98,3,102.93,576.74,18.42,28.85,0.8595,1,1
98,9,1215.65,88.47,15.67,27.77,0.8531,1,1
98,10,1253.49,1.04,27.45,20.08,0.5975,1,1
99,1,0.73,448.85,40.02,45.70,0.8996,1,1
99,2,0.11,413.14,40.55,38.87,0.8798,1,1
99,3,102.89,576.64,18.49,28.98,0.8599,1,1
99,9,1215.51,91.07,15.82,28.07,0.8623,1,1
99,10,1253.10,1.27,27.43,20.32,0.6210,1,1
100,1,0.71,448.84,40.05,45.70,0.9001,1,1
100,2,0.06,413.13,40.65,38.86,0.8800,1,1
100,3,102.90,576.65,18.48,28.99,0.8607,1,1
100,9,1215.53,91.12,15.81,28.07,0.8623,1,1
100,10,1253.20,1.29,27.16,20.34,0.6213,1,1
101,1,0.73,448.93,39.99,45.59,0.8990,1,1
101,2,0.06,413.11,40.75,38.83,0.8804,1,1
101,3,102.89,576.64,18.49,28.99,0.8612,1,1
101,9,1214.85,91.95,15.10,26.61,0.8586,1,1
101,10,1252.54,1.27,27.35,20.53,0.6212,1,1
102,1,0.62,448.92,40.05,45.89,0.8978,1,1
102,2,0.06,413.09,40.74,38.71,0.8811,1,1
102,3,102.87,576.46,18.54,29.15,0.8599,1,1
102,9,1215.31,91.05,14.11,24.94,0.8229,1,1
102,10,1251.56,1.33,27.71,20.78,0.6019,1,1
103,1,0.60,448.96,40.09,46.20,0.8976,1,1
103,2,0.04,413.07,40.79,38.68,0.8815,1,1
103,3,102.83,576.44,18.56,29.22,0.8606,1,1
103,9,1216.25,89.33,12.14,21.39,0.3837,1,1
103,10,1250.42,0.84,25.71,18.57,0.6811,1,1
104,1,0.74,448.96,39.92,46.02,0.8996,1,1
104,2,0.01,413.10,40.76,38.65,0.8815,1,1
104,3,102.82,576.39,18.57,29.30,0.8605,1,1
104,10,1247.83,0.42,27.48,19.59,0.7528,1,1
105,1,0.70,448.84,39.97,46.30,0.8986,1,1
105,2,-0.00,413.07,40.63,38.57,0.8824,1,1
105,3,102.85,576.39,18.52,29.23,0.8586,1,1
105,10,1246.25,0.37,27.84,19.11,0.7732,1,1
106,1,0.73,448.83,39.92,46.35,0.8987,1,1
106,2,0.00,413.07,40.61,38.58,0.8823,1,1
106,3,102.84,576.36,18.53,29.27,0.8591,1,1
106,10,1245.93,0.37,28.38,19.09,0.7723,1,1
107,1,0.59,448.67,39.97,46.45,0.8995,1,1
107,2,0.02,413.12,40.33,38.31,0.8814,1,1
107,3,102.80,576.33,18.56,29.34,0.8587,1,1
107,10,1241.93,0.18,30.08,20.98,0.8319,1,1
108,1,0.68,448.78,39.78,46.04,0.8984,1,1
108,2,-0.01,413.04,40.41,38.43,0.8819,1,1
108,3,102.98,576.23,18.45,29.18,0.8509,1,1
108,10,1238.88,0.50,30.61,23.31,0.8315,1,1
109,1,0.64,448.71,39.87,46.20,0.8967,1,1
109,2,0.02,413.02,40.36,38.35,0.8838,1,1
109,3,103.04,576.30,18.38,29.09,0.8506,1,1
109,10,1237.43,0.46,30.48,24.83,0.8146,1,1
110,1,0.64,448.62,39.91,46.30,0.8976,1,1
110,2,-0.01,412.89,40.34,38.39,0.8844,1,1
110,3,103.02,576.11,18.43,29.20,0.8491,1,1
110,10,1234.77,1.68,30.85,26.18,0.7421,1,1
111,1,0.59,448.35,39.93,46.41,0.8979,1,1
111,2,0.02,412.89,40.23,38.26,0.8844,1,1
111,3,103.07,576.02,18.42,29.15,0.8434,1,1
111,10,1230.37,2.40,31.70,29.39,0.8106,1,1
112,1,0.60,448.35,39.91,46.46,0.8979,1,1
112,2,0.02,412.89,40.24,38.26,0.8844,1,1
112,3,103.07,576.03,18.42,29.13,0.8435,1,1
112,10,1230.97,2.41,30.24,29.52,0.8104,1,1
113,1,0.54,448.29,39.92,46.72,0.8994,1,1
113,2,-0.05,412.77,40.17,38.34,0.8843,1,1
113,3,103.04,576.00,18.46,29.18,0.8450,1,1
113,10,1229.10,2.53,29.26,29.96,0.8162,1,1
113,11,1233.43,0.84,38.85,23.42,0.6403,1,1
114,1,0.63,448.20,39.85,46.68,0.9015,1,1
114,2,0.01,412.72,39.92,38.09,0.8848,1,1
114,3,103.05,576.09,18.44,29.06,0.8443,1,1
114,10,1226.08,3.18,28.84,30.02,0.8272,1,1
114,11,1230.40,0.98,38.01,23.64,0.6282,1,1
115,1,0.43,447.43,40.11,47.38,0.9021,1,1
115,2,0.10,412.55,39.35,37.29,0.8859,1,1
115,3,103.01,575.47,18.39,29.37,0.8461,1,1
115,10,1223.95,4.25,28.36,30.14,0.8053,1,1
115,11,1225.10,1.16,38.62,24.62,0.6273,1,1
116,1,0.66,445.89,39.27,45.73,0.8871,1,1
116,2,0.19,412.54,38.80,36.34,0.8835,1,1
116,3,103.06,575.40,18.28,29.42,0.8468,1,1
116,10,1221.47,6.09,28.57,30.89,0.7863,1,1
116,11,1221.91,1.31,39.12,25.76,0.7232,1,1
117,1,1.08,444.40,39.57,46.24,0.9036,1,1
117,2,-0.16,412.00,38.83,36.78,0.8787,1,1
117,3,103.11,575.47,18.17,29.34,0.8450,1,1
117,10,1219.28,6.10,29.58,32.68,0.7995,1,1
117,11,1219.63,1.75,38.31,25.34,0.5386,1,1
118,1,1.10,444.38,39.53,46.24,0.9036,1,1
118,2,-0.06,412.01,38.62,36.77,0.8787,1,1
118,3,103.13,575.47,18.14,29.33,0.8452,1,1
118,10,1219.39,6.08,29.26,32.75,0.7991,1,1
118,11,1219.42,1.82,38.01,25.26,0.5365,1,1
119,1,2.28,444.66,39.24,46.20,0.9137,1,1
119,2,-1.36,412.12,40.38,41.07,0.8647,1,1
119,3,103.11,575.44,18.15,29.40,0.8456,1,1
119,10,1219.11,8.85,28.01,31.91,0.8055,1,1
119,11,1217.70,2.06,36.26,24.06,0.6743,1,1
120,1,3.62,442.79,37.53,42.43,0.9195,1,1
120,2,-1.95,411.96,41.18,46.01,0.8626,1,1
120,3,103.12,575.42,18.13,29.37,0.8452,1,1
120,10,1217.32,9.40,28.98,32.74,0.8655,1,1
120,11,1214.88,2.03,36.76,24.37,0.6654,1,1
121,1,4.68,440.25,38.65,45.12,0.9111,1,1
121,2,-1.85,411.82,37.66,46.68,0.8666,1,1
121,3,102.93,575.17,18.37,29.70,0.8440,1,1
121,10,1216.15,10.50,30.29,35.02,0.8822,1,1
121,11,1212.32,1.92,38.14,25.41,0.6571,1,1
122,1,4.55,438.54,39.55,46.19,0.9000,1,1
122,2,-1.84,412.13,37.42,50.50,0.8532,1,1
122,3,102.86,575.18,18.49,29.68,0.8383,1,1
122,10,1214.84,13.04,30.09,35.38,0.8825,1,1
122,11,1210.49,1.65,38.83,26.89,0.7448,1,1
122,12,1279.32,137.07,16.25,26.12,0.3848,1,1
123,1,6.41,436.68,39.26,47.55,0.9034,1,1
123,2,-1.23,412.02,35.67,51.68,0.8625,1,1
123,3,102.86,575.21,18.52,29.65,0.8380,1,1
123,10,1213.73,15.27,30.57,37.83,0.8849,1,1
123,11,1209.10,1.89,38.97,28.21,0.7756,1,1
124,1,6.70,436.67,38.73,47.56,0.9037,1,1
124,2,-0.61,412.02,34.43,51.71,0.8626,1,1
124,3,102.85,575.21,18.56,29.65,0.8379,1,1
124,10,1214.04,15.30,29.91,37.86,0.8849,1,1
124,11,1209.49,1.90,38.08,28.26,0.7756,1,1
125,1,8.08,435.85,38.21,47.69,0.8727,1,1
125,2,-1.35,411.76,34.49,55.22,0.8458,1,1
125,3,102.85,575.23,18.56,29.62,0.8372,1,1
125,10,1213.57,20.85,29.08,37.49,0.8475,1,1
125,11,1207.75,2.08,39.61,30.56,0.7884,1,1
126,1,8.81,433.97,37.76,48.07,0.8764,1,1
126,2,-0.66,411.81,33.18,54.85,0.8428,1,1
126,3,102.88,575.24,18.52,29.55,0.8369,1,1
126,10,1213.89,24.37,26.80,33.13,0.8556,1,1
126,11,1207.47,6.06,39.07,31.51,0.8252,1,1
127,1,9.60,434.05,37.05,47.00,0.8905,1,1
127,2,-0.46,411.65,32.80,55.58,0.8427,1,1
127,3,102.86,575.14,18.53,29.56,0.8374,1,1
127,10,1213.52,27.99,26.77,31.84,0.8691,1,1
127,11,1207.86,8.89,37.55,30.77,0.8360,1,1
128,1,9.75,433.95,37.00,46.50,0.8902,1,1
128,2,-0.39,411.11,32.47,56.20,0.8406,1,1
128,3,102.91,575.20,18.48,29.46,0.8385,1,1
128,10,1213.05,29.69,26.82,30.16,0.8599,1,1
128,11,1207.95,11.00,37.03,30.27,0.8661,1,1
129,1,9.98,433.79,36.80,45.97,0.8939,1,1
129,2,-0.21,410.70,32.16,56.32,0.8410,1,1
129,3,102.92,575.19,18.46,29.42,0.8411,1,1
129,10,1211.72,30.44,30.33,35.92,0.8703,1,1
129,11,1207.97,12.58,36.98,30.39,0.8696,1,1
130,1,9.94,433.80,36.87,45.95,0.8936,1,1
130,2,-0.10,410.70,31.96,56.32,0.8408,1,1
130,3,102.94,575.19,18.42,29.36,0.8419,1,1
130,10,1212.06,30.45,29.68,36.02,0.8705,1,1
130,11,1207.99,12.58,36.92,30.42,0.8701,1,1
131,1,10.09,433.49,36.57,45.41,0.8927,1,1
131,2,-0.18,410.64,32.18,57.24,0.8262,1,1
131,3,102.79,575.00,18.57,29.60,0.8428,1,1
131,10,1211.90,30.85,29.98,36.89,0.8577,1,1
131,11,1208.10,13.49,37.05,30.62,0.8644,1,1
132,1,9.65,432.24,37.09,46.58,0.8854,1,1
132,2,0.06,410.18,31.59,55.99,0.8226,1,1
132,3,102.78,574.87,18.59,29.62,0.8457,1,1
132,10,1211.96,32.47,29.66,37.10,0.8417,1,1
132,11,1208.14,14.45,37.05,30.82,0.8421,1,1
133,1,9.99,432.66,36.31,45.34,0.8975,1,1
133,2,0.02,409.78,31.61,55.99,0.8242,1,1
133,3,102.79,574.93,18.53,29.55,0.8464,1,1
133,10,1211.34,33.93,29.23,36.24,0.8293,1,1
133,11,1207.44,15.44,37.82,31.63,0.8344,1,1
134,1,9.64,433.18,36.03,44.50,0.9062,1,1
134,2,0.24,409.72,31.42,54.92,0.8309,1,1
134,3,102.76,575.02,18.53,29.51,0.8459,1,1
134,10,1211.21,35.00,29.02,35.79,0.8292,1,1
134,11,1206.31,16.62,38.92,33.11,0.8444,1,1
135,1,8.76,432.36,36.20,45.67,0.9024,1,1
135,2,0.33,409.57,31.77,54.57,0.8302,1,1
135,3,102.72,575.00,18.57,29.58,0.8448,1,1
135,10,1210.17,37.67,29.20,34.30,0.8828,1,1
135,11,1204.28,17.75,40.55,35.37,0.8481,1,1
136,1,8.91,432.36,35.89,45.66,0.9023,1,1
136,2,0.19,409.56,32.07,54.56,0.8302,1,1
136,3,102.74,575.02,18.56,29.56,0.8446,1,1
136,10,1209.92,37.70,29.67,34.27,0.8827,1,1
136,11,1204.49,17.78,40.07,35.41,0.8479,1,1
137,1,7.69,434.84,35.44,44.36,0.9077,1,1
137,2,0.92,409.27,32.80,52.29,0.8547,1,1
137,3,102.71,575.08,18.54,29.49,0.8450,1,1
137,10,1208.55,40.98,30.01,33.84,0.8833,1,1
137,11,1202.60,19.16,41.15,37.11,0.8619,1,1
138,1,5.56,436.37,36.78,43.45,0.9038,1,1
138,2,1.25,408.91,34.56,51.21,0.8533,1,1
138,3,102.70,574.99,18.56,29.51,0.8456,1,1
138,10,1206.78,42.84,29.29,32.54,0.8832,1,1
138,11,1201.37,20.99,41.82,38.16,0.8788,1,1
139,1,4.14,439.65,38.03,42.73,0.9091,1,1
139,2,0.92,408.63,36.37,50.73,0.8664,1,1
139,3,102.66,574.83,18.57,29.55,0.8471,1,1
139,10,1203.36,44.78,31.57,34.81,0.9047,1,1
139,11,1199.77,23.61,41.19,36.58,0.8927,1,1
140,1,3.72,443.12,37.82,39.87,0.9095,1,1
140,2,0.58,408.68,37.53,50.15,0.8809,1,1
140,3,102.63,574.82,18.56,29.56,0.8460,1,1
140,10,1200.87,47.73,32.16,36.81,0.8764,1,1
140,11,1197.07,26.70,42.19,38.12,0.8718,1,1
141,1,3.64,445.25,37.95,38.25,0.9040,1,1
141,2,0.24,408.31,38.90,51.21,0.8776,1,1
141,3,102.50,574.56,18.73,29.85,0.8451,1,1
141,10,1200.17,50.67,30.05,34.31,0.9048,1,1
141,11,1194.51,27.71,42.15,39.34,0.8800,1,1
141,13,1262.82,185.87,18.16,25.67,0.4542,1,1
142,1,3.33,445.26,38.55,38.22,0.9041,1,1
142,2,0.11,408.32,39.16,51.22,0.8776,1,1
142,3,102.51,574.59,18.75,29.88,0.8444,1,1
142,10,1200.16,50.68,30.05,34.30,0.9047,1,1
142,11,1194.77,27.73,41.58,39.34,0.8799,1,1
142,13,1261.72,186.53,17.98,25.49,0.4497,1,1
143,1,3.18,447.01,37.81,36.58,0.8856,1,1
143,2,0.34,408.32,39.08,50.25,0.8752,1,1
143,3,102.43,574.51,18.82,30.03,0.8417,1,1
143,10,1198.50,54.51,29.31,33.37,0.8873,1,1
143,11,1191.69,29.66,42.82,40.60,0.8942,1,1
144,1,3.27,448.32,37.72,35.76,0.8847,1,1
144,2,0.45,408.55,38.58,48.07,0.8852,1,1
144,3,102.39,574.45,18.85,30.14,0.8396,1,1
144,10,1194.44,57.57,29.85,34.50,0.8788,1,1
144,11,1188.24,32.53,43.14,40.90,0.9118,1,1
145,1,4.04,449.46,36.63,33.93,0.8806,1,1
145,2,0.31,408.70,39.36,48.00,0.8907,1,1
145,3,102.41,574.52,18.82,30.11,0.8385,1,1
145,10,1190.30,59.25,30.73,36.40,0.8927,1,1
145,11,1184.57,35.02,43.80,41.07,0.9113,1,1
146,1,3.81,450.05,36.97,34.34,0.8795,1,1
146,2,0.39,409.29,40.10,47.55,0.8941,1,1
146,3,102.26,574.05,19.03,30.55,0.8403,1,1
146,10,1186.07,61.71,30.69,35.81,0.8800,1,1
146,11,1181.03,36.62,42.98,38.87,0.9108,1,1
147,1,4.82,451.10,36.21,33.24,0.8809,1,1
147,2,0.39,409.96,40.82,47.14,0.9016,1,1
147,3,102.28,574.11,19.03,30.60,0.8371,1,1
147,10,1182.67,62.97,29.44,34.45,0.8456,1,1
147,11,1177.19,37.96,43.75,39.85,0.9231,1,1
148,1,4.74,451.11,36.38,33.22,0.8808,1,1
148,2,0.20,409.97,41.20,47.13,0.9016,1,1
148,3,102.31,574.13,19.01,30.58,0.8371,1,1
148,10,1182.62,63.00,29.35,34.41,0.8457,1,1
148,11,1177.21,37.97,43.67,39.83,0.9231,1,1
149,1,5.38,451.63,35.97,32.58,0.8828,1,1
149,2,0.21,410.60,41.55,47.06,0.8988,1,1
149,3,102.33,574.18,18.95,30.50,0.8391,1,1
149,10,1178.20,64.03,30.56,34.87,0.9022,1,1
149,11,1172.91,39.21,44.10,41.48,0.9186,1,1
150,1,5.63,453.39,36.39,34.00,0.8823,1,1
150,2,0.24,411.45,41.76,46.78,0.8993,1,1
150,3,102.39,574.38,18.80,30.14,0.8403,1,1
150,10,1174.86,66.18,30.37,34.07,0.9082,1,1
150,11,1169.26,40.43,43.99,40.85,0.9082,1,1
151,1,6.19,453.77,35.80,34.15,0.8870,1,1
151,2,0.42,412.12,42.29,46.18,0.9007,1,1
151,3,102.31,574.39,18.88,30.22,0.8389,1,1
151,10,1171.91,67.28,30.75,35.90,0.9103,1,1
151,11,1166.14,42.33,43.40,40.61,0.8989,1,1
152,1,5.98,454.84,36.00,34.92,0.8946,1,1
152,2,0.17,412.12,43.11,46.87,0.9027,1,1
152,3,102.26,574.43,18.96,30.29,0.8345,1,1
152,10,1169.57,69.46,29.94,34.66,0.8844,1,1
152,11,1163.18,43.59,43.06,40.55,0.9017,1,1
152,14,1222.29,206.87,14.72,27.36,0.3700,1,1
153,1,6.61,455.43,35.60,34.52,0.8921,1,1
153,2,0.03,412.31,43.70,47.83,0.9030,1,1
153,3,102.08,574.42,19.11,30.39,0.8344,1,1
153,10,1166.02,71.24,31.10,36.99,0.8941,1,1
153,11,1160.22,45.61,42.47,40.16,0.9019,1,1
154,1,6.61,455.44,35.61,34.52,0.8920,1,1
154,2,0.08,412.31,43.61,47.85,0.9029,1,1
154,3,102.06,574.42,19.16,30.38,0.8346,1,1
154,10,1166.10,71.23,30.83,37.07,0.8940,1,1
154,11,1160.22,45.64,42.42,40.15,0.9020,1,1
155,1,6.54,455.98,35.95,34.58,0.8905,1,1
155,2,-0.01,412.42,43.72,48.46,0.9024,1,1
155,3,101.89,574.62,19.27,30.43,0.8303,1,1
155,10,1162.95,72.38,31.22,38.90,0.8868,1,1
155,11,1157.47,47.98,42.75,40.61,0.9018,1,1
156,1,7.41,456.28,35.33,34.19,0.8905,1,1
156,2,0.11,413.31,43.73,48.50,0.9037,1,1
156,3,101.88,574.64,19.27,30.32,0.8318,1,1
156,10,1159.58,75.60,30.90,38.24,0.8930,1,1
156,11,1154.85,50.74,41.84,39.38,0.9004,1,1
156,13,1228.98,213.11,19.01,27.31,0.4741,1,1
157,1,7.27,456.60,35.36,33.85,0.8869,1,1
157,2,0.16,413.60,43.62,48.23,0.9034,1,1
157,3,101.75,574.53,19.26,30.22,0.8346,1,1
157,10,1157.17,79.68,30.05,37.31,0.8951,1,1
157,11,1152.24,53.57,42.04,40.31,0.9034,1,1
157,13,1230.56,213.13,19.07,25.87,0.4660,1,1
158,1,6.84,456.43,35.79,34.10,0.8860,1,1
158,2,0.02,413.52,43.71,48.68,0.9013,1,1
158,3,101.78,574.66,19.26,30.16,0.8336,1,1
158,10,1153.97,82.64,30.55,38.59,0.8888,1,1
158,11,1149.34,57.81,40.98,38.86,0.8852,1,1
158,13,1231.44,212.35,18.01,22.77,0.4205,1,1
159,1,6.63,456.73,35.91,33.98,0.8822,1,1
159,2,0.07,414.09,43.61,48.65,0.9005,1,1
159,3,101.92,574.64,19.19,30.04,0.8342,1,1
159,10,1150.89,86.86,31.66,40.06,0.8864,1,1
159,11,1145.59,61.76,42.76,39.48,0.9003,1,1
160,1,6.57,456.75,36.00,33.96,0.8825,1,1
160,2,0.09,414.09,43.60,48.67,0.9007,1,1
160,3,101.92,574.62,19.19,30.05,0.8342,1,1
160,10,1150.86,86.91,31.65,40.08,0.8864,1,1
160,11,1145.38,61.80,43.15,39.46,0.9008,1,1
161,1,6.90,456.89,35.83,33.83,0.8870,1,1
161,2,0.05,414.25,43.67,48.90,0.9015,1,1
161,3,101.92,574.57,19.17,30.06,0.8345,1,1
161,10,1147.97,90.54,31.33,39.28,0.8969,1,1
161,11,1142.70,64.65,44.29,42.06,0.8977,1,1
162,1,6.91,457.64,36.01,33.79,0.8861,1,1
162,2,0.23,415.00,43.59,48.30,0.9015,1,1
162,3,102.01,574.51,19.11,30.05,0.8338,1,1
162,10,1144.71,93.82,31.76,39.06,0.9006,1,1
162,11,1140.56,67.42,43.78,40.72,0.9107,1,1
163,1,6.60,458.09,36.66,34.22,0.8900,1,1
163,2,0.27,415.48,44.15,48.39,0.8983,1,1
163,3,102.10,574.34,19.10,30.12,0.8359,1,1
163,10,1142.30,95.17,31.70,40.57,0.9055,1,1
163,11,1138.12,69.85,44.58,41.83,0.9080,1,1
164,1,7.07,458.34,36.41,34.00,0.8876,1,1
164,2,0.23,415.88,44.48,48.40,0.8993,1,1
164,3,102.12,574.39,19.05,30.10,0.8364,1,1
164,10,1139.55,95.53,31.33,42.38,0.9157,1,1
164,11,1136.75,71.74,45.17,43.23,0.9035,1,1
165,1,6.89,458.59,36.55,34.16,0.8911,1,1
165,2,0.16,415.82,44.66,48.57,0.8987,1,1
165,3,102.15,574.47,19.01,30.04,0.8373,1,1
165,10,1136.37,98.26,31.84,41.37,0.9227,1,1
165,11,1134.21,72.16,45.78,44.28,0.8978,1,1
166,1,6.89,458.59,36.54,34.17,0.8911,1,1
166,2,0.15,415.82,44.66,48.56,0.8987,1,1
166,3,102.15,574.45,19.01,30.04,0.8377,1,1
166,10,1136.18,98.29,32.19,41.36,0.9227,1,1
166,11,1134.28,72.16,45.60,44.32,0.8979,1,1
167,1,7.09,458.75,36.66,33.97,0.8938,1,1
167,2,0.03,415.87,44.90,49.22,0.9007,1,1
167,3,102.23,574.52,18.89,29.83,0.8398,1,1
167,10,1132.52,99.62,32.71,42.43,0.9065,1,1
167,11,1130.87,74.59,48.02,46.47,0.9083,1,1
168,1,7.01,458.74,36.81,33.97,0.8947,1,1
168,2,0.08,415.81,44.82,49.33,0.9013,1,1
168,3,102.16,574.60,18.93,29.84,0.8406,1,1
168,10,1128.28,100.84,32.41,40.76,0.8889,1,1
168,11,1126.68,75.49,49.35,47.26,0.9061,1,1
168,13,1212.84,238.35,19.20,23.79,0.2704,1,1
169,1,7.27,458.91,36.62,33.72,0.8948,1,1
169,2,0.09,415.72,44.85,49.53,0.9036,1,1
169,3,102.16,574.76,18.92,29.70,0.8433,1,1
169,10,1124.16,103.45,32.27,38.92,0.8998,1,1
169,11,1122.58,76.72,50.85,49.10,0.9026,1,1
170,1,7.25,458.92,36.61,33.65,0.8940,1,1
170,2,0.12,415.72,44.79,49.51,0.9035,1,1
170,3,102.18,574.84,18.90,29.62,0.8441,1,1
170,10,1120.86,105.51,33.78,41.81,0.9151,1,1
170,11,1119.81,79.10,50.43,48.25,0.9200,1,1
171,1,6.83,459.04,36.89,33.57,0.8968,1,1
171,2,0.13,415.76,44.76,49.47,0.9043,1,1
171,3,102.17,574.73,19.00,29.81,0.8415,1,1
171,10,1116.40,107.81,34.45,41.48,0.9149,1,1
171,11,1115.07,81.31,52.58,48.83,0.9236,1,1
172,1,6.76,459.02,37.02,33.51,0.8967,1,1
172,2,0.11,415.76,44.70,49.46,0.9045,1,1
172,3,102.16,574.73,19.01,29.83,0.8413,1,1
172,10,1116.23,107.83,34.76,41.48,0.9149,1,1
172,11,1114.83,81.30,53.07,48.86,0.9238,1,1
172,16,1189.07,262.49,24.52,27.92,0.4569,1,1
173,1,6.77,459.01,37.16,33.68,0.8960,1,1
173,2,0.09,415.75,44.63,49.50,0.9041,1,1
173,3,102.14,574.66,18.97,29.81,0.8425,1,1
173,10,1111.66,109.67,34.66,41.94,0.9173,1,1
173,11,1110.13,83.30,54.25,49.10,0.9151,1,1
173,16,1178.86,268.55,24.43,28.44,0.6752,1,1
174,1,6.74,459.01,37.21,33.74,0.8956,1,1
174,2,0.11,415.76,44.57,49.51,0.9042,1,1
174,3,102.15,574.66,18.95,29.78,0.8437,1,1
174,10,1107.51,112.71,34.58,41.91,0.9172,1,1
174,11,1105.79,87.28,54.47,48.84,0.9112,1,1
174,16,1167.96,275.24,22.69,26.69,0.5174,1,1
175,1,6.50,458.95,37.35,33.65,0.8983,1,1
175,2,0.12,415.75,44.52,49.48,0.9041,1,1
175,3,102.16,574.60,18.97,29.85,0.8423,1,1
175,10,1102.45,116.29,34.90,41.44,0.8979,1,1
175,11,1100.18,89.91,55.79,49.00,0.9141,1,1
175,16,1153.57,275.89,22.47,27.31,0.6556,1,1
176,1,6.36,458.77,37.47,33.64,0.8947,1,1
176,2,-0.05,414.87,44.53,50.02,0.9005,1,1
176,3,102.11,574.54,19.03,30.00,0.8415,1,1
176,10,1096.23,118.48,36.26,44.22,0.9076,1,1
176,11,1095.18,94.08,57.37,49.35,0.9267,1,1
176,16,1141.54,276.45,22.10,28.54,0.7434,1,1
177,1,6.49,458.17,37.49,33.87,0.8897,1,1
177,2,0.18,415.06,43.99,49.18,0.9012,1,1
177,3,102.17,574.65,19.03,29.99,0.8413,1,1
177,10,1092.12,123.79,34.60,42.45,0.9247,1,1
177,11,1090.08,97.60,56.19,47.71,0.9087,1,1
178,1,6.54,458.16,37.39,33.87,0.8896,1,1
178,2,0.14,415.05,44.06,49.18,0.9014,1,1
178,3,102.17,574.66,19.04,30.00,0.8412,1,1
178,10,1092.14,123.81,34.52,42.45,0.9249,1,1
178,11,1089.91,97.63,56.44,47.70,0.9086,1,1
179,1,6.12,457.46,37.22,34.26,0.8859,1,1
179,2,-0.02,414.26,43.95,49.47,0.9026,1,1
179,3,102.14,574.51,19.13,30.29,0.8413,1,1
179,10,1086.14,126.43,35.40,43.91,0.9068,1,1
179,11,1084.21,100.49,56.39,47.83,0.9140,1,1
180,1,5.79,457.13,36.98,33.55,0.8900,1,1
180,2,-0.00,413.24,43.69,49.53,0.9036,1,1
180,3,102.18,574.67,19.01,30.18,0.8399,1,1
180,10,1080.44,128.77,34.93,42.71,0.8973,1,1
180,11,1078.78,102.54,57.73,49.50,0.8980,1,1
181,1,4.21,455.61,38.14,34.66,0.8998,1,1
181,2,-0.03,412.27,42.92,49.20,0.9046,1,1
181,3,102.42,575.69,18.96,30.23,0.8711,1,1
181,10,1075.75,131.42,35.10,42.96,0.8923,1,1
181,11,1072.23,103.80,56.45,48.86,0.9135,1,1
182,1,3.96,454.79,37.84,34.33,0.8974,1,1
182,2,-0.07,411.73,42.05,48.88,0.9024,1,1
182,3,102.43,575.77,18.92,30.18,0.8708,1,1
182,10,1070.27,133.19,36.12,44.06,0.8928,1,1
182,11,1066.48,105.66,55.50,47.54,0.9040,1,1
183,1,3.02,452.52,38.84,35.80,0.8808,1,1
183,2,0.12,411.30,41.16,47.80,0.9010,1,1
183,3,102.45,575.70,18.90,30.14,0.8695,1,1
183,10,1065.85,136.75,35.42,42.81,0.9322,1,1
183,11,1061.32,107.12,53.84,48.27,0.9193,1,1
184,1,3.16,452.49,38.56,35.81,0.8809,1,1
184,2,0.12,411.32,41.16,47.75,0.9011,1,1
184,3,102.45,575.70,18.91,30.16,0.8697,1,1
184,10,1065.78,136.74,35.46,42.80,0.9322,1,1
184,11,1061.61,107.10,53.19,48.30,0.9191,1,1
184,18,1105.85,294.88,16.66,28.25,0.8555,1,1
185,1,2.89,450.89,38.59,36.42,0.8774,1,1
185,2,0.01,410.17,40.71,47.68,0.9006,1,1
185,3,102.44,575.78,18.89,30.05,0.8693,1,1
185,10,1061.57,137.84,36.11,44.45,0.9293,1,1
185,11,1056.51,108.86,53.31,49.54,0.9133,1,1
185,18,1106.56,299.30,17.39,30.30,0.8578,1,1
186,1,1.92,449.45,38.90,37.19,0.8861,1,1
186,2,0.02,409.29,40.11,47.20,0.8993,1,1
186,3,102.43,575.80,18.89,30.00,0.8670,1,1
186,10,1057.13,140.21,37.63,46.61,0.9095,1,1
186,11,1052.24,110.94,52.19,48.55,0.9078,1,1
186,18,1109.97,303.27,18.19,31.22,0.8656,1,1
187,1,1.48,446.42,39.61,39.62,0.8973,1,1
187,2,0.01,408.93,40.03,47.29,0.8916,1,1
187,3,102.55,575.91,18.80,29.81,0.8641,1,1
187,10,1052.57,143.91,36.40,44.76,0.8933,1,1
187,11,1048.56,113.95,49.86,46.57,0.8994,1,1
187,18,1115.40,305.33,19.14,31.20,0.8625,1,1
188,1,1.94,444.18,38.60,41.08,0.9172,1,1
188,2,0.00,408.24,39.78,46.99,0.8918,1,1
188,3,102.46,575.71,18.89,29.93,0.8592,1,1
188,10,1049.11,147.18,36.10,44.41,0.8944,1,1
188,11,1044.05,117.42,50.17,48.36,0.9076,1,1
188,18,1121.71,308.80,19.47,29.64,0.8352,1,1
189,1,1.79,443.01,38.35,42.34,0.9162,1,1
189,2,-0.09,407.58,39.28,46.73,0.8928,1,1
189,3,102.32,574.64,18.98,30.44,0.8288,1,1
189,10,1045.39,151.11,36.53,45.85,0.9154,1,1
189,11,1040.29,120.67,49.77,47.88,0.9015,1,1
189,18,1126.35,309.34,20.15,28.11,0.8190,1,1
190,1,2.02,443.02,37.89,42.32,0.9163,1,1
190,2,-0.03,407.63,39.15,46.66,0.8928,1,1
190,3,102.39,574.62,18.84,30.45,0.8290,1,1
190,10,1045.48,151.13,36.30,45.83,0.9154,1,1
190,11,1040.19,120.68,49.84,47.90,0.9017,1,1
190,18,1125.97,309.39,21.17,28.01,0.8216,1,1
191,1,1.66,442.47,38.06,42.80,0.9122,1,1
191,2,-0.05,406.98,39.42,47.15,0.8878,1,1
191,3,102.29,574.58,18.77,30.41,0.8323,1,1
191,10,1040.90,155.33,36.23,46.43,0.8976,1,1
191,11,1036.64,124.88,48.34,46.00,0.9098,1,1
191,18,1129.90,307.74,20.97,26.81,0.8173,1,1
192,1,1.87,441.47,38.33,43.65,0.9120,1,1
192,2,-0.09,406.66,39.61,47.63,0.8815,1,1
192,3,102.39,574.34,18.65,30.34,0.8355,1,1
192,10,1037.56,161.71,36.09,44.60,0.9166,1,1
192,11,1033.67,130.83,48.83,46.98,0.9063,1,1
192,18,1133.52,307.12,19.52,24.03,0.8238,1,1
193,1,2.21,440.91,38.74,44.18,0.9148,1,1
193,2,0.01,406.74,39.74,47.75,0.8788,1,1
193,3,102.42,574.03,18.62,30.24,0.8468,1,1
193,10,1034.68,165.69,36.14,45.91,0.9121,1,1
193,11,1030.54,135.53,49.14,47.17,0.9107,1,1
194,1,2.53,440.96,38.69,43.67,0.9146,1,1
194,2,0.15,406.79,39.80,47.40,0.8752,1,1
194,3,102.38,573.99,18.71,30.40,0.8442,1,1
194,10,1031.28,169.72,37.75,49.11,0.9176,1,1
194,11,1027.27,139.56,50.93,49.65,0.9217,1,1
195,1,2.52,440.88,38.80,43.68,0.9146,1,1
195,2,0.02,406.73,39.98,47.56,0.8750,1,1
195,3,102.50,574.18,18.70,30.44,0.8373,1,1
195,10,1029.46,173.15,36.76,46.69,0.8982,1,1
195,11,1025.56,143.51,51.31,48.56,0.9118,1,1
196,1,2.50,440.89,38.83,43.66,0.9147,1,1
196,2,0.02,406.80,39.98,47.49,0.8753,1,1
196,3,102.51,574.18,18.70,30.45,0.8373,1,1
196,10,1029.26,173.18,37.11,46.67,0.8982,1,1
196,11,1025.28,143.52,51.84,48.56,0.9118,1,1
197,1,2.89,440.64,38.63,43.17,0.9160,1,1
197,2,-0.02,406.67,40.11,47.72,0.8772,1,1
197,3,102.57,574.06,18.79,30.68,0.8368,1,1
197,10,1025.86,175.89,37.66,46.40,0.8986,1,1
197,11,1023.25,145.83,53.94,50.35,0.9083,1,1
198,1,2.95,440.69,38.68,43.00,0.9173,1,1
198,2,0.01,406.66,40.13,47.73,0.8778,1,1
198,3,102.43,574.04,18.92,30.92,0.8288,1,1
198,10,1023.01,178.42,37.58,45.84,0.9108,1,1
198,11,1021.10,147.22,56.19,51.88,0.9139,1,1
199,1,2.93,440.43,38.67,43.03,0.9165,1,1
199,2,0.09,406.77,39.98,47.27,0.8772,1,1
199,3,102.37,573.91,19.00,31.07,0.8304,1,1
199,10,1021.10,181.19,36.98,45.49,0.9223,1,1
199,11,1019.15,149.01,57.98,52.73,0.9205,1,1
200,1,2.70,439.40,39.33,44.93,0.9150,1,1
200,2,0.02,406.89,39.94,47.18,0.8755,1,1
200,3,102.37,573.91,19.02,31.13,0.8310,1,1
200,10,1016.84,181.62,39.17,49.68,0.9244,1,1
200,11,1017.04,151.54,58.83,53.55,0.9258,1,1
201,1,2.84,439.30,38.89,44.91,0.9135,1,1
201,2,-0.08,407.11,39.60,46.99,0.8705,1,1
201,3,102.48,573.94,18.91,30.93,0.8368,1,1
201,10,1013.56,184.93,38.17,46.83,0.8977,1,1
201,11,1013.28,153.79,61.68,55.54,0.9116,1,1
202,1,2.92,439.31,38.73,44.88,0.9134,1,1
202,2,-0.04,407.11,39.52,47.01,0.8706,1,1
202,3,102.50,573.95,18.91,30.92,0.8366,1,1
202,10,1013.26,184.97,38.69,46.78,0.8977,1,1
202,11,1013.14,153.82,61.94,55.55,0.9116,1,1
203,1,3.53,439.14,38.40,45.11,0.9138,1,1
203,2,-0.01,407.45,39.19,46.65,0.8675,1,1
203,3,102.37,573.56,19.10,31.31,0.8316,1,1
203,10,1009.64,188.51,39.31,47.65,0.9079,1,1
203,11,1010.53,157.27,62.61,55.51,0.9123,1,1
204,1,3.58,439.66,38.07,44.48,0.9192,1,1
204,2,0.08,408.36,38.84,46.00,0.8659,1,1
204,3,102.47,573.78,18.84,31.00,0.8275,1,1
204,10,1007.48,192.32,39.33,48.25,0.9059,1,1
204,11,1007.38,160.43,63.36,55.17,0.9280,1,1
205,1,3.41,439.90,38.10,44.78,0.9223,1,1
205,2,-0.26,408.62,38.78,46.61,0.8659,1,1
205,3,102.42,573.98,18.85,31.04,0.8284,1,1
205,10,1003.31,194.38,41.04,50.63,0.9238,1,1
205,11,1004.24,163.08,63.81,55.69,0.9205,1,1
206,1,3.34,440.25,38.03,44.26,0.9259,1,1
206,2,-0.43,408.62,38.28,47.20,0.8648,1,1
206,3,102.30,574.55,19.01,30.88,0.8400,1,1
206,10,999.78,198.67,38.74,46.48,0.9084,1,1
206,11,1000.61,166.78,64.97,55.66,0.9236,1,1
207,1,3.03,440.53,38.00,43.96,0.9246,1,1
207,2,-0.31,409.04,37.52,47.07,0.8659,1,1
207,3,102.23,574.84,19.07,30.79,0.8509,1,1
207,10,995.71,203.79,39.57,45.32,0.9015,1,1
207,11,996.08,172.12,66.51,55.04,0.9165,1,1
207,25,33.46,550.55,32.68,23.48,0.6739,1,1
207,26,945.61,350.27,16.86,31.73,0.8331,1,1
208,1,3.00,440.53,38.07,43.96,0.9246,1,1
208,2,-0.14,409.06,37.19,47.06,0.8658,1,1
208,3,102.22,574.85,19.11,30.75,0.8504,1,1
208,10,995.33,203.83,40.27,45.30,0.9015,1,1
208,11,995.67,172.18,67.24,55.03,0.9163,1,1
208,25,34.15,549.79,31.38,23.35,0.6755,1,1
208,26,945.27,350.31,17.36,31.71,0.8332,1,1
209,1,2.52,440.86,38.29,46.26,0.9284,1,1
209,2,-0.02,409.78,36.82,46.70,0.8684,1,1
209,3,102.20,575.24,19.01,30.25,0.8480,1,1
209,10,992.13,209.69,39.67,45.86,0.9152,1,1
209,11,991.57,176.82,67.23,55.25,0.9218,1,1
209,26,939.03,352.33,16.63,29.58,0.8616,1,1
210,1,3.04,441.38,36.49,44.90,0.9239,1,1
210,2,-0.27,410.09,36.05,46.66,0.8759,1,1
210,3,102.38,575.54,18.91,30.06,0.8481,1,1
210,10,985.56,210.78,40.50,48.75,0.9188,1,1
210,11,986.72,181.07,67.68,57.32,0.9196,1,1
210,26,931.86,352.33,17.73,31.48,0.8481,1,1
211,1,2.75,441.41,35.51,42.90,0.9134,1,1
211,2,-0.21,411.02,34.59,45.45,0.8702,1,1
211,3,102.70,576.15,18.46,29.40,0.8432,1,1
211,10,980.43,217.23,39.49,46.29,0.9057,1,1
211,11,981.57,184.62,68.81,59.26,0.9188,1,1
211,26,926.04,355.82,18.11,30.94,0.8599,1,1
212,1,2.63,441.95,35.44,42.69,0.9142,1,1
212,2,-0.21,411.53,34.20,45.58,0.8648,1,1
212,3,102.75,576.19,18.43,29.41,0.8449,1,1
212,10,973.49,220.03,41.77,51.19,0.9240,1,1
212,11,975.74,190.91,67.52,56.23,0.9153,1,1
212,26,920.88,363.95,17.04,26.06,0.8727,1,1
212,29,13.09,510.64,28.72,28.04,0.5967,1,1
213,1,2.14,441.77,35.82,43.81,0.9062,1,1
213,2,-0.18,411.68,33.84,45.68,0.8657,1,1
213,3,102.72,576.02,18.47,29.53,0.8431,1,1
213,10,967.76,224.29,40.50,48.00,0.9351,1,1
213,11,968.24,192.36,70.07,59.02,0.9350,1,1
213,26,916.15,367.92,17.81,26.54,0.8481,1,1
213,29,12.49,503.29,26.33,26.42,0.6269,1,1
214,1,2.24,441.77,35.63,43.82,0.9062,1,1
214,2,-0.08,411.68,33.64,45.67,0.8659,1,1
214,3,102.74,576.01,18.49,29.62,0.8463,1,1
214,10,967.59,224.30,40.78,47.98,0.9350,1,1
214,11,968.30,192.36,69.90,59.04,0.9350,1,1
214,26,915.95,368.00,18.07,26.54,0.8473,1,1
214,29,12.82,502.62,25.54,26.25,0.6270,1,1
214,33,1007.53,412.85,22.26,28.82,0.8117,1,1
215,1,1.79,441.54,35.16,42.44,0.9064,1,1
215,2,0.16,412.01,33.37,44.90,0.8678,1,1
215,3,102.70,575.97,18.51,29.73,0.8482,1,1
215,10,961.29,225.74,40.84,49.11,0.9180,1,1
215,11,960.88,195.32,71.24,58.52,0.9197,1,1
215,26,911.71,371.52,18.54,28.12,0.8724,1,1
215,29,11.23,497.40,26.42,28.00,0.4714,1,1
215,33,1002.28,417.25,23.35,31.69,0.8050,1,1
216,1,2.01,441.67,35.25,42.63,0.9001,1,1
216,2,-0.08,412.53,33.56,45.45,0.8647,1,1
216,3,102.69,575.70,18.60,30.02,0.8465,1,1
216,10,954.96,228.59,40.98,49.05,0.9023,1,1
216,11,955.65,196.55,71.33,60.17,0.9154,1,1
216,26,907.76,376.01,17.56,26.83,0.8490,1,1
216,29,10.04,492.15,28.57,32.21,0.5939,1,1
216,33,1001.97,423.63,21.68,30.78,0.8580,1,1
217,1,2.27,442.16,34.77,41.61,0.8993,1,1
217,2,-0.13,412.73,33.62,46.00,0.8639,1,1
217,3,102.72,575.67,18.59,30.15,0.8476,1,1
217,10,950.10,232.56,41.19,49.62,0.9127,1,1
217,11,949.70,201.34,71.53,58.77,0.9219,1,1
217,26,901.88,382.03,17.34,26.53,0.8462,1,1
217,29,10.73,489.69,27.22,33.56,0.7064,1,1
217,33,1003.83,428.29,22.56,34.80,0.8666,1,1
218,1,2.37,442.16,34.88,41.67,0.8993,1,1
218,2,-0.13,412.76,33.59,46.40,0.8646,1,1
218,3,102.80,575.76,18.53,30.08,0.8474,1,1
218,10,944.07,238.18,41.55,48.11,0.9183,1,1
218,11,944.27,204.01,73.77,60.36,0.9202,1,1
218,26,896.69,388.15,18.23,28.62,0.8609,1,1
218,29,11.73,489.50,25.68,33.62,0.6984,1,1
218,33,1008.28,428.34,22.82,37.73,0.8543,1,1
219,1,1.73,442.27,34.98,41.57,0.8987,1,1
219,2,-0.04,412.77,33.35,46.25,0.8655,1,1
219,3,102.77,575.75,18.51,29.96,0.8426,1,1
219,10,938.69,240.77,41.45,47.48,0.9132,1,1
219,11,938.41,207.89,72.06,59.58,0.9166,1,1
219,26,889.78,395.65,17.95,26.79,0.8281,1,1
219,29,12.98,490.14,23.96,32.84,0.7211,1,1
219,33,1014.80,435.35,20.40,33.06,0.8929,1,1
220,1,1.68,442.28,35.03,41.48,0.8985,1,1
220,2,0.01,412.80,33.26,46.20,0.8657,1,1
220,3,102.77,575.73,18.53,29.96,0.8424,1,1
220,10,938.58,240.76,41.60,47.51,0.9133,1,1
220,11,938.46,207.92,71.82,59.58,0.9167,1,1
220,26,889.34,395.81,18.47,26.76,0.8278,1,1
220,29,13.41,490.20,23.17,32.79,0.7278,1,1
220,33,1014.81,435.47,20.48,32.96,0.8928,1,1
221,1,2.15,441.86,35.40,42.03,0.8982,1,1
221,2,-0.01,412.82,33.13,46.11,0.8638,1,1
221,3,102.78,575.68,18.53,29.95,0.8388,1,1
221,10,933.92,244.90,41.53,47.82,0.8974,1,1
221,11,933.73,211.18,71.99,60.41,0.9260,1,1
221,26,881.07,400.97,21.27,30.82,0.8583,1,1
221,29,13.77,489.76,22.84,33.26,0.7491,1,1
221,33,1021.33,438.75,20.45,32.05,0.8295,1,1
222,1,2.31,441.90,35.25,41.78,0.8980,1,1
222,2,-0.05,412.88,33.21,46.45,0.8623,1,1
222,3,102.80,575.66,18.54,30.00,0.8388,1,1
222,10,928.43,249.94,42.08,49.19,0.9185,1,1
222,11,928.86,214.95,72.14,60.88,0.9244,1,1
222,26,872.17,411.10,21.09,29.17,0.8559,1,1
222,29,14.28,490.63,21.81,32.38,0.7601,1,1
222,33,1028.47,440.64,21.73,30.27,0.8773,1,1
223,1,1.74,441.68,35.44,42.00,0.8969,1,1
223,2,0.00,412.96,32.94,46.13,0.8628,1,1
223,3,102.80,575.73,18.52,29.98,0.8415,1,1
223,10,923.54,253.69,41.03,49.52,0.9160,1,1
223,11,924.56,220.76,71.14,60.91,0.9202,1,1
223,26,865.01,419.27,22.21,29.80,0.8643,1,1
223,29,14.36,490.41,21.61,32.68,0.7757,1,1
223,33,1033.86,440.26,21.99,30.33,0.5641,1,1
224,1,1.63,441.36,35.59,42.37,0.8962,1,1
224,2,0.08,412.96,32.70,45.62,0.8608,1,1
224,3,102.81,575.70,18.51,30.00,0.8407,1,1
224,10,919.35,258.56,42.11,53.63,0.9009,1,1
224,11,919.76,226.68,71.65,61.25,0.9197,1,1
224,26,858.32,426.74,23.36,31.51,0.8767,1,1
224,29,14.47,489.99,21.56,33.00,0.7779,1,1
224,33,1039.71,439.29,22.47,29.72,0.7018,1,1
225,1,1.71,441.22,35.67,42.55,0.8973,1,1
225,2,0.08,413.09,32.67,45.41,0.8607,1,1
225,3,102.83,575.87,18.43,29.86,0.8419,1,1
225,10,914.75,266.61,41.47,52.02,0.9086,1,1
225,11,915.01,234.05,72.66,61.09,0.9271,1,1
225,26,850.68,432.56,23.91,33.27,0.8555,1,1
225,29,14.53,490.04,21.31,32.91,0.7777,1,1
226,1,1.71,441.20,35.65,42.57,0.8972,1,1
226,2,0.06,413.08,32.74,45.42,0.8607,1,1
226,3,102.83,575.89,18.44,29.85,0.8422,1,1
226,10,914.63,266.67,41.66,51.98,0.9090,1,1
226,11,914.82,234.07,72.99,61.11,0.9271,1,1
226,26,850.74,432.66,23.53,33.31,0.8555,1,1
226,29,14.60,490.03,21.19,32.90,0.7778,1,1
227,1,1.41,441.13,35.97,43.15,0.8937,1,1
227,2,-0.05,412.99,32.77,45.66,0.8599,1,1
227,3,102.78,575.77,18.52,29.96,0.8415,1,1
227,10,910.54,272.44,41.65,52.50,0.9018,1,1
227,11,911.36,240.31,72.32,62.14,0.9267,1,1
227,26,845.48,439.65,23.26,33.66,0.8592,1,1
227,29,14.62,489.93,21.41,33.28,0.7780,1,1
228,1,1.56,440.81,36.09,43.34,0.8945,1,1
228,2,-0.16,412.88,32.81,46.18,0.8556,1,1
228,3,102.78,575.86,18.50,29.87,0.8399,1,1
228,10,907.13,279.05,40.97,51.52,0.9293,1,1
228,11,906.55,247.69,74.15,62.24,0.9363,1,1
228,26,840.39,444.72,22.45,32.34,0.8604,1,1
228,29,14.63,487.74,23.04,35.82,0.7269,1,1
229,1,1.53,440.77,36.51,43.52,0.8979,1,1
229,2,-0.10,412.83,32.36,45.84,0.8505,1,1
229,3,102.82,576.08,18.44,29.71,0.8419,1,1
229,10,903.17,284.33,41.34,51.50,0.8952,1,1
229,11,903.73,253.01,73.95,61.79,0.9343,1,1
229,26,835.83,449.09,22.14,32.45,0.8648,1,1
229,29,15.20,488.70,22.85,35.26,0.6883,1,1
230,1,1.42,440.77,36.85,44.11,0.8991,1,1
230,2,-0.03,412.83,32.21,45.75,0.8466,1,1
230,3,102.84,576.11,18.45,29.67,0.8413,1,1
230,10,898.58,287.61,44.50,56.07,0.9054,1,1
230,11,899.63,255.56,75.54,63.66,0.9354,1,1
230,26,832.69,453.84,21.54,30.58,0.8245,1,1
230,29,15.55,489.31,23.17,35.39,0.7366,1,1
230,34,1032.59,449.64,21.19,22.68,0.6324,1,1
231,1,1.90,441.25,36.65,43.43,0.8998,1,1
231,2,-0.03,413.25,32.22,45.90,0.8504,1,1
231,3,102.85,576.02,18.45,29.73,0.8385,1,1
231,10,896.29,293.32,41.16,51.64,0.9222,1,1
231,11,897.54,260.67,74.62,61.40,0.9313,1,1
231,26,829.92,459.05,21.54,29.18,0.8562,1,1
231,29,15.77,490.02,22.95,35.02,0.7454,1,1
232,1,2.06,441.41,36.65,43.45,0.8995,1,1
232,2,-0.03,413.41,32.19,45.98,0.8509,1,1
232,3,102.87,576.01,18.44,29.74,0.8388,1,1
232,10,896.27,293.40,41.16,51.56,0.9223,1,1
232,11,897.32,260.74,75.05,61.35,0.9313,1,1
232,26,829.67,459.14,21.97,29.14,0.8561,1,1
232,29,15.77,490.06,22.97,35.04,0.7459,1,1
233,1,2.33,441.49,36.72,43.52,0.8977,1,1
233,2,-0.21,413.76,32.12,46.41,0.8442,1,1
233,3,102.92,576.08,18.39,29.67,0.8383,1,1
233,10,892.29,296.19,41.63,52.57,0.9083,1,1
233,11,893.67,263.91,76.25,63.80,0.9246,1,1
233,26,827.28,463.10,22.72,29.60,0.8470,1,1
233,29,15.81,489.66,23.36,35.64,0.7294,1,1
234,1,1.66,441.62,37.39,43.55,0.8986,1,1
234,2,-0.03,414.57,31.45,45.50,0.8412,1,1
234,3,102.91,576.05,18.39,29.68,0.8380,1,1
234,10,886.87,300.40,45.20,56.06,0.8978,1,1
234,11,890.08,268.56,76.13,64.91,0.9380,1,1
234,26,825.52,466.83,22.26,28.81,0.8695,1,1
234,29,15.84,489.02,23.73,36.15,0.7280,1,1
235,1,1.50,441.67,37.78,43.97,0.8981,1,1
235,2,0.11,415.35,31.23,44.87,0.8417,1,1
235,3,102.85,575.95,18.45,29.79,0.8391,1,1
235,10,882.39,305.56,43.05,54.56,0.9218,1,1
235,11,885.15,272.20,77.93,66.73,0.9304,1,1
235,26,824.96,468.19,22.34,29.68,0.8786,1,1
235,29,15.46,487.92,24.45,37.35,0.7060,1,1
236,1,2.40,441.84,36.91,43.47,0.9023,1,1
236,2,0.06,415.87,31.34,44.89,0.8428,1,1
236,3,102.84,575.89,18.47,29.87,0.8385,1,1
236,10,878.79,310.36,40.62,50.90,0.9124,1,1
236,11,881.46,276.85,77.92,66.47,0.9315,1,1
236,26,824.18,468.58,21.65,29.55,0.8736,1,1
236,29,15.59,488.37,23.87,36.25,0.7294,1,1
237,1,3.15,442.51,36.50,42.42,0.9083,1,1
237,2,-0.35,415.50,32.49,47.48,0.8458,1,1
237,3,102.86,575.99,18.41,29.77,0.8391,1,1
237,10,872.36,315.64,46.15,54.75,0.8960,1,1
237,11,875.02,281.28,80.15,67.75,0.9383,1,1
237,26,823.76,468.76,20.89,28.02,0.8484,1,1
237,29,15.12,489.01,24.04,36.66,0.7235,1,1
238,1,3.07,442.52,36.66,42.41,0.9083,1,1
238,2,-0.19,415.48,32.18,47.54,0.8458,1,1
238,3,102.87,575.97,18.40,29.78,0.8387,1,1
238,10,871.78,315.71,47.25,54.79,0.8961,1,1
238,11,874.93,281.28,80.31,67.76,0.9383,1,1
238,26,823.66,468.76,21.07,27.97,0.8483,1,1
238,29,15.15,489.05,23.99,36.68,0.7233,1,1
239,1,3.38,443.07,36.71,42.34,0.9063,1,1
239,2,-0.05,415.84,32.17,47.65,0.8472,1,1
239,3,102.86,575.90,18.43,29.87,0.8393,1,1
239,10,866.27,319.78,45.27,55.60,0.9102,1,1
239,11,869.49,286.34,80.97,68.23,0.9365,1,1
239,26,823.61,470.91,19.86,25.54,0.8499,1,1
239,29,15.06,489.01,23.99,36.89,0.7128,1,1
240,1,3.28,444.26,36.97,42.58,0.8998,1,1
240,2,0.35,416.98,32.31,46.91,0.8444,1,1
240,3,102.87,575.95,18.41,29.86,0.8408,1,1
240,10,860.90,328.12,42.42,51.44,0.9013,1,1
240,11,863.93,293.46,82.32,67.97,0.9306,1,1
240,26,822.76,471.75,19.37,24.43,0.8518,1,1
240,29,15.15,490.10,23.88,36.82,0.6132,1,1
241,1,3.46,444.49,37.11,42.68,0.8909,1,1
241,2,0.36,417.50,33.01,47.02,0.8401,1,1
241,3,102.87,575.28,18.34,30.03,0.8244,1,1
241,10,851.90,331.67,43.07,54.22,0.8956,1,1
241,11,856.35,300.37,83.92,67.46,0.9394,1,1
241,26,821.28,473.24,18.52,23.91,0.8526,1,1
241,29,15.16,490.91,23.48,36.17,0.5254,1,1
242,1,3.12,445.22,38.49,44.58,0.8761,1,1
242,2,-0.02,418.18,34.16,48.73,0.8387,1,1
242,3,102.83,576.01,18.23,29.57,0.8297,1,1
242,10,845.80,340.63,39.09,50.18,0.8840,1,1
242,11,849.92,306.84,84.72,67.90,0.9401,1,1
242,26,819.90,473.96,17.97,23.24,0.6655,1,1
242,29,15.38,490.36,23.09,35.86,0.7054,1,1
243,1,3.36,447.30,39.11,45.49,0.8992,1,1
243,2,0.35,419.04,34.63,48.45,0.8462,1,1
243,3,102.77,576.09,18.31,29.51,0.8291,1,1
243,10,836.86,344.54,39.77,54.00,0.8616,1,1
243,11,841.07,312.78,86.47,68.25,0.9385,1,1
243,26,816.83,475.44,16.45,21.04,0.6019,1,1
243,29,15.61,491.95,22.10,34.27,0.7804,1,1
244,1,3.40,447.33,39.06,45.51,0.8996,1,1
244,2,0.22,419.12,34.98,48.40,0.8461,1,1
244,3,102.75,576.08,18.37,29.50,0.8289,1,1
244,10,837.34,344.61,38.53,54.07,0.8622,1,1
244,11,840.88,312.79,86.78,68.26,0.9386,1,1
244,26,816.49,475.49,16.45,20.84,0.6126,1,1
244,29,15.62,492.01,22.08,34.21,0.7807,1,1
245,1,3.83,448.65,38.54,44.34,0.9015,1,1
245,2,0.35,420.00,35.65,48.37,0.8508,1,1
245,3,102.70,576.12,18.42,29.51,0.8311,1,1
245,10,829.50,348.13,40.20,55.58,0.8444,1,1
245,11,833.17,317.18,87.47,70.62,0.9362,1,1
245,29,15.75,491.91,22.29,34.27,0.7811,1,1
245,45,832.55,347.40,31.28,47.12,0.4442,1,1
246,1,4.37,450.53,38.32,43.29,0.9083,1,1
246,2,0.41,420.37,36.65,48.47,0.8625,1,1
246,3,102.72,576.12,18.43,29.56,0.8326,1,1
246,10,821.23,353.80,39.23,53.27,0.8481,1,1
246,11,824.45,321.53,88.82,71.96,0.9318,1,1
246,29,15.93,492.46,22.18,33.70,0.7585,1,1
247,1,5.76,451.68,37.56,42.00,0.9113,1,1
247,2,0.33,421.18,37.16,48.19,0.8631,1,1
247,3,102.70,576.09,18.47,29.65,0.8350,1,1
247,10,812.54,360.60,40.56,52.71,0.9042,1,1
247,11,815.84,326.14,89.45,70.77,0.9376,1,1
247,29,15.28,492.40,22.44,33.74,0.7297,1,1
248,1,6.70,452.40,36.93,41.36,0.9137,1,1
248,2,0.48,422.25,37.72,47.51,0.8659,1,1
248,3,102.77,576.26,18.37,29.45,0.8341,1,1
248,10,805.49,366.71,39.65,50.13,0.8850,1,1
248,11,807.52,330.05,89.72,71.02,0.9314,1,1
248,29,15.81,492.46,22.92,34.14,0.7164,1,1
248,48,839.98,599.61,25.17,34.09,0.8482,1,1
249,1,6.88,452.20,37.20,41.75,0.9088,1,1
249,2,0.15,422.68,38.79,48.44,0.8686,1,1
249,3,102.88,576.19,18.31,29.39,0.8279,1,1
249,10,795.01,367.86,41.30,52.53,0.8991,1,1
249,11,797.98,333.26,90.84,72.08,0.9353,1,1
249,29,15.84,492.56,24.12,35.74,0.7039,1,1
249,48,837.12,602.84,26.07,38.34,0.8693,1,1
250,1,6.90,452.20,37.18,41.75,0.9088,1,1
250,2,0.08,422.69,38.96,48.45,0.8686,1,1
250,3,102.89,576.18,18.30,29.38,0.8279,1,1
250,10,794.97,367.87,41.23,52.56,0.8991,1,1
250,11,797.97,333.27,90.80,72.08,0.9352,1,1
250,29,15.83,492.56,24.30,35.87,0.7039,1,1
250,48,837.57,602.88,25.11,38.40,0.8694,1,1
251,1,7.67,453.50,36.86,40.87,0.9051,1,1
251,2,0.43,423.13,39.47,47.85,0.8701,1,1
251,3,102.89,577.09,18.15,29.09,0.8372,1,1
251,10,786.95,372.82,42.20,54.40,0.8747,1,1
251,11,791.50,338.64,90.46,71.90,0.9385,1,1
251,29,16.41,493.09,23.69,34.81,0.5520,1,1
251,48,837.94,606.71,26.90,41.58,0.8705,1,1
252,1,7.79,453.99,36.99,40.85,0.9096,1,1
252,2,0.31,423.64,39.91,47.37,0.8816,1,1
252,3,102.90,577.25,18.13,28.97,0.8383,1,1
252,10,780.04,377.14,43.11,55.02,0.8882,1,1
252,11,782.80,344.30,91.66,70.72,0.9355,1,1
252,29,16.43,494.33,23.56,34.90,0.5263,1,1
252,48,844.18,615.10,25.77,41.89,0.8644,1,1
253,1,7.93,454.22,37.08,41.19,0.9074,1,1
253,2,0.07,423.48,40.33,47.66,0.8836,1,1
253,3,102.87,577.31,18.23,29.09,0.8410,1,1
253,10,771.78,385.28,43.75,53.92,0.8641,1,1
253,11,774.74,346.25,93.71,75.03,0.9353,1,1
253,29,18.33,495.74,22.66,33.60,0.3892,1,1
253,48,853.48,615.67,23.48,38.21,0.8740,1,1
254,1,7.89,454.18,37.21,41.79,0.9064,1,1
254,2,-0.02,423.32,40.75,48.25,0.8857,1,1
254,3,102.95,577.54,18.12,28.84,0.8407,1,1
254,10,764.20,389.82,45.01,55.86,0.8859,1,1
254,11,766.86,353.24,92.58,73.06,0.9261,1,1
254,29,20.12,496.36,21.71,32.19,0.3524,1,1
254,48,863.14,618.57,22.33,36.38,0.7956,1,1
255,1,8.05,454.16,37.03,41.44,0.8997,1,1
255,2,0.04,423.33,40.70,48.06,0.8845,1,1
255,3,102.90,577.54,18.17,28.90,0.8415,1,1
255,10,755.90,396.39,43.77,54.70,0.7547,1,1
255,11,759.65,359.49,93.54,73.90,0.9417,1,1
255,29,20.88,494.87,22.40,33.22,0.5925,1,1
255,48,872.42,621.14,21.59,33.94,0.8480,1,1
256,1,8.00,454.16,37.10,41.51,0.8992,1,1
256,2,0.02,423.32,40.75,48.06,0.8843,1,1
256,3,102.90,577.54,18.17,28.89,0.8416,1,1
256,10,755.64,396.72,43.40,54.61,0.7558,1,1
256,11,759.64,359.51,93.55,73.90,0.9415,1,1
256,29,20.92,494.75,22.51,33.39,0.5864,1,1
256,48,872.53,621.30,21.89,33.80,0.8427,1,1
257,1,7.91,454.12,37.27,42.04,0.8972,1,1
257,2,0.07,423.58,40.42,47.43,0.8849,1,1
257,3,103.08,577.73,17.97,28.44,0.8371,1,1
257,10,750.11,403.63,41.78,54.66,0.8625,1,1
257,11,751.92,366.98,93.39,72.49,0.9315,1,1
257,29,20.08,495.68,23.05,34.28,0.5305,1,1
257,48,882.12,623.91,23.58,32.15,0.8561,1,1
258,1,8.10,454.23,37.26,42.33,0.8936,1,1
258,2,0.01,423.40,40.84,47.91,0.8891,1,1
258,3,103.07,577.74,18.00,28.42,0.8370,1,1
258,10,743.91,411.97,43.11,54.29,0.8082,1,1
258,11,745.59,373.85,94.78,74.98,0.9408,1,1
258,29,20.69,496.53,22.20,33.08,0.5093,1,1
258,48,887.44,621.39,25.96,32.05,0.8412,1,1
259,1,7.72,453.50,37.77,43.59,0.8978,1,1
259,2,0.17,423.70,40.44,46.91,0.8842,1,1
259,3,103.13,577.72,17.97,28.39,0.8333,1,1
259,10,735.07,419.20,39.38,53.56,0.8963,1,1
259,11,738.02,380.21,95.04,75.81,0.9328,1,1
259,29,21.71,500.40,20.23,29.85,0.3970,1,1
259,48,890.29,621.28,26.28,29.88,0.7667,1,1
260,1,8.07,452.95,38.68,46.68,0.9038,1,1
260,2,-0.16,422.20,41.25,48.35,0.8842,1,1
260,3,103.21,577.88,17.78,28.08,0.8292,1,1
260,10,728.91,426.13,41.10,54.18,0.8680,1,1
260,11,732.58,387.50,95.52,77.81,0.9326,1,1
260,29,23.30,504.21,20.61,29.78,0.5768,1,1
260,34,888.84,622.74,28.04,28.38,0.3650,1,1
261,1,7.97,451.60,38.56,46.15,0.9038,1,1
261,2,-0.43,421.02,41.44,49.64,0.8699,1,1
261,3,103.38,578.27,17.51,27.58,0.8203,1,1
261,10,721.44,430.16,42.65,57.05,0.8150,1,1
261,11,725.73,394.17,96.18,76.93,0.9392,1,1
261,56,645.82,603.47,24.06,37.35,0.8535,1,1
262,1,7.95,451.58,38.64,46.05,0.9039,1,1
262,2,-0.21,420.98,41.01,49.69,0.8698,1,1
262,3,103.36,578.23,17.54,27.59,0.8211,1,1
262,10,721.49,430.38,42.25,56.99,0.8192,1,1
262,11,725.44,394.20,96.62,76.91,0.9391,1,1
262,56,646.02,603.59,23.54,37.37,0.8536,1,1
263,1,7.70,450.19,38.54,45.78,0.8849,1,1
263,2,0.10,419.94,40.32,48.57,0.8690,1,1
263,3,103.09,577.98,17.88,27.98,0.8297,1,1
263,10,716.61,438.88,42.21,55.20,0.8676,1,1
263,11,720.23,400.62,96.74,77.72,0.9398,1,1
263,56,645.18,608.19,22.13,34.62,0.8357,1,1
264,1,7.13,449.25,39.30,46.69,0.8959,1,1
264,2,-0.05,419.03,40.84,49.32,0.8596,1,1
264,3,102.69,577.10,18.55,28.80,0.8327,1,1
264,10,708.84,443.32,40.12,54.62,0.8758,1,1
264,11,713.62,404.51,97.77,77.89,0.9421,1,1
264,56,646.78,608.59,22.76,35.55,0.8251,1,1
265,1,6.88,447.52,39.42,47.31,0.9012,1,1
265,2,-0.02,418.51,40.24,48.65,0.8605,1,1
265,3,102.63,576.72,18.75,29.25,0.8362,1,1
265,10,702.46,449.28,39.94,54.66,0.8902,1,1
265,11,707.60,410.25,98.07,78.26,0.9343,1,1
265,56,648.17,611.05,24.12,37.49,0.7985,1,1
266,1,7.26,446.98,38.85,47.35,0.8965,1,1
266,2,-0.17,418.00,40.28,49.09,0.8562,1,1
266,3,102.59,575.55,19.08,30.15,0.8295,1,1
266,10,695.19,454.01,40.65,55.61,0.8671,1,1
266,11,700.10,415.18,98.94,79.43,0.9383,1,1
266,56,648.40,619.52,22.46,35.38,0.8307,1,1
267,1,6.30,447.32,38.66,46.35,0.8826,1,1
267,2,0.03,418.01,39.97,48.63,0.8501,1,1
267,3,102.65,575.58,18.92,30.18,0.8258,1,1
267,10,687.86,460.41,40.59,54.85,0.8431,1,1
267,11,692.72,420.02,100.83,80.53,0.9387,1,1
267,56,645.41,622.26,23.81,40.09,0.8311,1,1
268,1,6.14,447.32,38.95,46.33,0.8826,1,1
268,2,0.03,418.00,40.01,48.63,0.8501,1,1
268,3,102.71,575.54,18.81,30.21,0.8257,1,1
268,10,687.57,460.56,40.88,54.81,0.8428,1,1
268,11,692.62,420.03,100.95,80.55,0.9386,1,1
268,56,645.71,622.13,23.06,40.36,0.8304,1,1
268,63,50.58,575.06,32.07,26.38,0.6775,1,1
269,1,5.75,446.40,38.77,45.73,0.8896,1,1
269,2,-0.05,417.56,38.90,47.39,0.8476,1,1
269,3,102.97,574.99,18.66,30.71,0.8284,1,1
269,10,679.69,465.99,39.39,53.29,0.8830,1,1
269,11,685.12,424.41,101.97,82.19,0.9400,1,1
269,56,642.13,628.95,22.32,42.19,0.8762,1,1
269,63,51.52,581.35,31.01,25.33,0.7571,1,1
270,1,5.75,444.10,38.64,47.53,0.8884,1,1
270,2,-0.47,416.66,38.77,48.33,0.8499,1,1
270,3,103.00,575.65,18.45,30.17,0.8395,1,1
270,10,672.13,471.37,42.02,54.51,0.8621,1,1
270,11,676.35,430.64,102.84,81.26,0.9391,1,1
270,56,637.83,638.95,20.68,38.47,0.8000,1,1
271,1,4.85,442.55,37.93,46.46,0.8940,1,1
271,2,-0.38,416.02,37.65,47.76,0.8461,1,1
271,3,103.06,576.21,18.34,29.70,0.8545,1,1
271,10,665.65,480.85,43.02,51.55,0.8925,1,1
271,11,668.73,435.17,103.99,81.94,0.9386,1,1
271,56,633.83,642.14,21.09,38.00,0.8271,1,1
272,1,2.85,441.14,39.37,47.46,0.9024,1,1
272,2,-0.40,415.33,35.79,46.31,0.8477,1,1
272,3,102.96,576.42,18.39,29.70,0.8440,1,1
272,10,655.90,486.23,43.55,51.97,0.8352,1,1
272,11,659.04,441.57,105.92,83.13,0.9357,1,1
272,56,630.75,638.25,21.68,37.62,0.8543,1,1
273,1,2.91,441.80,38.73,46.12,0.9066,1,1
273,2,-0.44,414.26,35.16,46.61,0.8518,1,1
273,3,102.87,576.59,18.40,29.50,0.8438,1,1
273,10,650.27,497.14,40.90,48.08,0.7010,1,1
273,11,651.42,449.94,105.80,79.88,0.9381,1,1
273,56,631.60,638.32,20.02,33.04,0.7931,1,1
274,1,3.12,441.86,38.63,45.92,0.9050,1,1
274,2,-0.31,414.24,34.92,47.08,0.8511,1,1
274,3,102.81,576.62,18.52,29.57,0.8467,1,1
274,10,649.68,497.90,41.27,47.77,0.7025,1,1
274,11,650.94,449.90,106.71,79.94,0.9380,1,1
274,56,631.35,638.36,20.61,32.79,0.7964,1,1
275,1,2.53,441.66,38.55,46.00,0.9139,1,1
275,2,-0.33,413.66,34.34,47.17,0.8526,1,1
275,3,102.80,576.76,18.52,29.45,0.8466,1,1
275,10,640.22,500.88,42.30,49.23,0.2701,1,1
275,11,640.91,455.31,107.48,84.73,0.9368,1,1
276,1,1.94,441.73,38.20,46.60,0.9186,1,1
276,2,-0.35,412.82,33.65,47.12,0.8447,1,1
276,3,102.82,576.70,18.53,29.45,0.8444,1,1
276,11,631.81,463.35,106.13,82.75,0.9438,1,1
277,1,2.53,441.49,36.76,45.49,0.9169,1,1
277,2,-0.07,412.34,32.73,46.09,0.8400,1,1
277,3,102.78,576.72,18.56,29.31,0.8435,1,1
277,11,621.09,469.97,107.04,84.45,0.9445,1,1
278,1,2.79,441.91,35.32,43.72,0.9144,1,1
278,2,0.14,411.52,31.87,44.49,0.8424,1,1
278,3,102.73,576.49,18.59,29.49,0.8417,1,1
278,11,609.28,476.25,107.45,84.17,0.9460,1,1
279,1,2.54,441.71,35.35,44.45,0.9109,1,1
279,2,0.08,410.99,31.86,44.27,0.8437,1,1
279,3,102.76,576.39,18.54,29.47,0.8369,1,1
279,11,597.33,481.93,107.95,84.68,0.9342,1,1
280,1,2.64,441.70,35.15,44.47,0.9110,1,1
280,2,0.06,410.97,31.95,44.27,0.8437,1,1
280,3,102.78,576.38,18.51,29.46,0.8368,1,1
280,10,593.09,528.25,42.30,49.37,0.4434,1,1
280,11,597.32,481.95,107.91,84.69,0.9342,1,1
280,75,627.12,792.98,25.05,36.22,0.8253,1,1
281,1,2.32,441.56,35.38,46.37,0.9117,1,1
281,2,-0.15,410.74,32.34,45.18,0.8404,1,1
281,3,102.78,576.14,18.54,29.58,0.8311,1,1
281,10,580.33,530.56,45.58,52.41,0.5366,1,1
281,11,583.06,484.46,109.76,87.25,0.9379,1,1
281,75,620.76,794.00,28.42,43.36,0.7946,1,1
281,76,41.76,580.38,35.99,25.27,0.6088,1,1
282,1,1.37,441.45,35.75,48.35,0.8996,1,1
282,2,-0.18,410.55,32.40,45.70,0.8415,1,1
282,3,102.52,575.94,18.70,29.81,0.8294,1,1
282,10,571.70,542.88,39.68,44.63,0.3070,1,1
282,11,569.76,488.88,110.91,86.87,0.9436,1,1
282,75,622.08,795.67,29.46,45.64,0.6555,1,1
282,76,42.59,580.29,35.19,25.02,0.7384,1,1
283,1,2.08,440.78,34.18,45.11,0.8974,1,1
283,2,0.04,410.14,32.18,45.26,0.8558,1,1
283,3,102.39,575.28,19.02,30.41,0.8239,1,1
283,11,558.10,494.19,111.64,87.89,0.9416,1,1
283,75,627.65,802.31,27.59,46.27,0.8442,1,1
283,76,42.18,579.12,34.81,25.79,0.8861,1,1
284,1,1.29,441.60,34.29,42.75,0.8968,1,1
284,2,0.19,409.97,32.74,45.47,0.8666,1,1
284,3,102.28,573.99,19.26,31.38,0.8151,1,1
284,11,545.05,499.60,113.23,89.01,0.9491,1,1
284,75,631.99,811.14,26.98,44.69,0.8660,1,1
284,76,42.46,578.58,33.77,25.64,0.8967,1,1
285,1,1.04,442.33,34.76,43.21,0.9080,1,1
285,2,-0.04,410.68,33.47,46.76,0.8732,1,1
285,3,102.27,573.86,19.09,31.56,0.8147,1,1
285,11,533.03,506.53,113.98,89.59,0.9441,1,1
285,75,637.84,813.97,27.38,44.51,0.7841,1,1
285,76,39.61,577.47,33.78,25.67,0.9057,1,1
286,1,1.02,442.34,34.80,43.22,0.9080,1,1
286,2,0.00,410.68,33.40,46.79,0.8733,1,1
286,3,102.36,573.87,18.92,31.55,0.8146,1,1
286,11,533.00,506.53,113.99,89.60,0.9441,1,1
286,75,637.93,814.07,27.77,44.49,0.7838,1,1
286,76,39.59,577.46,33.76,25.65,0.9056,1,1
287,1,1.71,447.62,34.46,40.59,0.8924,1,1
287,2,-0.42,411.86,34.98,50.35,0.8634,1,1
287,3,102.47,573.89,18.75,31.41,0.8097,1,1
287,11,521.33,513.19,114.48,88.38,0.9445,1,1
287,75,644.47,816.84,29.30,43.22,0.8221,1,1
287,76,38.98,577.38,31.89,24.40,0.9099,1,1
288,1,2.27,449.67,34.81,39.88,0.8898,1,1
288,2,-0.22,412.47,35.52,51.88,0.8634,1,1
288,3,102.53,573.85,18.67,31.24,0.8103,1,1
288,11,509.38,520.10,115.27,90.46,0.9356,1,1
288,75,649.59,816.77,30.94,41.71,0.8393,1,1
288,76,35.45,576.99,29.98,23.20,0.9152,1,1
289,1,2.27,450.03,35.16,39.30,0.8914,1,1
289,2,0.01,412.61,35.22,51.47,0.8656,1,1
289,3,102.51,573.57,18.63,31.08,0.8176,1,1
289,11,497.81,528.39,116.81,91.13,0.9447,1,1
289,75,655.48,820.64,31.32,37.65,0.8353,1,1
289,76,33.48,576.63,28.71,22.41,0.7747,1,1
289,77,542.23,611.86,41.42,39.21,0.8693,1,1
290,1,2.68,449.94,35.05,38.34,0.8874,1,1
290,2,0.03,412.62,35.27,51.55,0.8638,1,1
290,3,102.33,573.30,18.74,31.22,0.8202,1,1
290,11,487.51,536.99,116.89,92.02,0.9452,1,1
290,75,658.33,820.19,33.64,37.45,0.8582,1,1
290,77,533.27,621.34,40.25,38.18,0.7808,1,1
291,1,2.06,447.54,35.27,37.73,0.8986,1,1
291,2,0.01,411.74,35.21,51.51,0.8584,1,1
291,3,102.30,573.20,18.79,31.32,0.8194,1,1
291,11,476.38,546.98,118.39,92.92,0.9371,1,1
291,75,660.14,822.84,31.93,34.83,0.8542,1,1
291,76,31.10,576.64,27.47,21.61,0.4738,1,1
292,1,1.92,447.53,35.54,37.69,0.8984,1,1
292,2,0.02,411.72,35.18,51.52,0.8581,1,1
292,3,102.31,573.23,18.77,31.26,0.8202,1,1
292,11,476.29,547.02,118.49,92.93,0.9372,1,1
292,75,660.02,822.88,32.20,34.78,0.8537,1,1
292,76,31.05,576.62,27.16,21.55,0.4639,1,1
293,1,1.90,446.85,35.69,37.96,0.9043,1,1
293,2,0.14,411.28,34.94,50.82,0.8658,1,1
293,3,102.19,572.77,19.00,31.79,0.8210,1,1
293,11,467.03,557.11,118.10,92.44,0.9437,1,1
293,75,660.22,828.18,32.84,33.75,0.8429,1,1
293,76,32.16,577.77,26.70,21.40,0.5442,1,1
293,77,514.03,642.02,39.88,38.11,0.4141,1,1
294,1,2.08,446.94,35.29,37.49,0.9002,1,1
294,2,0.16,411.49,34.99,50.52,0.8663,1,1
294,3,102.37,573.02,18.97,31.85,0.8140,1,1
294,11,458.31,568.52,117.40,93.22,0.9497,1,1
294,75,655.75,833.64,33.98,33.53,0.8483,1,1
294,76,34.52,578.67,27.57,22.10,0.3691,1,1
294,77,504.38,653.52,39.92,38.93,0.6131,1,1
295,1,2.18,446.80,35.45,37.81,0.9027,1,1
295,2,0.05,411.55,34.92,50.38,0.8673,1,1
295,3,102.57,573.41,18.66,31.32,0.8160,1,1
295,11,447.82,578.12,118.26,94.41,0.9487,1,1
295,75,649.36,840.04,34.55,33.38,0.6841,1,1
295,76,36.54,579.55,28.47,22.85,0.3021,1,1
295,77,495.98,664.16,39.35,38.52,0.3548,1,1
295,80,412.03,788.71,31.37,67.11,0.7561,1,1
296,1,2.78,447.60,35.26,37.26,0.9009,1,1
296,2,0.15,412.09,34.99,50.18,0.8651,1,1
296,3,102.55,574.05,18.51,30.81,0.8172,1,1
296,11,437.92,586.61,119.67,94.80,0.9358,1,1
296,80,405.56,797.73,30.75,65.96,0.4969,1,1
297,1,4.16,450.33,34.91,35.91,0.8896,1,1
297,2,0.48,412.95,35.54,49.50,0.8661,1,1
297,3,102.60,574.13,18.51,30.56,0.8218,1,1
297,11,428.81,596.00,120.70,95.30,0.9450,1,1
297,77,476.27,684.35,39.89,39.63,0.7570,1,1
297,80,403.97,812.09,26.87,54.95,0.7326,1,1
298,1,3.99,450.36,35.29,35.89,0.8896,1,1
298,2,0.25,412.96,36.01,49.47,0.8661,1,1
298,3,102.57,574.13,18.59,30.55,0.8218,1,1
298,11,428.74,596.03,120.77,95.29,0.9450,1,1
298,77,475.93,684.80,39.70,39.66,0.7566,1,1
298,80,403.62,812.67,27.40,54.45,0.7319,1,1
299,1,4.33,451.23,35.96,36.51,0.9019,1,1
299,2,0.48,413.85,36.85,49.02,0.8741,1,1
299,3,102.15,573.07,19.29,31.90,0.8189,1,1
299,11,417.09,602.26,122.76,96.22,0.9422,1,1
299,77,468.93,692.48,38.62,38.52,0.2962,1,1
299,80,406.16,830.50,21.89,41.77,0.5964,1,1
300,1,4.61,452.59,36.21,36.11,0.9091,1,1
300,2,0.39,414.09,37.97,49.15,0.8820,1,1
300,3,102.16,572.92,19.30,32.11,0.8163,1,1
300,11,407.29,610.65,123.76,95.71,0.9430,1,1
300,77,460.67,702.66,35.58,35.42,0.4543,1,1
300,80,410.53,832.28,21.74,41.15,0.4988,1,1
301,1,5.52,453.22,36.73,35.69,0.9070,1,1
301,2,0.41,414.90,38.42,48.44,0.8852,1,1
301,3,102.85,573.01,18.61,31.02,0.8297,1,1
301,11,397.84,617.65,123.89,97.52,0.9429,1,1
301,76,38.69,580.97,29.96,24.39,0.3620,1,1
301,77,449.68,709.35,37.54,37.63,0.3661,1,1
301,80,415.01,834.00,21.96,41.75,0.4423,1,1
302,1,5.29,454.89,36.87,33.85,0.9038,1,1
302,2,0.39,415.10,39.22,47.85,0.8954,1,1
302,3,102.94,573.15,18.53,30.89,0.8284,1,1
302,11,385.79,626.10,124.91,96.95,0.9400,1,1
302,76,38.24,580.97,28.62,24.84,0.6478,1,1
303,1,6.14,455.12,37.26,34.81,0.9027,1,1
303,2,0.30,415.77,40.08,47.65,0.9006,1,1
303,3,103.07,572.98,18.44,30.83,0.8350,1,1
303,11,374.04,633.33,126.61,99.05,0.9488,1,1
304,1,6.25,455.13,37.02,34.80,0.9024,1,1
304,2,0.13,415.81,40.43,47.58,0.9006,1,1
304,3,103.07,572.91,18.44,30.85,0.8341,1,1
304,11,374.10,633.32,126.47,99.07,0.9487,1,1
305,1,7.46,456.56,36.29,33.84,0.8988,1,1
305,2,0.16,417.01,41.20,47.77,0.9081,1,1
305,3,103.10,573.17,18.29,30.65,0.8311,1,1
305,11,361.47,641.47,128.34,97.99,0.9408,1,1
306,1,8.71,457.93,35.58,33.09,0.9016,1,1
306,2,0.09,417.75,41.91,48.16,0.9158,1,1
306,3,103.23,573.63,18.09,30.30,0.8293,1,1
306,11,348.29,648.08,131.40,101.25,0.9421,1,1
306,77,409.34,744.98,34.99,35.44,0.3016,1,1
307,1,9.53,459.00,35.01,32.74,0.8979,1,1
307,2,0.09,418.32,42.45,48.33,0.9186,1,1
307,3,103.25,573.76,18.05,30.22,0.8286,1,1
307,11,338.79,657.17,129.25,101.22,0.9381,1,1
308,1,10.71,460.33,34.14,32.18,0.8950,1,1
308,2,-0.04,418.73,42.77,48.91,0.9173,1,1
308,3,103.16,573.65,18.14,30.41,0.8263,1,1
308,11,326.52,666.46,129.36,101.57,0.9329,1,1
309,1,11.08,461.29,34.20,32.64,0.8925,1,1
309,2,-0.01,419.14,43.02,49.48,0.9155,1,1
309,3,103.01,573.37,18.31,30.91,0.8153,1,1
309,11,312.09,675.95,131.41,103.46,0.9350,1,1
310,1,11.18,461.20,34.09,32.72,0.8929,1,1
310,2,0.04,419.14,42.96,49.50,0.9158,1,1
310,3,103.05,573.37,18.24,30.92,0.8153,1,1
310,11,312.06,675.97,131.35,103.49,0.9349,1,1
311,1,11.86,462.46,33.56,32.35,0.8725,1,1
311,2,-0.01,419.46,42.90,50.04,0.9150,1,1
311,3,103.03,573.34,18.23,30.97,0.8152,1,1
311,11,299.11,684.72,130.44,105.13,0.9464,1,1
312,1,12.31,463.37,33.06,31.59,0.8730,1,1
312,2,0.19,420.40,42.53,49.40,0.9130,1,1
312,3,102.97,573.25,18.29,31.15,0.8130,1,1
312,11,285.92,691.55,129.76,104.76,0.9352,1,1
313,1,12.23,464.05,33.50,32.44,0.8840,1,1
313,2,0.16,420.67,42.85,49.72,0.9130,1,1
313,3,103.01,573.26,18.23,31.14,0.8054,1,1
313,11,274.42,698.64,126.80,105.99,0.9448,1,1
314,1,12.79,464.47,32.84,31.97,0.8799,1,1
314,2,0.14,420.80,42.98,49.89,0.9125,1,1
314,3,103.14,573.36,18.08,30.92,0.8054,1,1
314,11,260.84,703.07,124.69,106.62,0.9385,1,1
315,1,12.72,464.55,33.01,32.33,0.8871,1,1
315,2,0.32,421.69,42.83,48.95,0.9109,1,1
315,3,103.18,573.43,18.06,30.94,0.8045,1,1
315,11,243.23,710.30,124.89,101.94,0.9344,1,1
316,1,12.64,464.58,33.03,32.27,0.8882,1,1
316,2,0.20,421.70,43.00,48.93,0.9109,1,1
316,3,103.20,573.44,18.04,30.93,0.8046,1,1
316,11,242.47,710.33,126.28,101.91,0.9344,1,1
317,1,12.81,464.83,32.88,32.09,0.8860,1,1
317,2,0.16,421.95,43.05,48.99,0.9108,1,1
317,3,103.18,573.33,18.06,31.03,0.8065,1,1
317,11,226.66,714.70,125.31,102.67,0.9412,1,1
318,1,12.88,464.90,33.02,32.33,0.8853,1,1
318,2,0.13,421.92,43.12,49.18,0.9104,1,1
318,3,103.20,573.25,18.04,31.05,0.8094,1,1
318,11,212.63,720.42,124.35,100.91,0.9329,1,1
319,1,12.82,464.94,32.97,32.13,0.8836,1,1
319,2,0.17,421.83,43.18,49.26,0.9105,1,1
319,3,103.27,573.28,17.97,30.98,0.8102,1,1
319,11,198.62,727.60,124.21,98.76,0.9439,1,1
320,1,12.65,464.91,33.50,32.45,0.8872,1,1
320,2,0.23,421.98,43.13,48.98,0.9104,1,1
320,3,103.29,573.26,17.94,30.96,0.8116,1,1
320,11,184.36,733.17,122.78,98.51,0.9377,1,1
321,1,12.72,464.92,33.57,32.60,0.8844,1,1
321,2,0.18,421.91,43.22,49.07,0.9105,1,1
321,3,103.32,573.33,17.91,30.92,0.8140,1,1
321,11,171.12,738.47,121.54,102.55,0.9347,1,1
322,1,12.79,464.95,33.48,32.59,0.8844,1,1
322,2,0.18,421.93,43.22,49.08,0.9104,1,1
322,3,103.35,573.35,17.89,30.89,0.8142,1,1
322,11,171.83,738.48,120.10,102.56,0.9341,1,1
323,1,12.72,464.76,33.54,32.56,0.8835,1,1
323,2,0.17,421.92,43.19,49.07,0.9105,1,1
323,3,103.41,573.51,17.81,30.71,0.8165,1,1
323,11,157.62,745.99,117.23,99.91,0.9437,1,1
324,1,12.68,464.83,33.55,32.53,0.8837,1,1
324,2,0.21,421.97,43.16,48.90,0.9099,1,1
324,3,103.43,573.40,17.83,30.76,0.8179,1,1
324,11,146.10,752.43,117.14,101.47,0.9394,1,1
325,1,12.66,464.62,33.59,32.64,0.8833,1,1
325,2,0.12,421.53,43.27,49.29,0.9100,1,1
325,3,103.44,573.48,17.81,30.70,0.8191,1,1
325,11,133.84,760.50,115.58,100.35,0.9447,1,1
326,1,12.43,463.54,33.92,33.41,0.8804,1,1
326,2,0.18,420.95,43.33,49.31,0.9105,1,1
326,3,103.38,573.35,17.87,30.79,0.8200,1,1
326,11,120.88,768.48,116.17,101.38,0.9416,1,1
327,1,12.12,462.82,34.19,33.94,0.8809,1,1
327,2,0.15,420.39,43.37,49.45,0.9115,1,1
327,3,103.39,573.35,17.86,30.74,0.8207,1,1
327,11,108.83,776.15,115.91,101.82,0.9362,1,1
328,1,12.14,462.81,34.03,33.78,0.8809,1,1
328,2,0.16,420.40,43.34,49.44,0.9114,1,1
328,3,103.38,573.34,17.88,30.73,0.8207,1,1
328,11,108.88,776.15,115.76,101.84,0.9362,1,1
329,1,10.95,462.15,34.96,34.06,0.8799,1,1
329,2,0.16,419.77,43.14,49.12,0.9118,1,1
329,3,103.34,573.29,17.91,30.77,0.8210,1,1
329,11,96.11,784.12,114.31,102.71,0.9381,1,1
330,1,9.33,459.89,36.62,36.06,0.8980,1,1
330,2,0.16,419.49,42.71,48.28,0.9133,1,1
330,3,103.29,573.31,17.97,30.87,0.8205,1,1
330,11,83.63,789.49,115.10,105.72,0.9136,1,1
331,1,8.01,458.23,37.82,37.26,0.9038,1,1
331,2,0.11,418.94,42.88,48.25,0.9123,1,1
331,3,103.29,573.25,18.00,30.94,0.8210,1,1
331,11,72.01,795.50,114.20,106.08,0.9049,1,1
332,1,7.05,456.32,38.65,38.61,0.9022,1,1
332,2,0.05,418.66,42.55,47.67,0.9055,1,1
332,3,103.32,573.19,18.02,30.99,0.8274,1,1
332,11,62.24,799.50,112.37,105.99,0.8410,1,1
333,1,5.85,455.05,39.12,39.41,0.9009,1,1
333,2,-0.01,418.02,42.36,47.49,0.8968,1,1
333,3,103.26,573.11,18.05,31.09,0.8216,1,1
334,1,5.89,455.04,39.01,39.41,0.9009,1,1
334,2,-0.01,418.01,42.33,47.49,0.8968,1,1
334,3,103.27,573.12,18.03,31.09,0.8219,1,1
335,1,5.45,453.36,39.13,40.35,0.8979,1,1
335,2,0.02,417.36,42.00,47.41,0.8904,1,1
335,3,103.20,573.32,18.04,31.05,0.8179,1,1
336,1,4.53,452.20,39.35,41.08,0.8947,1,1
336,2,0.01,416.66,41.66,47.29,0.8891,1,1
336,3,103.23,573.43,17.97,30.81,0.8181,1,1
337,1,4.59,451.99,39.08,41.41,0.8938,1,1
337,2,-0.16,416.06,41.33,47.64,0.8872,1,1
337,3,103.29,573.76,17.91,30.54,0.8210,1,1
338,1,4.38,451.26,39.02,41.78,0.8918,1,1
338,2,-0.17,415.99,40.81,47.70,0.8782,1,1
338,3,103.15,573.77,18.05,30.59,0.8196,1,1
338,11,5.66,815.17,111.93,108.28,0.4142,1,1
339,1,4.26,451.54,38.67,41.89,0.8942,1,1
339,2,-0.27,415.59,40.51,48.39,0.8775,1,1
339,3,103.23,574.11,17.99,30.34,0.8209,1,1
339,11,-3.25,817.14,108.95,108.34,0.4547,1,1
340,1,4.35,451.55,38.49,41.89,0.8943,1,1
340,2,-0.05,415.70,40.08,48.28,0.8777,1,1
340,3,103.21,574.09,18.03,30.32,0.8209,1,1
340,11,-3.78,817.45,106.52,108.34,0.4588,1,1
341,1,4.63,451.46,37.83,40.87,0.8966,1,1
341,2,-0.10,415.53,39.94,48.72,0.8767,1,1
341,3,103.15,574.03,18.15,30.51,0.8264,1,1
342,1,4.21,451.44,37.62,40.25,0.9021,1,1
342,2,-0.04,415.56,39.38,48.44,0.8722,1,1
342,3,103.22,574.22,18.07,30.31,0.8208,1,1
342,11,-13.51,818.14,105.52,111.89,0.3605,1,1
343,1,3.71,451.19,37.82,40.60,0.9047,1,1
343,2,0.00,415.56,38.91,48.13,0.8656,1,1
343,3,103.19,574.24,18.03,30.15,0.8131,1,1
343,11,-9.51,816.20,91.21,115.03,0.7211,1,1
343,89,38.43,552.37,24.68,26.49,0.8399,1,1
344,1,3.70,451.57,37.57,40.44,0.9016,1,1
344,2,-0.02,416.16,38.42,47.66,0.8592,1,1
344,3,103.27,574.33,17.92,29.98,0.8081,1,1
344,11,-16.53,803.48,96.44,127.53,0.4224,1,1
344,89,35.90,544.14,25.91,28.07,0.5668,1,1
345,1,3.83,451.70,37.13,40.15,0.9041,1,1
345,2,0.13,417.11,37.88,46.64,0.8591,1,1
345,3,103.28,574.51,17.90,29.85,0.8071,1,1
345,11,-20.65,796.87,95.43,131.98,0.3151,1,1
345,89,34.10,536.23,23.72,24.82,0.8542,1,1
346,1,3.87,451.71,37.06,40.12,0.9041,1,1
346,2,0.08,417.11,38.02,46.62,0.8590,1,1
346,3,103.27,574.51,17.92,29.83,0.8056,1,1
346,11,-19.89,794.93,91.99,133.14,0.3131,1,1
346,89,33.92,536.10,23.99,24.79,0.8546,1,1
347,1,3.71,451.91,36.80,40.47,0.9056,1,1
347,2,0.10,417.69,37.78,46.09,0.8594,1,1
347,3,103.39,574.63,17.78,29.66,0.7985,1,1
347,11,-7.74,792.63,63.71,131.09,0.8148,1,1
347,89,28.28,527.52,26.33,27.51,0.8597,1,1
348,1,4.13,452.28,36.78,41.22,0.9035,1,1
348,2,-0.26,417.94,37.54,46.44,0.8570,1,1
348,3,103.61,575.03,17.45,29.23,0.7935,1,1
348,11,-3.60,792.88,46.64,128.28,0.8795,1,1
349,1,4.24,452.21,35.97,40.48,0.9022,1,1
349,2,-0.28,418.45,37.21,46.74,0.8586,1,1
349,3,103.85,575.27,17.18,28.97,0.7823,1,1
349,11,-5.04,793.04,40.55,127.99,0.8150,1,1
350,1,4.40,452.43,35.99,40.31,0.9005,1,1
350,2,-0.27,419.03,36.57,46.64,0.8613,1,1
350,3,103.77,575.19,17.25,29.22,0.7811,1,1
350,11,-7.77,801.60,37.38,121.29,0.4355,1,1
351,1,4.43,453.21,36.05,40.20,0.8995,1,1
351,2,-0.28,419.23,36.61,47.52,0.8674,1,1
351,3,103.84,575.32,17.16,29.14,0.7785,1,1
351,11,-7.47,819.14,29.95,100.82,0.3951,1,1
352,1,4.40,453.22,36.12,40.20,0.8995,1,1
352,2,-0.13,419.25,36.31,47.52,0.8675,1,1
352,3,103.86,575.30,17.14,29.17,0.7797,1,1
352,11,-6.63,822.92,27.43,96.37,0.3933,1,1
353,1,3.49,453.38,37.10,40.97,0.8990,1,1
353,2,0.25,420.28,35.69,45.90,0.8729,1,1
353,3,103.90,575.29,17.11,29.20,0.7805,1,1
354,1,3.19,453.78,37.07,40.86,0.9012,1,1
354,2,0.17,420.72,36.39,46.22,0.8804,1,1
354,3,103.82,575.19,17.19,29.36,0.7808,1,1
355,1,3.48,454.24,36.68,40.27,0.9025,1,1
355,2,0.08,420.77,36.79,46.46,0.8813,1,1
355,3,103.86,575.22,17.15,29.32,0.7820,1,1
356,1,3.38,454.34,36.70,40.29,0.9035,1,1
356,2,-0.01,420.87,37.01,46.78,0.8824,1,1
356,3,103.88,575.20,17.13,29.27,0.7887,1,1
357,1,3.64,454.70,36.55,40.26,0.9057,1,1
357,2,0.01,420.97,37.10,46.86,0.8828,1,1
357,3,103.98,575.37,17.03,29.06,0.7904,1,1
358,1,3.66,454.72,36.52,40.26,0.9056,1,1
358,2,-0.01,420.91,37.12,46.92,0.8829,1,1
358,3,104.00,575.42,17.01,29.04,0.7906,1,1
359,1,3.70,454.98,36.47,40.24,0.9064,1,1
359,2,0.01,420.97,37.07,46.81,0.8831,1,1
359,3,103.96,575.33,17.05,29.08,0.7867,1,1
360,1,3.82,454.71,37.07,41.52,0.9089,1,1
360,2,0.00,420.98,37.17,46.92,0.8835,1,1
360,3,103.79,575.39,17.11,29.24,0.7826,1,1
361,1,4.58,454.95,36.66,42.45,0.9148,1,1
361,2,-0.05,420.82,37.26,47.21,0.8840,1,1
361,3,103.97,575.85,17.24,29.17,0.8165,1,1
362,1,4.68,454.69,36.25,41.83,0.9157,1,1
362,2,-0.07,420.62,37.22,47.39,0.8826,1,1
362,3,104.10,576.11,17.22,28.84,0.8305,1,1
363,1,4.54,454.65,36.75,42.60,0.9218,1,1
363,2,-0.01,420.64,37.19,47.37,0.8805,1,1
363,3,103.99,575.99,17.40,29.00,0.8319,1,1
364,1,4.56,454.64,36.71,42.62,0.9218,1,1
364,2,0.00,420.65,37.18,47.35,0.8805,1,1
364,3,103.97,575.99,17.44,29.00,0.8320,1,1
365,1,4.90,455.15,36.37,41.09,0.9158,1,1
365,2,-0.25,419.59,37.41,48.45,0.8786,1,1
365,3,103.97,576.05,17.46,28.97,0.8327,1,1
366,1,4.50,454.48,37.24,41.63,0.9077,1,1
366,2,-0.20,419.36,37.34,49.05,0.8835,1,1
366,3,103.88,575.96,17.56,29.09,0.8312,1,1
367,1,4.82,454.72,37.02,41.05,0.9041,1,1
367,2,-0.16,419.02,37.14,49.32,0.8832,1,1
367,3,103.89,575.99,17.56,29.05,0.8300,1,1
368,1,5.66,456.18,36.07,38.97,0.9027,1,1
368,2,0.00,418.92,36.84,48.92,0.8811,1,1
368,3,103.54,575.47,17.90,29.48,0.8343,1,1
369,1,4.64,455.13,37.39,40.60,0.9037,1,1
369,2,0.05,418.85,36.88,48.81,0.8797,1,1
369,3,103.49,575.39,17.94,29.52,0.8371,1,1
370,1,4.67,455.10,37.33,40.62,0.9037,1,1
370,2,0.03,418.88,36.92,48.76,0.8794,1,1
370,3,103.50,575.38,17.95,29.51,0.8378,1,1
371,1,4.00,454.24,37.83,41.04,0.9097,1,1
371,2,0.01,418.93,37.19,49.08,0.8789,1,1
371,3,103.40,575.08,18.26,30.07,0.8425,1,1
372,1,5.95,457.12,36.54,38.39,0.9050,1,1
372,2,0.16,419.06,37.63,48.94,0.8967,1,1
372,3,103.44,574.89,18.19,30.07,0.8474,1,1
373,1,6.72,458.43,36.06,37.05,0.9029,1,1
373,2,0.27,419.77,38.45,49.01,0.9060,1,1
373,3,103.36,574.22,18.28,30.80,0.8407,1,1
374,1,7.63,459.70,35.86,35.56,0.8850,1,1
374,2,0.50,420.92,39.13,47.78,0.9092,1,1
374,3,103.48,573.66,18.09,30.93,0.8467,1,1
375,1,8.85,460.51,35.16,34.45,0.8649,1,1
375,2,0.18,421.26,39.76,47.65,0.9123,1,1
375,3,103.46,573.62,17.99,30.84,0.8436,1,1
375,95,51.19,584.50,32.71,23.31,0.5278,1,1
376,1,8.76,460.52,35.38,34.45,0.8650,1,1
376,2,0.06,421.27,39.99,47.64,0.9123,1,1
376,3,103.51,573.74,17.93,30.73,0.8449,1,1
376,95,51.27,584.54,32.32,23.01,0.5341,1,1
377,1,8.60,462.35,34.68,32.56,0.8669,1,1
377,2,0.12,422.09,40.24,47.38,0.9113,1,1
377,3,103.50,573.59,18.02,30.85,0.8476,1,1
378,1,9.50,463.45,34.83,32.07,0.8749,1,1
378,2,-0.06,422.36,40.79,48.77,0.9108,1,1
378,3,103.34,573.10,18.21,31.38,0.8400,1,1
378,95,53.67,584.39,33.69,24.31,0.5481,1,1
379,1,9.82,463.89,35.03,31.87,0.8685,1,1
379,2,-0.11,422.99,41.01,50.03,0.9096,1,1
379,3,103.22,572.45,18.33,31.96,0.8316,1,1
379,95,53.11,583.19,34.96,25.53,0.5941,1,1
380,1,10.34,464.30,35.04,31.69,0.8740,1,1
380,2,0.09,423.37,40.94,50.10,0.9081,1,1
380,3,103.18,572.09,18.42,32.53,0.8260,1,1
380,95,53.69,582.31,35.42,26.14,0.7680,1,1
381,1,10.66,465.01,34.98,31.82,0.8818,1,1
381,2,0.03,423.41,41.18,50.82,0.9088,1,1
381,3,103.18,572.10,18.37,32.84,0.8194,1,1
381,95,53.48,580.33,38.63,26.16,0.8366,1,1
382,1,10.50,465.01,35.06,31.89,0.8832,1,1
382,2,0.08,423.41,41.07,50.89,0.9089,1,1
382,3,103.23,572.06,18.26,32.91,0.8187,1,1
382,95,52.82,580.27,39.88,26.19,0.8371,1,1
383,1,10.03,465.12,35.47,31.95,0.8814,1,1
383,2,0.19,423.61,41.03,50.60,0.9081,1,1
383,3,103.14,571.38,18.03,32.50,0.8182,1,1
383,95,53.38,578.68,39.53,25.80,0.3062,1,1
384,1,9.99,465.10,35.75,32.06,0.8805,1,1
384,2,0.20,423.62,41.10,50.46,0.9080,1,1
384,3,102.96,571.39,18.14,32.71,0.8073,1,1
385,1,9.84,465.05,35.83,31.77,0.8801,1,1
385,2,0.15,423.61,41.26,50.68,0.9081,1,1
385,3,102.59,571.54,18.35,33.21,0.7851,1,1
386,1,10.02,465.08,35.83,31.52,0.8813,1,1
386,2,0.21,423.63,41.42,50.61,0.9088,1,1
386,3,102.58,570.98,18.57,33.81,0.7842,1,1
387,1,10.23,464.80,36.21,31.90,0.8813,1,1
387,2,0.20,423.66,41.66,50.70,0.9089,1,1
387,3,102.59,571.03,18.65,33.92,0.7926,1,1
388,1,10.25,464.78,36.19,31.92,0.8813,1,1
388,2,0.17,423.67,41.73,50.69,0.9089,1,1
388,3,102.59,571.04,18.65,33.90,0.7928,1,1
389,1,10.30,464.91,36.15,31.87,0.8805,1,1
389,2,0.20,423.63,41.94,50.77,0.9091,1,1
389,3,102.10,571.21,19.03,34.48,0.7943,1,1
390,1,10.46,464.80,36.12,31.83,0.8798,1,1
390,2,0.21,423.55,42.13,50.85,0.9093,1,1
390,3,101.58,571.25,19.35,34.75,0.7899,1,1
391,1,10.48,464.69,36.21,31.84,0.8795,1,1
391,2,0.25,423.38,42.24,50.73,0.9102,1,1
391,3,102.24,571.14,19.00,34.14,0.7890,1,1
392,1,10.49,464.36,36.37,32.07,0.8730,1,1
392,2,0.20,423.17,42.39,50.88,0.9108,1,1
392,3,102.05,571.00,19.10,34.33,0.7975,1,1
393,1,10.57,464.23,36.30,32.09,0.8724,1,1
393,2,0.39,422.98,42.71,50.43,0.9122,1,1
393,3,102.47,570.66,18.77,33.72,0.8066,1,1
393,95,61.36,578.67,37.67,25.62,0.3954,1,1
394,1,10.61,464.22,36.25,32.09,0.8727,1,1
394,2,0.30,422.98,43.01,50.43,0.9124,1,1
394,3,102.49,570.66,18.75,33.69,0.8062,1,1
394,95,62.00,578.70,36.59,25.60,0.4125,1,1
395,1,10.80,464.03,35.99,31.82,0.8743,1,1
395,2,0.35,422.83,43.35,50.44,0.9103,1,1
395,3,103.05,570.94,18.24,32.49,0.8180,1,1
395,95,63.06,580.56,33.53,24.64,0.7409,1,1
396,1,10.53,463.63,36.30,32.29,0.8758,1,1
396,2,0.39,422.67,43.46,50.12,0.9082,1,1
396,3,103.15,570.61,18.19,32.05,0.8217,1,1
396,95,59.58,582.81,33.81,23.97,0.7532,1,1
397,1,10.40,462.60,36.62,32.97,0.8726,1,1
397,2,0.43,422.39,43.80,49.97,0.9078,1,1
397,3,103.86,570.70,17.67,30.85,0.8321,1,1
397,95,60.45,583.89,35.18,24.51,0.6495,1,1
398,1,10.60,462.35,36.40,32.98,0.8750,1,1
398,2,0.40,422.15,43.93,49.66,0.9067,1,1
398,3,103.68,570.19,17.92,31.16,0.8246,1,1
398,95,61.95,584.99,35.28,23.92,0.6009,1,1
399,1,11.06,461.36,36.09,33.42,0.8977,1,1
399,2,0.35,421.74,44.08,49.30,0.9054,1,1
399,3,103.69,570.15,17.92,31.00,0.8338,1,1
399,95,62.10,586.38,33.07,22.36,0.2957,1,1
400,1,11.20,461.41,35.81,33.39,0.8976,1,1
400,2,0.27,421.63,44.33,49.48,0.9048,1,1
400,3,103.67,570.20,17.96,30.98,0.8339,1,1
400,95,62.03,586.76,32.47,21.88,0.2901,1,1
401,1,11.17,460.65,36.18,34.00,0.8993,1,1
401,2,0.32,421.42,44.63,49.44,0.9048,1,1
401,3,103.53,570.10,18.24,31.35,0.8477,1,1
402,1,11.17,460.36,36.34,34.34,0.9005,1,1
402,2,0.36,421.39,44.88,49.28,0.9039,1,1
402,3,103.46,569.91,18.31,31.56,0.8528,1,1
403,1,11.22,460.02,36.19,34.10,0.9011,1,1
403,2,0.33,421.35,45.00,49.16,0.9046,1,1
403,3,103.54,570.34,18.06,31.08,0.8552,1,1
404,1,11.11,460.18,36.55,34.53,0.9016,1,1
404,2,0.42,421.26,45.17,49.09,0.9024,1,1
404,3,103.51,570.53,18.13,31.10,0.8576,1,1
405,1,11.20,460.69,36.66,34.84,0.9028,1,1
405,2,0.44,421.21,45.30,49.06,0.9029,1,1
405,3,103.55,570.86,18.04,30.74,0.8580,1,1
406,1,11.24,460.71,36.55,34.74,0.9027,1,1
406,2,0.40,421.20,45.36,49.08,0.9032,1,1
406,3,103.52,570.88,18.10,30.74,0.8581,1,1
407,1,11.26,461.11,36.43,34.48,0.9018,1,1
407,2,0.44,421.28,45.28,48.98,0.9041,1,1
407,3,103.71,571.04,18.07,30.64,0.8628,1,1
408,1,11.32,461.89,36.26,33.88,0.8967,1,1
408,2,0.46,421.30,45.18,48.84,0.9051,1,1
408,3,103.86,571.19,18.02,30.56,0.8631,1,1
409,1,11.42,462.00,36.31,33.95,0.8959,1,1
409,2,0.48,421.29,45.29,48.88,0.9055,1,1
409,3,103.92,571.28,17.92,30.37,0.8590,1,1
410,1,11.52,462.28,36.35,34.19,0.8799,1,1
410,2,0.55,421.43,45.32,48.88,0.9060,1,1
410,3,103.87,571.24,17.94,30.35,0.8591,1,1
411,1,12.10,462.49,35.72,33.89,0.8759,1,1
411,2,0.60,421.78,45.15,48.44,0.9063,1,1
411,3,103.79,571.15,18.02,30.47,0.8602,1,1
412,1,12.19,462.55,35.54,33.84,0.8758,1,1
412,2,0.56,421.80,45.25,48.44,0.9062,1,1
412,3,103.79,571.16,18.02,30.47,0.8601,1,1
413,1,12.42,462.60,35.33,33.80,0.8744,1,1
413,2,0.59,422.04,45.18,48.15,0.9070,1,1
413,3,103.82,571.35,17.98,30.38,0.8590,1,1
414,1,12.41,462.77,35.25,33.76,0.8732,1,1
414,2,0.56,422.11,45.20,48.06,0.9067,1,1
414,3,103.83,571.24,18.00,30.43,0.8520,1,1
415,1,12.36,462.75,35.29,33.80,0.8745,1,1
415,2,0.52,422.10,45.24,48.12,0.9067,1,1
415,3,103.74,570.97,18.14,30.73,0.8506,1,1
416,1,12.70,463.42,34.64,32.95,0.8725,1,1
416,2,0.52,422.11,45.26,48.17,0.9070,1,1
416,3,103.71,570.74,18.19,30.97,0.8507,1,1
417,1,13.05,463.78,34.21,32.50,0.8701,1,1
417,2,0.56,422.40,45.24,48.01,0.9069,1,1
417,3,103.78,570.52,18.20,31.22,0.8487,1,1
418,1,12.89,463.78,34.32,32.50,0.8721,1,1
418,2,0.54,422.39,45.29,48.03,0.9069,1,1
418,3,103.81,570.52,18.13,31.22,0.8488,1,1
419,1,12.70,463.89,34.50,32.51,0.8725,1,1
419,2,0.57,422.63,45.14,47.72,0.9070,1,1
419,3,103.76,570.46,18.16,31.37,0.8518,1,1
420,1,12.28,464.03,34.86,32.77,0.8743,1,1
420,2,0.56,422.75,45.23,47.66,0.9064,1,1
420,3,103.78,570.48,18.13,31.34,0.8549,1,1
421,1,12.68,464.53,34.72,33.01,0.8790,1,1
421,2,0.35,422.85,45.91,49.03,0.9039,1,1
421,3,104.18,570.82,17.98,31.11,0.8532,1,1
422,1,11.60,464.54,35.58,33.82,0.8722,1,1
422,2,0.43,422.80,45.51,48.95,0.9033,1,1
422,3,104.38,571.25,17.80,30.60,0.8563,1,1
423,1,11.59,464.52,35.61,33.85,0.8724,1,1
423,2,0.49,422.82,45.38,48.95,0.9026,1,1
423,3,104.27,571.24,17.93,30.75,0.8548,1,1
424,1,11.58,464.53,35.61,33.85,0.8724,1,1
424,2,0.52,422.82,45.35,48.97,0.9026,1,1
424,3,104.25,571.23,17.95,30.76,0.8548,1,1
425,1,11.52,464.54,35.69,33.82,0.8732,1,1
425,2,0.61,422.85,45.38,48.94,0.9017,1,1
425,3,104.26,571.22,17.95,30.70,0.8548,1,1
426,1,11.51,464.66,35.87,33.90,0.8728,1,1
426,2,0.64,422.78,45.54,49.11,0.9009,1,1
426,3,104.33,571.31,17.86,30.55,0.8564,1,1
427,1,11.64,464.85,35.82,33.75,0.8704,1,1
427,2,0.74,423.02,45.57,48.99,0.9008,1,1
427,3,104.23,571.46,17.96,30.67,0.8578,1,1
428,1,11.55,464.97,35.98,33.78,0.8679,1,1
428,2,0.79,423.02,45.74,49.27,0.9002,1,1
428,3,104.34,571.92,17.75,30.17,0.8599,1,1
429,1,11.59,465.03,36.00,33.78,0.8681,1,1
429,2,0.87,423.31,45.81,49.07,0.8999,1,1
429,3,104.34,572.13,17.74,29.95,0.8612,1,1
430,1,11.60,465.00,36.02,33.79,0.8687,1,1
430,2,0.86,423.29,45.95,49.07,0.9000,1,1
430,3,104.31,572.15,17.80,29.94,0.8612,1,1
431,1,11.83,464.96,36.16,34.05,0.8709,1,1
431,2,0.86,423.28,46.10,49.05,0.9005,1,1
431,3,104.35,572.41,17.80,29.72,0.8611,1,1
432,1,12.01,465.16,36.01,33.99,0.8725,1,1
432,2,0.81,423.46,46.16,49.10,0.9008,1,1
432,3,104.23,572.59,17.89,29.61,0.8609,1,1
433,1,11.62,465.10,36.21,34.14,0.8716,1,1
433,2,0.16,423.66,46.17,50.75,0.8969,1,1
433,3,104.09,572.86,17.97,29.47,0.8601,1,1
434,1,11.79,465.10,36.00,33.89,0.8729,1,1
434,2,-0.13,423.54,45.86,52.15,0.8987,1,1
434,3,104.13,573.00,18.01,29.42,0.8614,1,1
435,1,11.80,465.62,35.64,33.19,0.8689,1,1
435,2,0.21,424.13,44.29,50.50,0.9052,1,1
435,3,104.21,573.16,17.92,29.24,0.8590,1,1
436,1,11.72,465.63,35.81,33.18,0.8689,1,1
436,2,0.24,424.13,44.25,50.49,0.9052,1,1
436,3,104.22,573.18,17.90,29.21,0.8590,1,1
437,1,11.62,465.70,35.67,33.05,0.8728,1,1
437,2,0.08,424.21,44.15,50.95,0.9031,1,1
437,3,104.13,573.08,17.89,29.16,0.8582,1,1
437,98,40.62,552.98,21.94,24.42,0.6423,1,1
438,1,11.44,465.46,35.91,33.58,0.8691,1,1
438,2,0.11,425.40,43.59,50.58,0.9047,1,1
438,3,104.28,573.15,17.78,28.95,0.8603,1,1
438,98,36.59,541.35,24.66,28.24,0.8677,1,1
439,1,11.10,465.82,36.00,33.48,0.8766,1,1
439,2,0.14,425.57,42.99,49.93,0.9043,1,1
439,3,104.20,573.12,17.86,29.01,0.8595,1,1
439,98,34.43,533.29,23.13,26.55,0.8246,1,1
440,1,10.59,465.63,36.23,34.04,0.8711,1,1
440,2,0.07,425.76,43.07,50.25,0.9019,1,1
440,3,104.29,573.28,17.76,28.91,0.8585,1,1
440,98,30.99,525.99,24.05,27.93,0.8343,1,1
441,1,10.49,465.01,36.07,34.20,0.8644,1,1
441,2,0.04,425.92,42.58,49.99,0.9005,1,1
441,3,104.46,573.60,17.56,28.65,0.8581,1,1
441,98,28.35,521.94,24.04,28.36,0.8149,1,1
442,1,10.56,465.06,35.98,34.31,0.8631,1,1
442,2,0.10,425.89,42.54,50.01,0.9008,1,1
442,3,104.46,573.57,17.55,28.68,0.8582,1,1
442,98,28.38,521.84,23.82,28.36,0.8139,1,1
443,1,10.55,465.36,35.46,33.35,0.8688,1,1
443,2,-0.02,425.85,42.07,49.99,0.8977,1,1
443,3,104.51,573.78,17.46,28.44,0.8585,1,1
443,98,27.69,516.42,23.87,29.33,0.8123,1,1
444,1,9.41,464.87,37.06,35.16,0.8757,1,1
444,2,0.07,425.86,41.65,49.69,0.8980,1,1
444,3,104.67,573.89,17.30,28.30,0.8576,1,1
444,98,25.60,512.11,24.56,31.33,0.7837,1,1
445,1,9.19,464.62,37.21,35.89,0.8767,1,1
445,2,0.05,425.82,41.56,49.84,0.8953,1,1
445,3,104.80,574.03,17.13,28.14,0.8571,1,1
445,98,24.92,510.55,24.00,31.89,0.8183,1,1
446,1,9.12,464.48,36.64,35.72,0.8831,1,1
446,2,0.10,425.96,41.34,49.60,0.8919,1,1
446,3,104.84,574.09,17.11,28.14,0.8576,1,1
446,98,25.12,509.26,22.69,30.13,0.8359,1,1
447,1,8.69,463.34,36.70,36.30,0.8820,1,1
447,2,0.10,426.50,40.69,48.85,0.8887,1,1
447,3,104.90,574.43,16.92,27.72,0.8576,1,1
447,98,25.00,508.89,22.44,29.80,0.8433,1,1
448,1,8.78,463.29,36.48,36.32,0.8816,1,1
448,2,0.07,426.51,40.58,48.84,0.8885,1,1
448,3,104.89,574.44,16.94,27.70,0.8575,1,1
448,98,25.00,508.89,22.44,29.79,0.8437,1,1
449,1,8.61,462.78,36.60,36.78,0.8782,1,1
449,2,0.15,426.46,40.72,48.84,0.8870,1,1
449,3,104.93,574.50,16.91,27.65,0.8572,1,1
449,98,25.02,506.98,22.78,30.38,0.8366,1,1
450,1,8.91,462.48,36.15,36.15,0.8786,1,1
450,2,0.06,426.70,40.35,48.50,0.8858,1,1
450,3,104.96,574.55,16.86,27.60,0.8574,1,1
450,98,25.13,505.34,22.90,31.09,0.8269,1,1
451,1,9.01,462.47,36.25,36.12,0.8748,1,1
451,2,0.06,426.69,40.77,49.13,0.8861,1,1
451,3,105.04,574.75,16.78,27.47,0.8581,1,1
451,98,25.48,505.29,22.27,30.40,0.8284,1,1
452,1,8.99,462.45,36.32,36.20,0.8746,1,1
452,2,0.10,426.73,40.75,49.10,0.8865,1,1
452,3,105.05,574.75,16.77,27.46,0.8581,1,1
452,98,25.54,505.32,22.18,30.37,0.8305,1,1
