3,1,2.20,451.32,39.38,42.23,0.8530,1,1
3,2,103.52,574.54,16.65,30.08,0.8564,1,1
3,3,-0.67,415.35,35.89,46.54,0.8190,1,1
4,1,2.20,451.28,39.34,42.27,0.8530,1,1
4,2,103.52,574.54,16.63,30.07,0.8568,1,1
4,3,-0.40,415.32,35.30,46.52,0.8190,1,1
5,1,1.02,449.37,39.80,43.62,0.8519,1,1
5,2,103.61,574.60,16.57,29.99,0.8558,1,1
5,3,-0.32,414.03,33.96,45.38,0.8236,1,1
6,1,-0.24,446.25,40.31,46.79,0.8736,1,1
6,2,103.41,574.61,16.67,29.94,0.8580,1,1
6,3,-0.24,413.47,32.54,43.99,0.8299,1,1
7,1,-0.42,444.85,39.36,47.71,0.8543,1,1
7,2,103.40,574.71,16.68,29.81,0.8582,1,1
7,3,0.03,413.27,31.91,43.04,0.8300,1,1
8,1,-0.36,443.13,38.58,48.73,0.8590,1,1
8,2,103.35,574.63,16.76,30.06,0.8575,1,1
8,3,0.27,412.82,30.95,41.18,0.8242,1,1
9,1,-0.12,442.16,37.91,49.44,0.8613,1,1
9,2,103.42,574.72,16.69,29.98,0.8576,1,1
9,3,-0.32,412.31,31.55,42.64,0.8218,1,1
10,1,0.17,442.16,37.30,49.42,0.8615,1,1
10,2,103.42,574.71,16.66,29.93,0.8583,1,1
10,3,-0.20,412.29,31.24,42.61,0.8221,1,1
11,1,0.08,441.30,36.84,49.51,0.8668,1,1
11,2,103.37,574.95,16.64,29.74,0.8602,1,1
11,3,-0.25,412.20,30.35,41.89,0.8167,1,1
12,1,-0.17,441.09,36.64,50.09,0.8696,1,1
12,2,103.34,574.97,16.70,29.80,0.8598,1,1
12,3,-0.08,411.82,29.53,40.90,0.8127,1,1
13,1,-0.14,440.57,36.51,50.59,0.8683,1,1
13,2,103.39,574.93,16.67,29.76,0.8580,1,1
13,3,-0.01,411.55,28.93,40.08,0.8136,1,1
14,1,0.13,440.34,35.93,49.91,0.8743,1,1
14,2,103.44,575.07,16.59,29.58,0.8571,1,1
14,3,-0.20,411.22,29.45,41.18,0.8122,1,1
15,1,0.15,440.04,36.08,50.69,0.8763,1,1
15,2,103.45,574.91,16.62,29.62,0.8553,1,1
15,3,-0.56,410.57,30.13,43.18,0.8070,1,1
16,1,0.24,440.03,35.91,50.70,0.8763,1,1
16,2,103.46,574.94,16.60,29.60,0.8550,1,1
16,3,-0.35,410.55,29.73,43.26,0.8069,1,1
17,1,0.50,439.70,35.34,49.67,0.8830,1,1
17,2,103.46,575.04,16.60,29.58,0.8545,1,1
17,3,-0.33,410.20,29.70,43.86,0.8048,1,1
18,1,0.53,439.20,35.65,50.06,0.8831,1,1
18,2,103.53,574.79,16.72,29.91,0.8520,1,1
18,3,-0.26,410.02,29.68,44.31,0.8044,1,1
19,1,0.99,439.16,35.78,49.28,0.8792,1,1
19,2,103.54,574.81,16.71,29.99,0.8504,1,1
19,3,-0.06,409.99,29.58,44.26,0.8042,1,1
20,1,0.88,439.10,36.31,49.28,0.8770,1,1
20,2,103.49,574.75,16.76,30.15,0.8501,1,1
20,3,-0.00,409.90,30.23,45.22,0.8082,1,1
21,1,1.02,439.01,36.51,49.25,0.8725,1,1
21,2,103.47,574.68,16.79,30.30,0.8500,1,1
21,3,0.12,409.68,30.36,45.15,0.8122,1,1
22,1,0.97,439.01,36.61,49.25,0.8724,1,1
22,2,103.48,574.69,16.76,30.30,0.8501,1,1
22,3,0.07,409.68,30.46,45.15,0.8117,1,1
23,1,1.07,439.46,36.64,48.78,0.8716,1,1
23,2,103.50,574.82,16.70,30.21,0.8505,1,1
23,3,0.09,409.65,31.15,45.95,0.8236,1,1
24,1,1.31,440.04,36.46,47.81,0.8779,1,1
24,2,103.49,574.73,16.71,30.27,0.8514,1,1
24,3,0.20,409.66,31.49,45.98,0.8272,1,1
25,1,1.70,440.55,36.83,47.57,0.8807,1,1
25,2,103.45,574.71,16.73,30.34,0.8512,1,1
25,3,0.24,409.70,31.77,45.80,0.8318,1,1
26,1,1.99,440.98,37.08,47.51,0.8852,1,1
26,2,103.30,574.38,16.89,30.64,0.8520,1,1
26,3,0.23,409.59,32.13,45.73,0.8367,1,1
27,1,2.32,442.06,37.44,46.84,0.8908,1,1
27,2,103.40,574.32,16.90,30.48,0.8534,1,1
27,3,0.23,410.12,32.43,45.56,0.8408,1,1
28,1,2.15,442.06,37.80,46.88,0.8904,1,1
28,2,103.39,574.35,16.93,30.43,0.8538,1,1
28,3,0.14,410.22,32.62,45.48,0.8408,1,1
29,1,2.43,443.22,38.17,46.90,0.8806,1,1
29,2,103.37,574.34,16.98,30.50,0.8523,1,1
29,3,0.29,410.33,33.10,45.47,0.8451,1,1
30,1,2.73,445.37,38.39,45.68,0.8780,1,1
30,2,103.36,574.21,17.01,30.57,0.8516,1,1
30,3,0.87,410.45,34.24,44.74,0.8572,1,1
31,1,2.31,446.79,39.10,44.84,0.8783,1,1
31,2,103.36,574.12,17.02,30.52,0.8507,1,1
31,3,0.58,411.05,35.11,44.50,0.8605,1,1
32,1,3.29,449.21,38.52,42.26,0.8728,1,1
32,2,103.37,574.23,17.02,30.48,0.8490,1,1
32,3,0.45,411.37,35.83,44.38,0.8559,1,1
33,1,3.66,450.80,38.63,41.11,0.8662,1,1
33,2,103.40,574.30,16.99,30.47,0.8489,1,1
33,3,0.49,411.44,36.83,44.52,0.8526,1,1
34,1,3.39,450.84,39.19,41.08,0.8663,1,1
34,2,103.41,574.32,16.97,30.43,0.8491,1,1
34,3,0.26,411.43,37.30,44.54,0.8525,1,1
35,1,3.60,451.48,39.08,40.37,0.8694,1,1
35,2,103.38,574.22,17.02,30.49,0.8495,1,1
35,3,0.41,411.80,37.65,44.04,0.8547,1,1
36,1,3.89,452.35,38.97,39.42,0.8697,1,1
36,2,103.37,574.25,17.03,30.50,0.8500,1,1
36,3,0.27,411.79,38.28,44.21,0.8560,1,1
37,1,4.32,452.96,38.98,38.69,0.8714,1,1
37,2,103.38,574.30,17.02,30.44,0.8508,1,1
37,3,0.23,412.01,38.70,44.21,0.8545,1,1
38,1,4.55,453.72,39.06,38.38,0.8671,1,1
38,2,103.49,574.54,16.90,30.25,0.8512,1,1
38,3,0.06,412.21,39.23,44.71,0.8549,1,1
39,1,4.75,454.05,39.17,38.23,0.8647,1,1
39,2,103.49,574.50,16.92,30.33,0.8512,1,1
39,3,0.18,412.37,39.46,45.14,0.8575,1,1
40,1,4.69,454.05,39.30,38.23,0.8648,1,1
40,2,103.50,574.52,16.90,30.32,0.8509,1,1
40,3,0.23,412.40,39.37,45.12,0.8576,1,1
41,1,4.81,454.20,39.41,38.20,0.8625,1,1
41,2,103.51,574.58,16.91,30.35,0.8498,1,1
41,3,0.28,412.48,39.67,45.47,0.8609,1,1
42,1,4.90,454.33,39.49,38.06,0.8641,1,1
42,2,103.50,574.49,16.92,30.37,0.8495,1,1
42,3,0.24,412.26,40.07,46.13,0.8612,1,1
43,1,5.07,454.54,39.46,37.86,0.8639,1,1
43,2,103.51,574.56,16.91,30.38,0.8463,1,1
43,3,0.29,412.36,40.20,46.37,0.8612,1,1
44,1,5.05,454.81,39.54,37.80,0.8622,1,1
44,2,103.48,574.61,16.94,30.17,0.8475,1,1
44,3,0.55,413.12,39.95,45.58,0.8609,1,1
45,1,5.18,455.02,39.51,37.67,0.8620,1,1
45,2,103.48,574.70,17.00,30.12,0.8470,1,1
45,3,0.49,413.23,40.20,45.51,0.8609,1,1
46,1,5.15,455.02,39.57,37.67,0.8620,1,1
46,2,103.43,574.70,17.07,30.14,0.8472,1,1
46,3,0.42,413.22,40.36,45.51,0.8609,1,1
47,1,5.63,454.99,39.17,37.52,0.8659,1,1
47,2,103.38,574.55,17.12,30.14,0.8466,1,1
47,3,0.29,413.43,40.57,45.84,0.8624,1,1
48,1,6.08,454.13,39.46,38.80,0.8696,1,1
48,2,103.29,574.40,17.17,30.10,0.8475,1,1
48,3,0.14,413.60,41.03,46.84,0.8624,1,1
49,1,6.85,451.97,39.98,40.64,0.8768,1,1
49,2,103.29,574.48,17.22,30.11,0.8481,1,1
49,3,-0.64,413.08,42.23,50.44,0.8601,1,1
50,1,8.11,449.30,40.21,43.29,0.8877,1,1
50,2,103.30,574.49,17.19,29.92,0.8476,1,1
50,3,-1.42,414.11,43.44,56.10,0.8622,1,1
51,1,9.09,445.73,39.85,46.02,0.9009,1,1
51,2,103.25,574.55,17.25,29.99,0.8477,1,1
51,3,-0.47,415.18,41.87,55.74,0.8560,1,1
52,1,9.58,445.71,38.87,46.05,0.9009,1,1
52,2,103.25,574.56,17.25,29.95,0.8481,1,1
52,3,-0.12,415.22,41.19,55.71,0.8560,1,1
53,1,9.27,444.43,39.52,48.01,0.9071,1,1
53,2,103.22,574.55,17.29,30.00,0.8485,1,1
53,3,-0.69,415.39,42.35,59.43,0.8426,1,1
54,1,9.88,443.74,39.44,48.51,0.9041,1,1
54,2,103.20,574.47,17.35,30.12,0.8481,1,1
54,3,-0.16,415.59,41.71,59.45,0.8341,1,1
55,1,10.18,443.69,39.16,48.01,0.9082,1,1
55,2,103.18,574.41,17.37,30.28,0.8477,1,1
55,3,-0.10,415.90,41.20,59.41,0.8315,1,1
56,1,10.16,443.47,39.54,47.94,0.9032,1,1
56,2,103.18,574.28,17.38,30.44,0.8468,1,1
56,3,0.14,415.99,40.70,58.85,0.8292,1,1
57,1,10.28,443.31,39.81,48.09,0.8999,1,1
57,2,103.21,574.07,17.41,30.47,0.8454,1,1
57,3,-0.56,416.30,42.06,62.05,0.8246,1,1
58,1,10.25,443.29,39.87,48.12,0.8998,1,1
58,2,103.21,574.06,17.41,30.47,0.8454,1,1
58,3,-0.34,416.31,41.64,62.18,0.8247,1,1
59,1,10.18,442.68,40.35,48.56,0.8935,1,1
59,2,103.23,574.03,17.39,30.46,0.8459,1,1
59,3,-0.80,415.99,42.19,64.75,0.8198,1,1
60,1,10.23,442.46,40.39,48.56,0.8899,1,1
60,2,103.27,573.77,17.40,30.54,0.8461,1,1
60,3,-0.12,416.02,40.72,62.72,0.8234,1,1
61,1,10.25,442.59,40.55,48.50,0.8844,1,1
61,2,103.50,574.13,17.09,30.22,0.8432,1,1
61,3,-0.70,415.46,41.75,65.93,0.8215,1,1
62,1,9.80,442.34,41.31,49.44,0.8818,1,1
62,2,103.44,574.21,17.22,30.06,0.8498,1,1
62,3,0.50,414.84,38.91,60.58,0.8218,1,1
63,1,9.81,442.26,41.31,49.50,0.8815,1,1
63,2,103.41,574.29,17.32,30.04,0.8498,1,1
63,3,0.33,414.52,39.17,60.65,0.8228,1,1
64,1,9.81,442.23,41.30,49.52,0.8814,1,1
64,2,103.38,574.31,17.39,30.05,0.8501,1,1
64,3,0.27,414.52,39.28,60.61,0.8230,1,1
65,1,9.72,442.11,41.44,49.69,0.8789,1,1
65,2,103.41,574.39,17.38,29.92,0.8506,1,1
65,3,0.28,414.33,39.28,60.36,0.8229,1,1
66,1,9.69,442.04,41.41,49.67,0.8794,1,1
66,2,103.42,574.40,17.37,29.85,0.8506,1,1
66,3,0.18,414.42,39.45,60.64,0.8232,1,1
67,1,9.66,441.64,41.47,49.93,0.8798,1,1
67,2,103.42,574.41,17.37,29.83,0.8507,1,1
67,3,0.15,414.25,39.58,60.92,0.8218,1,1
68,1,9.69,441.23,41.36,50.02,0.8805,1,1
68,2,103.44,574.63,17.31,29.64,0.8512,1,1
68,3,-0.01,414.13,39.71,61.53,0.8189,1,1
69,1,9.67,441.41,41.43,50.05,0.8782,1,1
69,2,103.45,574.72,17.31,29.57,0.8518,1,1
69,3,-0.02,413.95,39.45,61.51,0.8188,1,1
70,1,9.65,441.41,41.45,50.05,0.8782,1,1
70,2,103.44,574.72,17.32,29.57,0.8517,1,1
70,3,0.07,414.00,39.27,61.41,0.8186,1,1
71,1,9.42,441.03,41.68,50.73,0.8775,1,1
71,2,103.44,574.71,17.33,29.57,0.8518,1,1
71,5,-0.29,413.94,40.15,74.37,0.8176,1,1
72,1,9.54,440.54,41.58,50.91,0.8789,1,1
72,2,103.41,574.66,17.36,29.66,0.8510,1,1
72,5,-0.18,413.56,39.70,74.04,0.8189,1,1
73,1,9.63,440.07,41.79,51.53,0.8796,1,1
73,2,103.41,574.69,17.34,29.66,0.8511,1,1
73,5,-0.08,413.83,39.18,73.27,0.8168,1,1
74,1,9.40,439.61,41.89,52.12,0.8824,1,1
74,2,103.41,574.71,17.34,29.68,0.8512,1,1
74,5,-0.02,413.58,39.04,73.04,0.8165,1,1
75,1,9.33,439.36,41.75,52.22,0.8849,1,1
75,2,103.41,574.77,17.33,29.67,0.8506,1,1
75,5,-0.07,413.64,39.19,73.52,0.8182,1,1
76,1,9.37,439.40,41.62,52.23,0.8853,1,1
76,2,103.41,574.77,17.34,29.67,0.8506,1,1
76,5,-0.04,413.65,39.16,73.56,0.8181,1,1
77,1,9.46,439.08,41.41,51.81,0.8904,1,1
77,2,103.41,574.76,17.35,29.65,0.8506,1,1
77,5,-0.08,413.75,39.20,73.85,0.8169,1,1
78,1,9.30,438.78,41.64,52.26,0.8892,1,1
78,2,103.40,574.69,17.40,29.75,0.8486,1,1
78,5,-0.07,413.66,38.95,73.58,0.8150,1,1
79,1,9.32,438.90,41.57,52.14,0.8889,1,1
79,2,103.40,574.78,17.40,29.76,0.8478,1,1
79,5,-0.03,413.67,38.88,73.50,0.8156,1,1
80,1,9.18,438.68,41.74,52.58,0.8913,1,1
80,2,103.39,574.78,17.40,29.75,0.8481,1,1
80,5,-0.24,413.68,39.25,74.87,0.8157,1,1
81,1,9.23,439.25,41.55,52.18,0.8908,1,1
81,2,103.38,574.84,17.39,29.72,0.8481,1,1
81,5,-0.15,413.64,39.10,74.97,0.8169,1,1
82,1,9.24,439.27,41.54,52.02,0.8913,1,1
82,2,103.38,574.83,17.40,29.73,0.8484,1,1
82,5,-0.03,413.66,38.87,74.60,0.8169,1,1
83,1,9.11,439.33,41.38,51.97,0.8927,1,1
83,2,103.37,574.82,17.40,29.72,0.8480,1,1
83,5,-0.11,413.67,38.78,74.74,0.8151,1,1
84,1,8.97,439.33,40.60,51.52,0.8915,1,1
84,2,103.38,574.83,17.40,29.75,0.8473,1,1
84,5,-0.22,413.73,38.15,74.11,0.8144,1,1
85,1,9.15,439.77,39.07,49.21,0.8955,1,1
85,2,103.43,574.88,17.35,29.70,0.8495,1,1
85,3,-0.42,413.47,38.32,65.39,0.8017,1,1
86,1,8.69,439.58,38.78,48.38,0.8995,1,1
86,2,103.46,574.95,17.33,29.67,0.8492,1,1
86,3,1.25,413.45,35.40,54.58,0.8191,1,1
86,6,1223.03,66.11,14.48,27.18,0.8224,1,1
87,1,6.40,439.29,40.02,49.11,0.8960,1,1
87,2,103.44,574.96,17.38,29.80,0.8510,1,1
87,3,1.69,413.04,34.50,48.99,0.8144,1,1
87,6,1224.02,66.96,15.77,28.16,0.8781,1,1
88,1,6.25,439.33,40.28,49.07,0.8962,1,1
88,2,103.48,574.99,17.35,29.75,0.8508,1,1
88,3,1.04,413.02,35.80,48.85,0.8152,1,1
88,6,1223.92,66.97,16.02,28.17,0.8780,1,1
89,1,5.09,440.82,40.00,49.14,0.8929,1,1
89,2,103.47,574.97,17.39,29.78,0.8517,1,1
89,3,0.70,412.20,36.06,47.85,0.8252,1,1
89,6,1225.25,69.24,16.15,27.30,0.8753,1,1
90,1,4.57,444.96,38.89,47.00,0.8955,1,1
90,2,103.48,575.21,17.36,29.61,0.8528,1,1
90,3,1.49,412.44,36.81,45.11,0.8428,1,1
90,6,1224.21,69.89,17.20,28.36,0.8856,1,1
91,1,2.09,446.06,40.50,47.09,0.8701,1,1
91,2,103.46,575.27,17.39,29.62,0.8527,1,1
91,3,2.52,412.30,35.64,37.69,0.8520,1,1
91,6,1223.58,71.73,17.66,29.20,0.8945,1,1
92,1,0.85,446.90,41.22,46.33,0.8610,1,1
92,2,103.51,575.43,17.35,29.54,0.8524,1,1
92,3,1.59,411.89,37.51,36.64,0.8655,1,1
92,6,1222.59,74.61,17.51,29.75,0.8928,1,1
93,1,0.54,447.95,41.57,45.55,0.8664,1,1
93,2,103.54,575.32,17.35,29.57,0.8541,1,1
93,3,0.84,411.67,39.08,37.03,0.8720,1,1
93,6,1221.18,77.17,16.94,28.13,0.8788,1,1
93,7,1252.15,0.01,30.11,14.26,0.5035,1,1
94,1,0.30,447.96,42.06,45.55,0.8665,1,1
94,2,103.55,575.31,17.34,29.57,0.8542,1,1
94,3,0.58,411.68,39.61,37.03,0.8719,1,1
94,6,1221.07,77.19,17.11,28.11,0.8787,1,1
94,7,1252.00,-0.01,30.07,14.61,0.5020,1,1
95,1,0.25,448.73,42.35,45.52,0.8654,1,1
95,2,103.48,575.22,17.40,29.69,0.8546,1,1
95,3,0.44,411.93,39.88,37.09,0.8715,1,1
95,6,1218.98,79.36,17.16,28.19,0.8536,1,1
95,7,1249.51,0.01,32.28,16.43,0.6070,1,1
96,1,0.68,449.89,41.85,44.08,0.8642,1,1
96,2,103.48,575.18,17.40,29.70,0.8548,1,1
96,3,0.39,411.98,40.05,37.25,0.8722,1,1
96,6,1216.60,81.43,16.42,27.94,0.8699,1,1
96,7,1250.13,-0.00,31.11,17.00,0.6881,1,1
97,1,0.44,449.85,42.37,44.23,0.8636,1,1
97,2,103.46,575.25,17.38,29.67,0.8550,1,1
97,3,0.42,411.97,40.05,37.19,0.8727,1,1
97,6,1215.03,83.43,16.66,28.87,0.8807,1,1
97,7,1250.88,-0.00,29.85,17.46,0.7129,1,1
98,1,0.28,449.73,42.63,44.32,0.8628,1,1
98,2,103.46,575.23,17.38,29.69,0.8549,1,1
98,3,0.39,411.90,40.09,37.19,0.8725,1,1
98,6,1214.43,86.03,16.29,30.15,0.8626,1,1
98,7,1251.42,0.00,28.29,17.20,0.7085,1,1
99,1,0.25,449.75,42.72,44.30,0.8623,1,1
99,2,103.46,575.05,17.40,29.78,0.8543,1,1
99,3,0.51,412.21,39.95,36.80,0.8720,1,1
99,6,1214.43,89.20,16.13,29.95,0.8672,1,1
99,7,1251.50,0.52,27.70,17.50,0.7278,1,1
100,1,0.23,449.76,42.77,44.27,0.8627,1,1
100,2,103.47,575.05,17.38,29.78,0.8541,1,1
100,3,0.43,412.21,40.08,36.81,0.8722,1,1
100,6,1214.45,89.21,16.11,29.98,0.8674,1,1
100,7,1251.84,0.55,27.02,17.51,0.7273,1,1
101,1,0.22,449.85,42.82,44.29,0.8625,1,1
101,2,103.49,575.10,17.34,29.71,0.8543,1,1
101,3,0.44,412.20,40.21,36.84,0.8724,1,1
101,6,1214.33,91.10,15.03,27.58,0.8442,1,1
101,7,1251.99,0.29,25.60,16.63,0.7599,1,1
102,1,0.19,449.94,42.84,44.34,0.8621,1,1
102,2,103.49,575.05,17.34,29.78,0.8551,1,1
102,3,0.40,412.19,40.26,36.87,0.8729,1,1
102,6,1214.61,89.52,13.99,25.62,0.8363,1,1
102,7,1251.18,0.01,25.03,16.10,0.7870,1,1
103,1,0.13,449.91,42.95,44.56,0.8621,1,1
103,2,103.49,575.07,17.35,29.76,0.8553,1,1
103,3,0.41,412.16,40.27,36.85,0.8732,1,1
103,6,1214.47,87.57,11.85,21.15,0.7424,1,1
103,7,1250.05,0.00,25.24,16.03,0.7862,1,1
104,1,0.20,449.89,42.85,44.40,0.8622,1,1
104,2,103.52,575.10,17.31,29.69,0.8553,1,1
104,3,0.40,412.18,40.23,36.79,0.8726,1,1
104,6,1211.99,86.59,10.79,18.74,0.2736,1,1
104,7,1247.94,-0.00,26.35,16.77,0.7760,1,1
105,1,0.10,449.79,42.95,44.59,0.8607,1,1
105,2,103.54,575.20,17.27,29.58,0.8558,1,1
105,3,0.34,412.13,40.17,36.79,0.8722,1,1
105,7,1245.95,0.00,28.17,18.16,0.7702,1,1
106,1,0.12,449.78,42.93,44.61,0.8608,1,1
106,2,103.53,575.19,17.29,29.58,0.8556,1,1
106,3,0.35,412.13,40.14,36.79,0.8722,1,1
106,7,1245.97,-0.01,28.04,18.23,0.7705,1,1
107,1,0.04,449.72,42.99,44.70,0.8586,1,1
107,2,103.52,575.17,17.30,29.59,0.8558,1,1
107,3,0.39,412.17,39.97,36.59,0.8718,1,1
107,7,1242.11,0.00,29.79,20.43,0.8228,1,1
108,1,0.08,449.74,42.83,44.51,0.8587,1,1
108,2,103.53,574.86,17.38,29.73,0.8547,1,1
108,3,0.38,412.18,40.00,36.56,0.8727,1,1
108,7,1239.48,0.00,29.24,22.91,0.8616,1,1
109,1,0.08,449.81,43.04,44.75,0.8587,1,1
109,2,103.53,574.91,17.37,29.72,0.8547,1,1
109,3,0.39,412.20,40.03,36.50,0.8725,1,1
109,7,1236.87,0.00,29.68,25.83,0.8601,1,1
110,1,0.05,449.70,43.11,44.88,0.8577,1,1
110,2,103.53,574.90,17.35,29.68,0.8549,1,1
110,3,0.30,411.99,40.11,36.66,0.8724,1,1
110,7,1235.21,0.75,28.74,27.54,0.8856,1,1
111,1,-0.32,448.69,43.62,46.10,0.8576,1,1
111,2,103.57,575.08,17.32,29.58,0.8533,1,1
111,3,0.35,412.02,39.99,36.53,0.8713,1,1
111,7,1231.51,1.18,28.87,30.10,0.8854,1,1
112,1,-0.17,448.67,43.32,46.14,0.8576,1,1
112,2,103.57,575.09,17.33,29.57,0.8531,1,1
112,3,0.35,412.02,40.00,36.53,0.8713,1,1
112,7,1231.98,1.18,27.85,30.14,0.8853,1,1
112,8,1245.25,-0.00,25.25,21.98,0.6956,1,1
113,1,-0.17,448.47,43.30,46.48,0.8581,1,1
113,2,103.56,575.09,17.35,29.59,0.8534,1,1
113,3,0.31,412.20,40.06,36.32,0.8695,1,1
113,7,1229.20,1.22,28.42,31.14,0.9079,1,1
113,8,1239.15,0.01,26.16,21.69,0.6334,1,1
114,1,-0.08,448.26,43.14,46.46,0.8583,1,1
114,2,103.55,575.19,17.34,29.51,0.8534,1,1
114,3,0.24,412.14,40.10,36.23,0.8692,1,1
114,7,1225.99,1.79,28.63,31.65,0.9055,1,1
114,8,1234.78,0.00,27.93,22.83,0.4176,1,1
115,1,-0.19,447.36,43.31,47.01,0.8509,1,1
115,2,103.71,574.99,17.31,29.51,0.8501,1,1
115,3,0.26,411.72,39.91,36.23,0.8662,1,1
115,7,1224.12,3.02,27.21,31.46,0.9120,1,1
115,8,1230.53,-0.00,29.87,24.53,0.7357,1,1
116,1,0.20,446.84,42.62,45.92,0.8481,1,1
116,2,103.71,574.87,17.33,29.57,0.8507,1,1
116,3,0.58,412.12,39.70,35.03,0.8605,1,1
116,7,1222.07,3.98,27.63,32.39,0.9184,1,1
116,8,1227.94,0.01,30.63,25.43,0.7707,1,1
117,1,0.36,445.00,43.37,46.71,0.8521,1,1
117,2,103.72,574.92,17.29,29.55,0.8508,1,1
117,3,0.27,411.65,39.28,34.56,0.8503,1,1
117,7,1220.37,6.39,27.93,32.08,0.8846,1,1
117,8,1223.05,0.58,31.67,25.40,0.7604,1,1
118,1,0.37,444.97,43.38,46.72,0.8521,1,1
118,2,103.73,574.93,17.27,29.53,0.8509,1,1
118,3,0.24,411.64,39.32,34.55,0.8503,1,1
118,7,1220.21,6.41,28.22,32.08,0.8845,1,1
118,8,1222.52,0.61,32.34,25.40,0.7604,1,1
119,1,2.03,444.17,42.35,47.00,0.8760,1,1
119,2,103.72,574.94,17.28,29.55,0.8509,1,1
119,3,-1.44,411.95,41.62,38.77,0.8335,1,1
119,7,1219.59,9.63,27.57,30.52,0.8569,1,1
119,8,1219.74,0.40,31.16,23.31,0.7157,1,1
120,1,3.34,441.37,40.89,48.18,0.8930,1,1
120,2,103.71,575.03,17.28,29.53,0.8511,1,1
120,3,-3.39,411.88,44.31,46.81,0.8379,1,1
120,7,1218.23,9.37,28.34,31.84,0.8536,1,1
120,8,1216.97,0.24,33.48,24.44,0.7433,1,1
121,1,3.79,438.68,40.62,49.26,0.8900,1,1
121,2,103.53,574.76,17.49,29.68,0.8468,1,1
121,3,-3.34,411.27,40.56,48.22,0.8288,1,1
121,7,1216.94,9.96,29.12,35.06,0.8999,1,1
121,8,1214.38,0.14,34.64,25.19,0.7490,1,1
122,1,5.49,436.09,40.60,51.27,0.8834,1,1
122,2,103.53,574.71,17.46,29.68,0.8456,1,1
122,3,-2.96,411.66,38.83,50.47,0.8077,1,1
122,7,1215.45,12.89,28.73,35.51,0.9011,1,1
122,8,1211.96,0.24,35.67,27.10,0.8151,1,1
123,1,6.84,434.92,39.34,51.53,0.8934,1,1
123,2,103.55,574.68,17.44,29.70,0.8452,1,1
123,3,-2.13,411.85,36.97,51.73,0.8101,1,1
123,7,1214.32,14.84,28.86,36.31,0.8884,1,1
123,8,1210.96,0.61,36.06,28.97,0.8358,1,1
124,1,7.14,434.91,38.77,51.52,0.8934,1,1
124,2,103.56,574.68,17.43,29.69,0.8453,1,1
124,3,-1.29,411.85,35.28,51.77,0.8102,1,1
124,7,1214.42,14.86,28.64,36.32,0.8884,1,1
124,8,1211.42,0.61,35.12,29.02,0.8358,1,1
125,1,7.76,434.74,38.46,51.01,0.8925,1,1
125,2,103.57,574.69,17.41,29.69,0.8453,1,1
125,3,-1.71,411.69,36.20,56.18,0.7979,1,1
125,7,1213.62,20.87,28.36,36.30,0.8765,1,1
125,8,1210.21,0.88,36.00,31.20,0.8248,1,1
126,1,7.93,433.51,38.62,51.58,0.8914,1,1
126,2,103.58,574.60,17.43,29.73,0.8455,1,1
126,3,-0.83,411.37,34.45,54.98,0.7982,1,1
126,7,1213.45,24.66,27.49,34.45,0.9042,1,1
126,8,1210.09,4.31,34.94,30.90,0.8306,1,1
127,1,8.44,432.98,38.40,51.02,0.8941,1,1
127,2,103.59,574.43,17.44,29.83,0.8444,1,1
127,3,-0.77,410.93,34.19,56.14,0.8015,1,1
127,7,1212.83,27.86,28.03,34.87,0.9052,1,1
127,8,1209.09,6.87,35.42,31.80,0.8356,1,1
128,1,8.66,432.61,38.21,50.37,0.8921,1,1
128,2,103.64,574.51,17.37,29.72,0.8448,1,1
128,3,-0.61,410.26,33.64,56.57,0.8050,1,1
128,7,1212.92,29.82,27.70,32.56,0.9009,1,1
128,8,1208.85,9.30,34.85,30.46,0.8364,1,1
129,1,8.65,432.12,38.12,50.08,0.8921,1,1
129,2,103.61,574.53,17.38,29.76,0.8451,1,1
129,3,-0.37,409.60,33.32,56.81,0.8063,1,1
129,7,1212.68,31.15,28.89,34.19,0.8991,1,1
129,8,1208.54,10.85,35.53,30.84,0.8469,1,1
130,1,8.62,432.12,38.17,50.07,0.8920,1,1
130,2,103.63,574.55,17.35,29.70,0.8457,1,1
130,3,-0.22,409.59,33.04,56.81,0.8059,1,1
130,7,1212.73,31.17,28.83,34.22,0.8991,1,1
130,8,1208.47,10.87,35.68,30.86,0.8471,1,1
131,1,8.07,431.81,38.31,49.98,0.8942,1,1
131,2,103.45,574.25,17.55,30.00,0.8481,1,1
131,3,-0.33,409.22,33.39,58.09,0.7971,1,1
131,7,1212.57,32.13,28.82,34.03,0.9001,1,1
131,8,1208.70,11.92,35.65,30.81,0.8485,1,1
132,1,8.17,431.11,38.21,49.94,0.8977,1,1
132,2,103.43,573.97,17.62,30.16,0.8492,1,1
132,3,-0.09,408.57,32.92,57.46,0.8049,1,1
132,7,1212.08,33.18,29.07,34.60,0.9010,1,1
132,8,1208.69,13.43,35.82,31.26,0.8488,1,1
133,1,8.13,431.15,37.91,49.44,0.9009,1,1
133,2,103.43,573.83,17.63,30.24,0.8508,1,1
133,3,0.01,408.09,32.85,57.28,0.8092,1,1
133,7,1211.09,34.57,29.47,34.80,0.8958,1,1
133,8,1207.98,14.48,36.53,32.37,0.8471,1,1
134,1,7.96,430.95,37.61,49.17,0.9005,1,1
134,2,103.42,573.90,17.61,30.19,0.8522,1,1
134,3,0.30,408.14,32.43,55.70,0.8174,1,1
134,7,1210.60,36.39,29.18,35.12,0.8985,1,1
134,8,1206.40,15.41,37.86,34.35,0.8443,1,1
135,1,7.51,430.56,37.28,49.53,0.8992,1,1
135,2,103.41,573.85,17.60,30.23,0.8525,1,1
135,3,0.27,407.88,32.63,55.33,0.8195,1,1
135,7,1209.77,38.52,28.86,33.53,0.9089,1,1
135,8,1204.74,16.54,38.93,36.27,0.8504,1,1
136,1,7.62,430.56,37.05,49.53,0.8992,1,1
136,2,103.43,573.87,17.58,30.20,0.8524,1,1
136,3,0.16,407.86,32.86,55.31,0.8195,1,1
136,7,1209.60,38.54,29.18,33.51,0.9089,1,1
136,8,1204.96,16.57,38.44,36.30,0.8503,1,1
137,1,6.89,432.18,36.48,48.96,0.9003,1,1
137,2,103.38,573.71,17.64,30.34,0.8521,1,1
137,3,1.06,407.75,33.40,52.92,0.8361,1,1
137,7,1207.98,40.38,29.77,33.92,0.9152,1,1
137,8,1203.60,18.74,37.72,35.36,0.8576,1,1
138,1,6.62,433.70,35.92,46.69,0.8923,1,1
138,2,103.37,573.57,17.63,30.31,0.8526,1,1
138,3,1.22,407.27,35.04,52.15,0.8407,1,1
138,7,1206.69,43.62,28.93,31.11,0.9246,1,1
138,8,1201.66,20.29,38.85,36.42,0.8632,1,1
139,1,5.84,439.38,35.78,42.66,0.8843,1,1
139,2,103.36,573.51,17.50,30.15,0.8530,1,1
139,3,1.02,406.88,36.25,50.92,0.8552,1,1
139,7,1203.69,45.54,30.88,32.83,0.9205,1,1
139,8,1200.01,22.39,39.58,36.51,0.8688,1,1
140,1,4.96,442.91,37.10,41.18,0.8925,1,1
140,2,103.35,573.39,17.48,30.22,0.8522,1,1
140,3,0.95,406.77,36.84,49.00,0.8625,1,1
140,7,1200.83,48.73,31.98,34.69,0.8804,1,1
140,8,1197.60,25.14,40.15,37.44,0.8629,1,1
141,1,3.86,444.01,38.78,41.69,0.8905,1,1
141,2,103.28,572.99,17.63,30.63,0.8522,1,1
141,3,0.80,406.70,37.73,48.01,0.8658,1,1
141,7,1199.93,51.43,30.15,33.43,0.9060,1,1
141,8,1194.74,26.64,40.86,39.09,0.8774,1,1
142,1,3.60,444.02,39.28,41.68,0.8904,1,1
142,2,103.31,573.05,17.59,30.61,0.8525,1,1
142,3,0.43,406.72,38.47,47.98,0.8656,1,1
142,7,1200.03,51.45,29.92,33.41,0.9060,1,1
142,8,1194.91,26.65,40.45,39.10,0.8773,1,1
142,9,1263.37,187.80,17.14,23.22,0.3893,1,1
143,1,3.34,445.22,39.05,40.53,0.8904,1,1
143,2,103.34,572.95,17.54,30.65,0.8517,1,1
143,3,0.48,406.96,38.88,47.27,0.8701,1,1
143,7,1197.84,55.63,29.51,32.91,0.9082,1,1
143,8,1191.98,29.30,40.46,39.15,0.8698,1,1
144,1,3.32,446.67,39.18,39.45,0.8917,1,1
144,2,103.37,572.97,17.45,30.54,0.8521,1,1
144,3,0.33,406.97,38.89,46.47,0.8722,1,1
144,7,1194.93,59.08,28.74,32.30,0.9190,1,1
144,8,1188.31,31.65,41.40,40.77,0.8685,1,1
145,1,3.33,447.72,39.13,38.18,0.8949,1,1
145,2,103.40,573.04,17.42,30.47,0.8527,1,1
145,3,0.35,407.16,39.43,46.28,0.8705,1,1
145,7,1191.14,62.93,29.11,32.18,0.9131,1,1
145,8,1185.21,34.45,40.92,39.37,0.8729,1,1
146,1,3.23,448.89,39.09,37.57,0.8937,1,1
146,2,103.36,572.95,17.51,30.61,0.8536,1,1
146,3,0.44,407.94,39.98,45.80,0.8751,1,1
146,7,1186.81,64.40,29.96,32.79,0.8831,1,1
146,8,1181.92,36.24,41.24,38.73,0.8824,1,1
147,1,3.79,450.64,38.60,36.46,0.8946,1,1
147,2,103.35,573.16,17.49,30.50,0.8538,1,1
147,3,0.43,408.70,40.83,45.50,0.8792,1,1
147,7,1182.64,64.13,30.08,33.51,0.8731,1,1
147,8,1177.80,37.85,41.35,38.69,0.8888,1,1
148,1,3.67,450.65,38.85,36.45,0.8946,1,1
148,2,103.34,573.18,17.52,30.50,0.8536,1,1
148,3,0.20,408.71,41.31,45.50,0.8791,1,1
148,7,1182.71,64.11,29.82,33.52,0.8733,1,1
148,8,1177.72,37.87,41.40,38.69,0.8888,1,1
149,1,4.19,451.25,38.55,35.82,0.8911,1,1
149,2,103.35,573.28,17.45,30.40,0.8516,1,1
149,3,0.28,409.41,41.64,45.15,0.8758,1,1
149,7,1178.74,65.07,30.51,33.42,0.9027,1,1
149,8,1173.48,39.16,41.90,39.39,0.8883,1,1
150,1,4.35,453.10,38.86,36.56,0.8858,1,1
150,2,103.45,573.21,17.22,30.14,0.8545,1,1
150,3,0.20,410.06,41.87,44.89,0.8760,1,1
150,7,1175.50,67.23,29.84,32.42,0.8968,1,1
150,8,1169.89,40.44,42.28,39.52,0.8840,1,1
151,1,4.71,453.43,38.43,36.49,0.8832,1,1
151,2,103.51,573.22,17.13,30.06,0.8538,1,1
151,3,0.38,410.91,42.20,44.28,0.8741,1,1
151,7,1171.84,68.63,30.44,33.66,0.8977,1,1
151,8,1166.60,42.55,42.00,39.64,0.8827,1,1
152,1,4.66,454.52,38.62,36.53,0.8778,1,1
152,2,103.51,573.24,17.14,30.09,0.8536,1,1
152,3,0.14,411.02,42.97,44.77,0.8755,1,1
152,7,1168.94,70.71,30.29,33.60,0.8991,1,1
152,8,1163.58,44.00,41.84,40.03,0.8763,1,1
153,1,4.74,455.35,38.80,36.16,0.8721,1,1
153,2,103.48,573.49,17.14,30.15,0.8521,1,1
153,3,0.23,411.33,43.23,45.15,0.8756,1,1
153,7,1165.67,72.72,31.23,35.22,0.9108,1,1
153,8,1160.73,45.39,40.67,38.36,0.8683,1,1
154,1,4.60,455.36,39.09,36.16,0.8720,1,1
154,2,103.49,573.47,17.13,30.15,0.8521,1,1
154,3,0.26,411.33,43.19,45.16,0.8755,1,1
154,7,1165.75,72.73,31.06,35.23,0.9107,1,1
154,8,1160.56,45.41,40.92,38.31,0.8681,1,1
155,1,4.47,455.79,39.45,36.16,0.8670,1,1
155,2,103.52,573.55,17.07,30.06,0.8488,1,1
155,3,0.07,411.13,43.43,46.03,0.8761,1,1
155,7,1163.19,75.13,31.32,36.15,0.8857,1,1
155,8,1157.81,47.49,41.42,38.88,0.8667,1,1
156,1,4.66,455.92,39.46,36.19,0.8610,1,1
156,2,103.54,573.49,17.02,29.99,0.8495,1,1
156,3,0.35,411.97,43.13,45.76,0.8733,1,1
156,7,1159.94,77.55,30.18,34.72,0.8919,1,1
156,8,1154.78,50.62,40.81,37.69,0.8644,1,1
157,1,4.43,456.06,39.73,36.18,0.8621,1,1
157,2,103.41,573.45,17.10,30.05,0.8504,1,1
157,3,0.39,412.17,43.13,45.69,0.8733,1,1
157,7,1156.58,79.67,30.75,36.58,0.9007,1,1
157,8,1151.84,53.70,41.14,38.98,0.8867,1,1
158,1,3.96,456.00,40.19,36.45,0.8594,1,1
158,2,103.42,573.55,17.12,30.00,0.8503,1,1
158,3,0.26,411.96,43.11,46.01,0.8718,1,1
158,7,1153.57,82.46,31.15,38.23,0.9152,1,1
158,8,1148.98,58.25,39.66,37.87,0.8689,1,1
159,1,4.05,456.18,40.31,36.52,0.8573,1,1
159,2,103.42,573.46,17.16,29.97,0.8503,1,1
159,3,0.33,412.30,42.91,45.97,0.8700,1,1
159,7,1151.03,86.61,31.08,38.49,0.9082,1,1
159,8,1145.45,61.78,41.01,38.23,0.8721,1,1
160,1,4.04,456.18,40.34,36.53,0.8574,1,1
160,2,103.41,573.47,17.18,29.99,0.8503,1,1
160,3,0.36,412.28,42.85,46.02,0.8701,1,1
160,7,1151.06,86.65,30.98,38.49,0.9081,1,1
160,8,1145.17,61.82,41.46,38.23,0.8721,1,1
161,1,4.62,456.40,39.85,36.21,0.8577,1,1
161,2,103.43,573.45,17.16,29.91,0.8516,1,1
161,3,0.16,412.56,43.26,46.06,0.8725,1,1
161,7,1148.34,90.40,30.32,36.11,0.8906,1,1
161,8,1143.47,66.15,40.56,37.03,0.8693,1,1
162,1,5.04,457.31,39.62,35.74,0.8568,1,1
162,2,103.42,573.36,17.19,29.90,0.8516,1,1
162,3,0.14,413.31,43.49,45.95,0.8726,1,1
162,7,1145.12,92.72,30.92,36.72,0.9017,1,1
162,8,1140.98,67.97,41.58,37.19,0.8783,1,1
163,1,5.69,457.79,39.30,35.38,0.8593,1,1
163,2,103.48,573.16,17.26,30.11,0.8506,1,1
163,3,0.06,413.55,44.24,46.61,0.8728,1,1
163,7,1142.20,94.39,31.59,38.70,0.9039,1,1
163,8,1138.03,70.51,43.33,38.76,0.8792,1,1
164,1,6.30,458.15,38.85,35.07,0.8571,1,1
164,2,103.50,573.32,17.20,29.99,0.8511,1,1
164,3,0.29,413.94,44.10,47.05,0.8751,1,1
164,7,1139.71,94.69,31.44,40.54,0.9147,1,1
164,8,1136.59,72.26,44.40,40.33,0.8763,1,1
165,1,6.34,458.27,38.86,35.16,0.8552,1,1
165,2,103.46,573.26,17.27,30.13,0.8506,1,1
165,3,0.40,413.91,43.89,47.21,0.8754,1,1
165,7,1136.22,96.78,31.98,40.56,0.9095,1,1
165,8,1133.50,73.10,45.51,41.33,0.8730,1,1
166,1,6.37,458.28,38.80,35.15,0.8552,1,1
166,2,103.45,573.24,17.28,30.16,0.8507,1,1
166,3,0.49,413.92,43.72,47.22,0.8754,1,1
166,7,1136.10,96.80,32.18,40.56,0.9095,1,1
166,8,1133.45,73.12,45.54,41.35,0.8728,1,1
167,1,6.61,458.52,38.88,35.08,0.8567,1,1
167,2,103.48,573.24,17.22,30.04,0.8512,1,1
167,3,0.59,414.39,43.62,47.08,0.8762,1,1
167,7,1133.09,97.90,32.48,41.40,0.9100,1,1
167,8,1129.98,74.60,47.99,44.59,0.8616,1,1
168,1,6.56,458.52,38.97,35.11,0.8566,1,1
168,2,103.46,573.30,17.25,30.08,0.8510,1,1
168,3,0.56,414.29,43.67,47.20,0.8764,1,1
168,7,1128.99,100.23,32.29,40.38,0.8989,1,1
168,8,1126.53,75.62,48.70,45.36,0.8686,1,1
169,1,6.75,458.66,38.81,34.90,0.8561,1,1
169,2,103.48,573.32,17.28,30.08,0.8520,1,1
169,3,0.58,414.30,43.71,47.29,0.8777,1,1
169,7,1124.94,102.57,32.36,39.12,0.9067,1,1
169,8,1122.87,77.60,49.47,45.27,0.8696,1,1
170,1,6.72,458.67,38.88,34.96,0.8562,1,1
170,2,103.51,573.33,17.27,30.06,0.8521,1,1
170,3,0.58,414.24,43.71,47.35,0.8782,1,1
170,7,1121.28,104.74,33.08,40.63,0.9147,1,1
170,8,1118.65,79.48,50.91,45.39,0.8745,1,1
171,1,6.37,458.63,39.18,35.01,0.8590,1,1
171,2,103.51,573.18,17.29,30.13,0.8528,1,1
171,3,0.62,414.35,43.59,47.23,0.8771,1,1
171,7,1116.97,107.35,33.26,39.50,0.9058,1,1
171,8,1113.88,81.54,53.06,46.95,0.8998,1,1
172,1,6.27,458.64,39.30,34.99,0.8585,1,1
172,2,103.52,573.20,17.27,30.12,0.8524,1,1
172,3,0.61,414.35,43.56,47.22,0.8769,1,1
172,7,1116.74,107.37,33.68,39.50,0.9058,1,1
172,8,1113.77,81.55,53.26,47.01,0.8996,1,1
173,1,6.21,458.66,39.39,34.96,0.8588,1,1
173,2,103.53,573.18,17.21,30.05,0.8520,1,1
173,3,0.59,414.35,43.51,47.26,0.8769,1,1
173,7,1112.10,109.61,34.01,40.36,0.9218,1,1
173,8,1109.08,84.08,53.88,47.37,0.8843,1,1
174,1,6.23,458.64,39.42,34.95,0.8588,1,1
174,2,103.57,573.22,17.18,30.01,0.8521,1,1
174,3,0.59,414.35,43.47,47.27,0.8770,1,1
174,7,1107.56,112.27,34.27,40.29,0.8992,1,1
174,8,1105.08,87.84,54.63,46.93,0.8798,1,1
175,1,6.06,458.54,39.54,35.00,0.8588,1,1
175,2,103.57,573.27,17.15,29.96,0.8506,1,1
175,3,0.63,414.34,43.41,47.15,0.8769,1,1
175,7,1103.92,116.98,34.15,39.27,0.9056,1,1
175,8,1099.32,90.41,56.39,48.19,0.8875,1,1
176,1,6.27,458.22,39.53,35.17,0.8595,1,1
176,2,103.60,573.29,17.14,29.96,0.8501,1,1
176,3,0.30,413.08,43.79,48.22,0.8779,1,1
176,7,1097.13,119.58,35.41,41.51,0.9062,1,1
176,8,1094.11,94.60,57.78,48.82,0.9008,1,1
177,1,6.35,457.62,39.43,35.50,0.8590,1,1
177,2,103.66,573.57,17.15,29.81,0.8495,1,1
177,3,0.25,413.49,43.70,47.43,0.8776,1,1
177,7,1091.85,123.74,35.24,41.66,0.8966,1,1
177,8,1089.89,98.48,56.87,47.34,0.8830,1,1
178,1,6.47,457.60,39.21,35.50,0.8590,1,1
178,2,103.65,573.58,17.20,29.80,0.8495,1,1
178,3,0.12,413.48,43.98,47.44,0.8776,1,1
178,7,1091.86,123.78,35.12,41.67,0.8966,1,1
178,8,1089.66,98.53,57.23,47.32,0.8830,1,1
179,1,5.78,456.73,39.40,36.21,0.8569,1,1
179,2,103.53,573.74,17.35,30.14,0.8515,1,1
179,3,0.04,412.80,43.70,47.03,0.8750,1,1
179,7,1087.19,126.21,35.39,41.48,0.9037,1,1
179,8,1083.12,101.39,58.08,48.68,0.8830,1,1
180,1,5.48,456.40,39.05,35.95,0.8616,1,1
180,2,103.53,574.05,17.23,29.91,0.8510,1,1
180,3,-0.01,411.79,43.58,46.94,0.8774,1,1
180,7,1080.18,128.26,35.55,41.44,0.9003,1,1
180,8,1078.78,103.18,56.39,46.98,0.8825,1,1
181,1,4.35,455.37,39.08,36.04,0.8706,1,1
181,2,103.72,574.87,17.27,30.20,0.8475,1,1
181,3,-0.14,411.03,42.85,46.54,0.8776,1,1
181,7,1076.31,131.14,35.20,41.73,0.9152,1,1
181,8,1071.67,103.86,57.12,48.13,0.8819,1,1
182,1,4.29,454.44,38.66,35.80,0.8830,1,1
182,2,103.76,574.91,17.18,30.16,0.8477,1,1
182,3,-0.18,410.60,42.04,46.12,0.8771,1,1
182,7,1070.37,132.80,36.57,42.60,0.9061,1,1
182,8,1066.22,105.74,55.06,45.40,0.8852,1,1
183,1,3.55,452.68,39.21,36.31,0.8930,1,1
183,2,103.78,574.80,17.15,30.22,0.8474,1,1
183,3,-0.07,409.89,41.41,45.61,0.8758,1,1
183,7,1065.66,135.36,35.98,42.14,0.9155,1,1
183,8,1060.55,107.44,54.71,46.52,0.8835,1,1
184,1,3.54,452.64,39.22,36.34,0.8930,1,1
184,2,103.81,574.78,17.12,30.23,0.8477,1,1
184,3,-0.02,409.88,41.33,45.58,0.8758,1,1
184,7,1065.66,135.37,35.94,42.14,0.9154,1,1
184,8,1060.85,107.43,53.96,46.49,0.8836,1,1
184,14,1106.36,297.00,16.10,27.25,0.5353,1,1
185,1,3.19,450.70,39.45,37.31,0.8903,1,1
185,2,103.82,574.78,17.09,30.19,0.8480,1,1
185,3,-0.20,408.47,41.11,45.92,0.8796,1,1
185,7,1062.00,137.95,35.87,42.06,0.9109,1,1
185,8,1056.54,109.65,51.75,46.08,0.9000,1,1
185,14,1107.29,301.11,16.21,27.39,0.3254,1,1
186,1,2.43,448.53,39.99,39.01,0.8897,1,1
186,2,103.86,574.80,17.04,30.10,0.8473,1,1
186,3,-0.19,407.45,40.60,46.02,0.8788,1,1
186,7,1058.13,140.63,36.28,42.41,0.8972,1,1
186,8,1052.00,111.97,50.88,45.22,0.8892,1,1
186,14,1111.63,306.15,17.45,27.76,0.8041,1,1
187,1,1.46,445.00,40.88,42.13,0.8854,1,1
187,2,103.91,574.82,17.01,29.95,0.8468,1,1
187,3,0.02,407.28,40.20,45.71,0.8733,1,1
187,7,1052.85,144.68,36.46,42.16,0.9091,1,1
187,8,1048.10,114.89,50.01,44.80,0.8748,1,1
187,14,1116.17,307.74,19.10,26.91,0.8663,1,1
188,1,1.97,444.10,39.60,42.71,0.8881,1,1
188,2,103.87,574.65,17.07,30.01,0.8467,1,1
188,3,0.04,406.75,39.69,45.23,0.8689,1,1
188,7,1049.72,147.91,35.88,42.91,0.9158,1,1
188,8,1044.23,117.52,49.28,46.51,0.8833,1,1
188,14,1120.76,308.67,20.64,27.35,0.8681,1,1
189,1,2.21,443.04,39.13,43.40,0.8860,1,1
189,2,103.77,574.18,17.05,30.02,0.8537,1,1
189,3,-0.28,405.72,39.67,46.12,0.8699,1,1
189,7,1045.97,151.47,36.57,43.49,0.9022,1,1
189,8,1040.41,120.75,48.30,45.38,0.8760,1,1
189,14,1125.52,309.33,20.49,25.61,0.8619,1,1
190,1,2.45,443.03,38.66,43.40,0.8860,1,1
190,2,103.78,574.18,17.03,30.03,0.8538,1,1
190,3,-0.10,405.74,39.30,46.11,0.8700,1,1
190,7,1045.89,151.48,36.67,43.50,0.9022,1,1
190,8,1040.27,120.79,48.41,45.37,0.8760,1,1
190,14,1125.34,309.35,21.02,25.56,0.8598,1,1
191,1,2.15,442.74,38.42,43.43,0.8807,1,1
191,2,103.73,573.98,17.03,30.25,0.8541,1,1
191,3,-0.03,405.24,39.37,46.38,0.8676,1,1
191,7,1041.72,155.27,36.50,43.87,0.9084,1,1
191,8,1037.00,125.31,47.81,44.24,0.8850,1,1
191,14,1129.35,308.20,20.79,25.24,0.8605,1,1
192,1,2.39,441.92,38.37,44.04,0.8831,1,1
192,2,103.80,573.71,16.91,30.10,0.8546,1,1
192,3,0.07,405.16,39.47,46.45,0.8655,1,1
192,7,1037.69,160.75,36.37,44.61,0.9162,1,1
192,8,1033.13,130.68,48.89,45.30,0.8727,1,1
192,14,1133.01,309.02,18.95,22.38,0.8196,1,1
193,1,3.20,441.55,37.80,44.20,0.8837,1,1
193,2,103.83,573.41,17.00,30.01,0.8562,1,1
193,3,0.17,405.23,39.63,46.34,0.8641,1,1
193,7,1034.76,165.05,36.38,44.63,0.9059,1,1
193,8,1030.19,135.38,48.55,45.07,0.8841,1,1
194,1,3.32,441.12,37.86,44.45,0.8831,1,1
194,2,103.74,573.31,17.16,30.21,0.8557,1,1
194,3,0.17,405.21,39.90,46.37,0.8618,1,1
194,7,1032.30,168.33,36.91,46.58,0.9126,1,1
194,8,1027.26,139.68,49.83,46.30,0.8887,1,1
195,1,2.95,440.86,38.44,44.93,0.8802,1,1
195,2,103.81,573.40,17.12,30.20,0.8520,1,1
195,3,0.11,405.22,40.01,46.34,0.8610,1,1
195,7,1030.24,172.39,36.87,46.13,0.9206,1,1
195,8,1024.84,143.37,50.97,46.13,0.8856,1,1
196,1,2.91,440.84,38.52,44.95,0.8802,1,1
196,2,103.82,573.41,17.12,30.21,0.8523,1,1
196,3,0.09,405.28,40.03,46.27,0.8609,1,1
196,7,1030.19,172.42,36.97,46.13,0.9206,1,1
196,8,1024.53,143.41,51.56,46.14,0.8856,1,1
197,1,3.72,440.77,37.66,44.00,0.8792,1,1
197,2,103.83,573.47,17.17,30.22,0.8541,1,1
197,3,0.09,405.35,40.05,46.18,0.8601,1,1
197,7,1026.20,174.14,37.75,46.30,0.9156,1,1
197,8,1022.47,145.35,53.77,48.62,0.8767,1,1
198,1,3.78,440.68,37.82,44.23,0.8811,1,1
198,2,103.78,573.57,17.22,30.31,0.8525,1,1
198,3,0.09,405.38,40.09,46.14,0.8590,1,1
198,7,1022.85,175.95,38.02,46.43,0.9071,1,1
198,8,1020.36,146.73,55.66,49.85,0.8916,1,1
199,1,3.38,440.30,38.23,44.55,0.8799,1,1
199,2,103.74,573.26,17.33,30.49,0.8526,1,1
199,3,0.15,405.35,40.00,45.79,0.8591,1,1
199,7,1021.02,178.00,37.54,46.18,0.9052,1,1
199,8,1018.68,148.18,57.36,50.51,0.8927,1,1
200,1,3.30,439.41,38.77,45.88,0.8783,1,1
200,2,103.70,573.26,17.38,30.61,0.8542,1,1
200,3,0.09,405.57,39.99,45.68,0.8559,1,1
200,7,1017.97,179.75,38.21,49.25,0.9015,1,1
200,8,1016.64,151.32,58.52,50.55,0.8931,1,1
201,1,3.47,438.98,38.60,46.02,0.8759,1,1
201,2,103.63,573.14,17.47,30.82,0.8544,1,1
201,3,-0.06,405.77,39.70,45.58,0.8494,1,1
201,7,1014.10,182.43,38.36,48.39,0.9189,1,1
201,8,1012.08,153.40,62.45,54.97,0.8913,1,1
202,1,3.54,438.98,38.47,46.01,0.8759,1,1
202,2,103.65,573.18,17.45,30.80,0.8545,1,1
202,3,-0.01,405.76,39.59,45.58,0.8493,1,1
202,7,1013.97,182.43,38.58,48.40,0.9189,1,1
202,8,1012.26,153.41,62.03,55.03,0.8912,1,1
203,1,3.92,438.49,38.45,46.36,0.8768,1,1
203,2,103.57,573.04,17.51,30.97,0.8549,1,1
203,3,0.10,406.14,39.29,45.14,0.8492,1,1
203,7,1010.21,186.32,38.64,48.20,0.9192,1,1
203,8,1009.12,156.87,61.99,54.52,0.8910,1,1
204,1,3.73,439.04,38.35,45.76,0.8854,1,1
204,2,103.51,573.07,17.46,31.11,0.8583,1,1
204,3,0.12,407.14,39.14,44.90,0.8512,1,1
204,7,1007.85,190.03,37.90,46.30,0.8930,1,1
204,8,1006.31,160.05,62.88,54.24,0.8858,1,1
205,1,4.13,439.44,38.69,45.98,0.8842,1,1
205,2,103.49,573.09,17.50,31.09,0.8614,1,1
205,3,-0.33,407.69,39.50,46.20,0.8443,1,1
205,7,1004.53,193.43,39.20,47.65,0.8999,1,1
205,8,1003.17,163.16,63.39,53.93,0.8959,1,1
206,1,3.94,440.33,38.87,44.99,0.8893,1,1
206,2,103.74,573.89,17.25,30.39,0.8618,1,1
206,3,-0.76,408.07,38.96,47.19,0.8394,1,1
206,7,1000.28,196.55,38.84,47.09,0.9039,1,1
206,8,999.63,166.80,64.65,53.94,0.9044,1,1
206,19,950.57,345.04,16.63,33.78,0.6534,1,1
207,1,4.07,440.78,38.21,43.55,0.8840,1,1
207,2,103.88,574.49,17.15,30.03,0.8549,1,1
207,3,-0.52,408.28,38.22,47.50,0.8380,1,1
207,7,996.02,201.86,39.12,47.03,0.9076,1,1
207,8,995.01,172.12,65.64,53.12,0.8949,1,1
207,19,944.78,346.81,17.65,34.43,0.8254,1,1
208,1,3.95,440.78,38.45,43.53,0.8840,1,1
208,2,103.86,574.47,17.20,30.02,0.8549,1,1
208,3,-0.25,408.29,37.67,47.50,0.8380,1,1
208,7,995.94,201.90,39.23,47.03,0.9075,1,1
208,8,994.56,172.18,66.42,53.09,0.8947,1,1
208,19,944.51,346.84,17.94,34.44,0.8255,1,1
209,1,3.27,440.92,39.49,45.30,0.8904,1,1
209,2,103.76,574.65,17.27,30.19,0.8512,1,1
209,3,-0.37,408.92,37.43,48.14,0.8379,1,1
209,7,992.51,207.34,39.31,46.24,0.8925,1,1
209,8,990.72,176.57,67.29,53.68,0.8972,1,1
209,19,938.95,349.45,17.51,31.60,0.8537,1,1
210,1,2.56,440.97,39.41,45.41,0.8881,1,1
210,2,103.95,575.19,16.93,29.59,0.8501,1,1
210,3,-0.47,409.31,36.82,48.51,0.8386,1,1
210,7,986.28,210.43,39.72,47.17,0.9105,1,1
210,8,985.79,180.68,68.68,55.44,0.8958,1,1
210,19,931.67,350.26,18.09,33.07,0.8533,1,1
211,1,1.74,440.95,39.93,47.14,0.8840,1,1
211,2,104.06,575.30,16.79,29.41,0.8491,1,1
211,3,-0.49,410.21,35.74,48.28,0.8388,1,1
211,7,980.40,216.41,39.81,47.34,0.9153,1,1
211,8,980.39,184.96,68.81,57.09,0.8974,1,1
211,19,925.90,355.05,18.50,32.04,0.8811,1,1
212,1,2.47,440.96,38.47,47.06,0.8862,1,1
212,2,104.22,575.45,16.56,29.11,0.8468,1,1
212,3,-0.48,410.98,35.40,48.94,0.8350,1,1
212,7,975.68,220.86,39.59,47.24,0.8922,1,1
212,8,975.08,190.65,68.22,55.94,0.8943,1,1
212,19,920.27,361.07,17.68,28.32,0.8360,1,1
212,25,16.78,510.00,22.69,28.07,0.8114,1,1
213,1,1.64,440.56,37.90,46.69,0.8843,1,1
213,2,104.24,575.36,16.52,29.07,0.8469,1,1
213,3,-0.46,411.18,34.96,49.39,0.8341,1,1
213,7,967.81,223.04,40.03,47.04,0.9066,1,1
213,8,967.33,193.00,70.01,57.66,0.9124,1,1
213,19,915.81,364.05,18.78,30.27,0.8455,1,1
213,25,12.82,504.13,22.21,29.06,0.7377,1,1
213,26,1008.94,411.38,21.60,29.68,0.6914,1,1
214,1,1.69,440.56,37.77,46.68,0.8843,1,1
214,2,104.27,575.39,16.53,29.10,0.8468,1,1
214,3,-0.24,411.18,34.53,49.39,0.8341,1,1
214,7,967.65,223.05,40.24,47.03,0.9066,1,1
214,8,967.32,193.03,69.92,57.65,0.9125,1,1
214,19,915.77,364.11,18.74,30.34,0.8456,1,1
214,25,13.13,503.82,21.20,29.10,0.7375,1,1
214,26,1008.42,411.74,21.77,29.54,0.6924,1,1
215,1,1.35,440.95,36.82,44.89,0.8812,1,1
215,2,104.26,575.47,16.51,29.08,0.8461,1,1
215,3,0.06,411.51,34.17,48.74,0.8345,1,1
215,7,961.56,224.12,40.60,49.05,0.9093,1,1
215,8,960.41,195.51,70.95,57.46,0.8949,1,1
215,19,911.54,369.58,19.05,30.32,0.8473,1,1
215,25,12.28,500.91,20.24,28.51,0.5805,1,1
215,26,1003.21,412.79,24.56,34.68,0.6716,1,1
216,1,1.14,440.98,36.82,44.60,0.8782,1,1
216,2,104.29,575.16,16.55,29.22,0.8442,1,1
216,3,0.04,412.09,33.88,48.24,0.8271,1,1
216,7,955.55,227.27,40.56,50.06,0.9109,1,1
216,8,955.09,197.39,71.32,57.45,0.8880,1,1
216,19,908.19,376.04,16.70,25.78,0.7690,1,1
216,25,12.95,498.66,19.23,28.14,0.7764,1,1
216,26,1002.38,419.50,22.99,33.40,0.6444,1,1
217,1,1.82,441.26,36.46,44.33,0.8759,1,1
217,2,104.34,575.13,16.56,29.32,0.8415,1,1
217,3,-0.02,412.31,33.84,48.25,0.8243,1,1
217,7,950.49,232.05,40.29,48.94,0.8984,1,1
217,8,949.47,202.20,70.97,55.73,0.8922,1,1
217,19,901.95,379.59,18.71,29.51,0.8498,1,1
217,25,13.57,496.80,19.05,28.82,0.8156,1,1
217,26,1003.14,424.94,24.20,37.11,0.6999,1,1
218,1,1.44,441.29,36.67,44.41,0.8785,1,1
218,2,104.44,575.06,16.51,29.21,0.8370,1,1
218,3,-0.11,412.41,33.92,48.61,0.8249,1,1
218,7,945.20,235.85,40.12,48.56,0.9008,1,1
218,8,944.14,204.83,72.83,57.15,0.8915,1,1
218,19,896.49,387.42,18.86,29.49,0.8280,1,1
218,25,14.07,497.11,18.55,28.58,0.8095,1,1
219,1,1.20,441.41,36.91,44.52,0.8779,1,1
219,2,104.49,575.05,16.46,29.09,0.8346,1,1
219,3,-0.08,412.44,33.67,48.43,0.8248,1,1
219,7,938.85,238.19,40.36,49.55,0.9007,1,1
219,8,937.70,208.21,71.81,56.70,0.9065,1,1
219,19,888.72,390.99,20.26,32.35,0.8256,1,1
219,25,14.59,496.70,18.38,28.63,0.8179,1,1
220,1,1.18,441.39,36.95,44.44,0.8779,1,1
220,2,104.50,575.03,16.47,29.10,0.8340,1,1
220,3,-0.02,412.48,33.58,48.35,0.8250,1,1
220,7,938.92,238.26,40.13,49.50,0.9008,1,1
220,8,937.71,208.24,71.67,56.71,0.9063,1,1
220,19,888.62,391.04,20.07,32.46,0.8253,1,1
220,25,14.64,496.68,18.26,28.60,0.8180,1,1
221,1,1.70,441.16,36.92,44.80,0.8788,1,1
221,2,104.51,574.99,16.41,29.02,0.8329,1,1
221,3,-0.10,412.46,33.61,48.63,0.8254,1,1
221,7,934.89,244.00,40.16,48.45,0.9093,1,1
221,8,932.86,211.65,72.56,57.52,0.8889,1,1
221,19,881.56,399.18,20.07,30.97,0.8382,1,1
221,25,14.94,496.21,18.80,29.06,0.8260,1,1
221,27,1021.62,438.31,20.43,30.76,0.7437,1,1
222,1,1.82,441.21,36.75,44.72,0.8804,1,1
222,2,104.52,575.00,16.39,28.99,0.8320,1,1
222,3,-0.15,412.59,33.65,49.02,0.8258,1,1
222,7,930.35,248.45,40.30,48.17,0.8895,1,1
222,8,928.21,215.85,71.75,56.61,0.8911,1,1
222,19,873.74,407.98,20.31,31.71,0.8561,1,1
222,25,15.09,496.69,18.54,28.62,0.8244,1,1
222,27,1028.49,438.68,20.97,30.16,0.8234,1,1
223,1,1.72,441.11,36.87,44.95,0.8781,1,1
223,2,104.51,575.08,16.39,28.95,0.8332,1,1
223,3,-0.11,412.64,33.44,48.94,0.8242,1,1
223,7,924.09,251.61,40.75,51.18,0.8949,1,1
223,8,923.75,220.52,70.19,55.45,0.9053,1,1
223,19,866.21,416.98,20.80,30.89,0.8563,1,1
223,25,15.03,496.52,18.62,28.76,0.8266,1,1
224,1,1.69,441.00,36.87,44.97,0.8767,1,1
224,2,104.50,574.96,16.37,29.01,0.8320,1,1
224,3,-0.07,412.63,33.14,48.64,0.8225,1,1
224,7,920.71,258.86,40.94,52.35,0.8997,1,1
224,8,918.45,226.25,71.98,57.76,0.8914,1,1
224,19,859.08,422.29,22.54,34.92,0.8754,1,1
224,25,15.04,496.14,18.77,28.93,0.8274,1,1
225,1,1.77,440.95,36.90,44.88,0.8769,1,1
225,2,104.53,575.00,16.32,28.97,0.8308,1,1
225,3,0.01,412.75,32.97,48.36,0.8228,1,1
225,7,915.86,264.24,41.29,53.68,0.9021,1,1
225,8,914.33,233.77,72.51,58.19,0.8929,1,1
225,19,852.26,430.42,22.23,33.99,0.8582,1,1
225,25,14.95,496.27,18.63,28.86,0.8273,1,1
226,1,1.75,440.94,36.93,44.87,0.8767,1,1
226,2,104.55,574.99,16.30,28.95,0.8307,1,1
226,3,0.02,412.74,32.97,48.34,0.8228,1,1
226,7,915.96,264.29,41.02,53.66,0.9022,1,1
226,8,914.29,233.85,72.52,58.22,0.8930,1,1
226,19,852.05,430.52,22.41,34.02,0.8579,1,1
226,25,14.98,496.27,18.57,28.85,0.8274,1,1
227,1,1.10,441.13,37.36,44.92,0.8770,1,1
227,2,104.51,574.98,16.33,29.01,0.8320,1,1
227,3,-0.07,412.74,33.10,48.69,0.8225,1,1
227,7,912.22,271.29,40.50,53.46,0.8903,1,1
227,8,910.08,240.29,72.24,58.06,0.9010,1,1
227,19,845.90,434.61,23.66,36.64,0.8576,1,1
227,25,14.96,497.30,18.25,28.32,0.8304,1,1
228,1,1.68,440.78,37.20,44.91,0.8789,1,1
228,2,104.51,574.99,16.35,28.99,0.8326,1,1
228,3,-0.19,412.64,33.14,49.17,0.8214,1,1
228,7,908.71,277.96,39.31,52.76,0.8870,1,1
228,8,906.14,247.37,72.87,57.90,0.9068,1,1
228,19,841.50,442.99,21.76,33.19,0.8760,1,1
228,25,15.21,497.14,18.91,28.94,0.8195,1,1
229,1,1.12,440.57,37.82,45.19,0.8769,1,1
229,2,104.53,575.17,16.31,28.85,0.8323,1,1
229,3,-0.12,412.66,32.86,49.00,0.8162,1,1
229,7,905.26,281.38,41.43,54.75,0.9109,1,1
229,8,902.95,252.29,73.86,59.28,0.9007,1,1
229,19,836.56,446.57,22.54,33.98,0.8584,1,1
229,25,15.81,497.41,19.00,28.38,0.8181,1,1
230,1,0.90,440.46,38.06,45.47,0.8778,1,1
230,2,104.55,575.12,16.31,28.85,0.8306,1,1
230,3,-0.15,412.78,32.73,49.12,0.8157,1,1
230,7,901.71,287.53,41.96,53.76,0.8911,1,1
230,8,899.31,254.74,74.66,61.19,0.9102,1,1
230,19,833.28,450.77,22.22,32.95,0.8524,1,1
230,25,16.06,497.07,19.65,29.35,0.8138,1,1
231,1,1.58,440.47,38.16,45.72,0.8845,1,1
231,2,104.53,574.96,16.33,29.02,0.8295,1,1
231,3,-0.18,413.04,32.83,49.64,0.8136,1,1
231,7,897.38,290.38,42.20,54.81,0.8952,1,1
231,8,897.65,259.15,73.14,57.44,0.9039,1,1
231,19,830.71,456.31,21.55,30.43,0.8809,1,1
231,25,16.25,496.53,20.24,30.65,0.8061,1,1
232,1,1.79,440.47,38.04,45.78,0.8856,1,1
232,2,104.57,574.95,16.28,29.02,0.8289,1,1
232,3,-0.15,413.23,32.75,49.85,0.8115,1,1
232,7,897.45,290.42,41.97,54.80,0.8953,1,1
232,8,897.10,259.18,74.24,57.42,0.9038,1,1
232,19,830.49,456.38,21.93,30.40,0.8809,1,1
232,25,16.34,496.52,20.08,30.69,0.8064,1,1
233,1,1.66,440.57,38.26,45.67,0.8883,1,1
233,2,104.56,575.13,16.24,28.93,0.8296,1,1
233,3,0.18,413.51,31.82,48.04,0.8043,1,1
233,7,893.66,293.02,42.26,57.64,0.8948,1,1
233,8,892.62,262.96,77.03,60.87,0.9072,1,1
233,19,827.99,460.22,22.34,31.24,0.8713,1,1
233,25,16.40,496.27,20.34,31.22,0.8138,1,1
233,28,4.79,556.14,21.96,29.73,0.3321,1,1
234,1,1.59,440.68,38.49,45.69,0.8905,1,1
234,2,104.57,575.18,16.22,28.89,0.8292,1,1
234,3,0.12,414.13,31.62,47.48,0.8049,1,1
234,7,889.12,299.09,42.86,55.80,0.8970,1,1
234,8,889.28,267.61,76.24,60.11,0.9058,1,1
234,19,826.23,462.61,23.02,33.05,0.8803,1,1
234,25,16.61,496.06,20.43,31.26,0.8186,1,1
234,28,4.42,556.15,22.67,30.74,0.2714,1,1
235,1,1.61,440.64,38.74,45.84,0.8911,1,1
235,2,104.54,575.17,16.25,28.90,0.8316,1,1
235,3,0.22,414.99,31.44,46.74,0.8058,1,1
235,7,883.61,303.18,42.39,55.55,0.8970,1,1
235,8,885.98,271.50,75.52,58.77,0.9103,1,1
235,19,825.46,463.99,22.68,33.87,0.8844,1,1
235,25,16.46,495.47,20.93,32.12,0.8150,1,1
235,28,4.44,555.57,22.25,30.01,0.4360,1,1
236,1,1.77,440.64,38.78,45.88,0.8935,1,1
236,2,104.53,575.21,16.26,28.86,0.8320,1,1
236,3,0.22,415.66,31.48,46.36,0.8074,1,1
236,7,879.57,307.76,41.59,55.63,0.8781,1,1
236,8,880.88,276.69,78.49,61.44,0.9111,1,1
236,19,824.45,464.60,22.02,33.30,0.8781,1,1
236,25,16.44,495.06,20.90,32.34,0.8192,1,1
236,28,4.35,555.33,22.34,29.96,0.3923,1,1
237,1,2.68,440.81,38.63,45.59,0.8992,1,1
237,2,104.54,575.28,16.25,28.81,0.8305,1,1
237,3,-0.29,415.50,32.71,48.86,0.8168,1,1
237,7,873.68,313.44,44.69,56.23,0.8970,1,1
237,8,874.73,280.60,79.76,61.34,0.9185,1,1
237,19,823.98,465.54,21.02,30.70,0.8735,1,1
237,25,16.42,494.64,20.71,32.55,0.8230,1,1
238,1,2.67,440.82,38.66,45.58,0.8991,1,1
238,2,104.54,575.26,16.26,28.82,0.8302,1,1
238,3,-0.17,415.50,32.50,48.92,0.8168,1,1
238,7,873.16,313.50,45.66,56.24,0.8971,1,1
238,8,874.50,280.62,80.18,61.32,0.9186,1,1
238,19,823.82,465.54,21.34,30.66,0.8736,1,1
238,25,16.52,494.62,20.52,32.56,0.8230,1,1
239,1,2.76,441.27,38.79,45.37,0.8967,1,1
239,2,104.53,575.26,16.27,28.82,0.8294,1,1
239,3,0.11,415.95,32.42,48.51,0.8234,1,1
239,7,867.28,318.23,44.56,56.40,0.8775,1,1
239,8,869.32,285.19,80.83,63.23,0.9221,1,1
239,19,823.38,466.55,20.50,29.44,0.8633,1,1
239,25,16.83,494.11,20.44,32.46,0.8159,1,1
240,1,2.45,441.94,39.31,45.97,0.8876,1,1
240,2,104.51,575.26,16.28,28.86,0.8301,1,1
240,3,0.33,416.56,32.96,48.36,0.8400,1,1
240,7,862.40,325.93,42.65,54.44,0.8747,1,1
240,8,863.23,291.85,82.40,63.90,0.9154,1,1
240,19,822.84,468.30,20.20,27.79,0.8622,1,1
240,25,16.68,494.12,20.61,33.08,0.7615,1,1
240,28,3.75,554.04,23.17,30.90,0.2766,1,1
241,1,2.91,443.58,38.75,44.02,0.8905,1,1
241,2,104.54,575.09,16.12,28.72,0.8304,1,1
241,3,0.37,416.61,34.05,48.94,0.8446,1,1
241,7,853.54,331.48,42.54,52.85,0.8780,1,1
241,8,856.75,298.14,82.83,64.30,0.9125,1,1
241,19,820.94,471.53,19.14,26.72,0.8617,1,1
241,25,16.37,494.27,20.81,33.64,0.6838,1,1
241,28,3.93,554.19,23.17,30.41,0.4139,1,1
242,1,3.10,444.58,39.51,44.65,0.8971,1,1
242,2,104.63,575.28,16.02,28.70,0.8211,1,1
242,3,0.45,417.42,35.15,49.31,0.8461,1,1
242,7,847.50,339.10,40.37,51.28,0.8817,1,1
242,8,850.40,305.25,83.43,64.86,0.9152,1,1
242,19,820.10,472.71,18.04,25.80,0.8401,1,1
242,25,16.27,493.42,20.87,34.32,0.7919,1,1
242,28,3.69,554.14,23.76,31.01,0.2521,1,1
243,1,3.64,445.35,39.85,45.70,0.8954,1,1
243,2,104.66,575.30,15.98,28.68,0.8212,1,1
243,3,0.63,418.64,36.40,49.44,0.8507,1,1
243,7,838.95,344.56,42.44,53.18,0.8689,1,1
243,8,842.60,310.97,84.80,64.68,0.9127,1,1
243,19,817.19,474.67,15.99,22.72,0.7760,1,1
243,25,16.48,493.49,20.76,34.27,0.7829,1,1
244,1,3.76,445.34,39.62,45.72,0.8954,1,1
244,2,104.67,575.27,15.97,28.70,0.8212,1,1
244,3,0.40,418.80,36.96,49.30,0.8504,1,1
244,7,838.68,344.64,42.75,53.20,0.8690,1,1
244,8,842.27,310.99,85.36,64.70,0.9128,1,1
244,19,817.07,474.70,15.99,22.62,0.7747,1,1
244,25,16.54,493.48,20.72,34.27,0.7832,1,1
245,1,4.21,445.86,39.23,45.49,0.8960,1,1
245,2,104.66,575.38,15.93,28.63,0.8221,1,1
245,3,0.37,419.76,37.63,49.46,0.8513,1,1
245,7,830.07,349.47,43.79,53.27,0.8685,1,1
245,8,832.88,316.02,88.13,68.85,0.9124,1,1
245,25,16.17,494.14,20.70,34.05,0.7835,1,1
246,1,4.56,447.32,39.01,44.83,0.8934,1,1
246,2,104.68,575.40,15.91,28.63,0.8216,1,1
246,3,0.48,420.21,38.01,48.95,0.8584,1,1
246,7,822.06,354.75,42.08,53.13,0.8714,1,1
246,8,824.95,319.78,87.62,67.46,0.9103,1,1
246,25,16.35,494.55,20.65,33.67,0.7793,1,1
247,1,4.93,448.27,38.93,44.11,0.9003,1,1
247,2,104.66,575.41,15.94,28.63,0.8227,1,1
247,3,0.46,421.03,38.49,48.73,0.8569,1,1
247,7,813.58,358.58,42.79,53.49,0.8820,1,1
247,8,815.95,323.97,88.42,68.06,0.9107,1,1
247,25,16.82,494.49,20.83,33.36,0.7829,1,1
248,1,5.57,449.86,38.49,42.92,0.9038,1,1
248,2,104.68,575.46,15.92,28.57,0.8216,1,1
248,3,1.02,422.37,38.75,46.91,0.8543,1,1
248,7,805.80,364.16,42.08,52.75,0.8862,1,1
248,8,807.77,328.69,88.26,68.51,0.9146,1,1
248,25,16.88,494.10,21.21,33.61,0.7892,1,1
248,28,4.94,555.48,22.70,29.21,0.3425,1,1
248,39,840.91,593.84,26.19,38.59,0.8982,1,1
249,1,5.75,450.19,38.92,43.03,0.9071,1,1
249,2,104.71,575.44,15.91,28.49,0.8208,1,1
249,3,0.53,422.76,40.16,47.77,0.8541,1,1
249,7,796.01,367.71,43.11,54.24,0.8582,1,1
249,8,798.05,332.46,89.96,69.23,0.9158,1,1
249,25,16.93,494.98,21.74,34.61,0.7665,1,1
249,28,5.56,555.65,22.63,28.92,0.5811,1,1
249,39,837.84,599.20,26.13,40.34,0.8643,1,1
250,1,5.70,450.19,39.03,43.03,0.9071,1,1
250,2,104.71,575.43,15.92,28.49,0.8208,1,1
250,3,0.36,422.76,40.54,47.79,0.8541,1,1
250,7,795.88,367.77,43.04,54.27,0.8582,1,1
250,8,797.86,332.48,90.21,69.24,0.9158,1,1
250,25,16.97,495.01,21.70,34.65,0.7664,1,1
250,28,5.62,555.64,22.69,28.88,0.5811,1,1
250,39,838.14,599.28,25.45,40.37,0.8643,1,1
251,1,6.13,451.77,39.12,42.21,0.9066,1,1
251,2,104.49,575.92,15.94,28.60,0.8360,1,1
251,3,0.83,423.20,40.41,46.26,0.8469,1,1
251,7,789.00,373.86,42.63,52.85,0.8802,1,1
251,8,791.10,336.68,89.65,68.81,0.9185,1,1
251,25,18.15,497.33,20.51,32.85,0.7455,1,1
251,28,6.48,556.50,22.16,28.78,0.7395,1,1
251,39,838.68,604.35,25.78,43.04,0.8735,1,1
252,1,6.06,452.79,39.18,41.77,0.9032,1,1
252,2,104.47,576.01,15.94,28.55,0.8365,1,1
252,3,0.82,423.52,40.68,45.23,0.8494,1,1
252,7,780.21,377.52,44.80,55.73,0.8673,1,1
252,8,782.61,343.09,90.70,68.01,0.9084,1,1
252,25,18.51,499.35,19.75,32.06,0.6755,1,1
252,28,7.02,556.57,22.21,29.25,0.7467,1,1
252,39,844.81,612.53,25.13,42.56,0.8216,1,1
253,1,6.03,453.01,39.46,42.31,0.9007,1,1
253,2,104.44,576.15,15.96,28.51,0.8378,1,1
253,3,0.51,423.39,41.27,45.23,0.8514,1,1
253,7,773.08,384.37,44.35,54.47,0.8659,1,1
253,8,773.55,345.90,93.20,71.14,0.9179,1,1
253,25,20.17,501.23,18.54,30.36,0.5135,1,1
253,28,7.34,555.48,23.31,31.91,0.7873,1,1
253,39,853.90,613.43,24.27,41.20,0.8684,1,1
254,1,6.11,453.02,39.40,42.67,0.8980,1,1
254,2,104.47,576.42,15.90,28.28,0.8373,1,1
254,3,0.36,423.41,41.63,45.28,0.8533,1,1
254,7,764.45,388.78,44.11,56.77,0.8805,1,1
254,8,766.22,351.72,93.09,70.95,0.9081,1,1
254,25,21.27,502.16,17.93,29.69,0.4933,1,1
254,28,7.87,555.36,22.96,32.46,0.8141,1,1
254,39,862.53,618.96,21.87,36.81,0.5028,1,1
255,1,6.30,453.17,39.37,42.40,0.8981,1,1
255,2,104.46,576.49,15.94,28.25,0.8380,1,1
255,3,0.35,423.42,41.72,45.06,0.8528,1,1
255,7,757.65,395.80,44.99,58.20,0.8406,1,1
255,8,759.19,359.34,91.62,68.92,0.9165,1,1
255,25,21.37,503.16,18.08,30.07,0.6657,1,1
255,28,8.19,556.10,22.50,32.14,0.6638,1,1
255,39,872.36,619.93,22.32,36.27,0.7133,1,1
256,1,6.24,453.16,39.47,42.45,0.8981,1,1
256,2,104.46,576.48,15.96,28.24,0.8380,1,1
256,3,0.28,423.42,41.88,45.08,0.8528,1,1
256,7,757.57,395.92,44.88,58.28,0.8405,1,1
256,8,758.98,359.39,91.95,68.88,0.9166,1,1
256,25,21.43,503.23,18.01,30.04,0.6574,1,1
256,28,8.25,556.22,22.35,32.26,0.6485,1,1
256,39,872.68,620.02,22.93,36.20,0.7203,1,1
257,1,6.16,453.10,39.62,42.69,0.8984,1,1
257,2,104.63,576.33,15.88,28.16,0.8250,1,1
257,3,0.26,423.42,41.90,44.96,0.8532,1,1
257,7,751.53,403.62,42.89,55.39,0.8543,1,1
257,8,751.71,364.42,92.97,70.60,0.9188,1,1
257,25,21.07,503.52,18.17,30.30,0.6908,1,1
257,28,8.04,556.41,22.32,32.33,0.5295,1,1
257,39,880.05,618.80,23.98,37.05,0.6858,1,1
258,1,6.34,452.93,39.77,42.94,0.8982,1,1
258,2,104.67,576.41,15.81,28.06,0.8244,1,1
258,3,0.20,423.49,42.03,45.08,0.8537,1,1
258,7,743.62,410.53,44.21,56.18,0.8644,1,1
258,8,744.78,372.55,93.49,71.48,0.9210,1,1
258,25,20.94,504.58,17.67,29.49,0.6818,1,1
258,28,7.98,556.67,22.71,32.92,0.7173,1,1
258,39,885.51,615.69,26.97,37.21,0.8313,1,1
259,1,6.55,452.38,40.13,43.91,0.8945,1,1
259,2,104.67,576.28,15.85,28.18,0.8240,1,1
259,3,0.32,423.57,41.86,44.62,0.8519,1,1
259,7,736.89,418.61,42.29,54.99,0.8844,1,1
259,8,737.64,378.60,94.83,72.95,0.9199,1,1
259,25,21.46,505.79,17.56,29.75,0.6867,1,1
259,28,8.01,559.19,23.19,33.15,0.7497,1,1
259,39,890.25,618.19,24.26,32.46,0.4200,1,1
260,1,6.53,450.66,41.53,47.67,0.9014,1,1
260,2,104.60,576.27,15.90,28.30,0.8276,1,1
260,3,-0.29,422.48,43.05,46.92,0.8617,1,1
260,7,730.41,426.63,43.12,54.26,0.8749,1,1
260,8,731.60,386.38,94.84,73.84,0.9207,1,1
260,25,24.13,505.93,18.25,31.63,0.8102,1,1
260,28,8.15,562.56,23.14,32.04,0.8353,1,1
260,44,648.94,593.15,27.36,38.14,0.8825,1,1
261,1,6.41,448.53,42.02,49.74,0.8968,1,1
261,2,104.72,576.45,15.76,28.10,0.8210,1,1
261,3,-0.56,421.32,43.00,48.39,0.8602,1,1
261,7,722.58,431.78,43.65,56.12,0.8665,1,1
261,8,724.87,392.45,96.08,73.84,0.9113,1,1
261,25,27.37,507.40,18.81,32.29,0.8350,1,1
261,28,8.27,561.58,25.12,35.10,0.7930,1,1
261,44,644.65,599.46,26.99,39.40,0.8495,1,1
262,1,6.69,448.53,41.47,49.62,0.8972,1,1
262,2,104.72,576.40,15.76,28.10,0.8240,1,1
262,3,-0.22,421.30,42.33,48.40,0.8603,1,1
262,7,722.69,431.92,43.18,56.08,0.8676,1,1
262,8,724.53,392.49,96.58,73.83,0.9113,1,1
262,25,27.42,507.51,18.89,32.24,0.8369,1,1
262,28,8.36,561.56,25.03,35.18,0.7937,1,1
262,44,644.94,599.57,26.26,39.41,0.8494,1,1
263,1,6.83,446.64,41.62,48.67,0.8887,1,1
263,2,104.69,576.18,15.81,28.30,0.8270,1,1
263,3,0.13,420.17,41.37,47.24,0.8555,1,1
263,7,717.22,438.20,44.13,56.40,0.8833,1,1
263,8,719.10,398.95,96.46,72.94,0.9123,1,1
263,25,30.65,518.02,18.09,29.45,0.8541,1,1
263,44,644.01,603.08,25.76,38.72,0.8667,1,1
264,1,5.89,445.79,43.10,49.80,0.8942,1,1
264,2,104.29,575.41,16.45,29.49,0.8362,1,1
264,3,-0.29,418.88,41.44,48.05,0.8470,1,1
264,7,710.43,443.92,42.89,54.61,0.8806,1,1
264,8,712.41,403.53,97.04,74.08,0.9187,1,1
264,44,644.99,603.00,26.05,40.10,0.8693,1,1
265,1,5.37,444.60,43.08,50.22,0.8918,1,1
265,2,104.25,574.95,16.59,29.89,0.8403,1,1
265,3,-0.39,417.99,40.85,48.28,0.8515,1,1
265,7,703.80,448.32,43.91,55.91,0.8954,1,1
265,8,705.97,408.02,98.69,75.02,0.9052,1,1
265,44,646.26,605.19,26.94,43.41,0.8610,1,1
266,1,5.40,444.35,42.92,50.52,0.8996,1,1
266,2,104.02,574.74,16.73,29.96,0.8513,1,1
266,3,-0.42,417.32,40.56,48.86,0.8495,1,1
266,7,696.72,455.78,44.20,54.52,0.8765,1,1
266,8,699.20,413.55,98.01,74.18,0.9174,1,1
266,44,646.81,615.20,24.14,39.99,0.8639,1,1
267,1,5.05,444.76,42.18,50.51,0.9045,1,1
267,2,103.62,574.09,17.21,31.14,0.8426,1,1
267,3,0.16,417.35,39.26,46.90,0.8491,1,1
267,7,688.47,460.46,44.42,55.25,0.8927,1,1
267,8,691.44,418.78,101.12,76.93,0.9169,1,1
267,44,643.74,618.67,24.73,44.60,0.8847,1,1
268,1,5.18,444.76,41.93,50.51,0.9045,1,1
268,2,103.67,574.03,17.13,31.20,0.8426,1,1
268,3,0.10,417.34,39.40,46.86,0.8490,1,1
268,7,688.46,460.51,44.28,55.26,0.8926,1,1
268,8,691.48,418.82,100.95,76.94,0.9169,1,1
268,44,644.13,618.74,23.88,44.62,0.8847,1,1
269,1,5.10,444.19,41.00,49.60,0.9069,1,1
269,2,103.83,574.47,16.91,30.88,0.8334,1,1
269,3,-0.23,416.72,38.87,46.76,0.8523,1,1
269,7,680.52,465.16,44.64,55.05,0.8917,1,1
269,8,684.56,423.34,101.38,77.59,0.9192,1,1
269,44,641.15,626.33,23.25,44.44,0.8727,1,1
270,1,4.74,443.53,40.55,50.34,0.9048,1,1
270,2,103.89,574.49,16.86,30.82,0.8348,1,1
270,3,-0.76,415.26,38.72,48.41,0.8526,1,1
270,7,674.19,472.63,45.11,53.15,0.8878,1,1
270,8,676.27,429.85,102.18,77.04,0.9134,1,1
270,44,635.88,633.72,23.20,43.73,0.8631,1,1
271,1,4.46,442.17,39.42,49.33,0.9029,1,1
271,2,104.01,574.80,16.82,30.52,0.8407,1,1
271,3,-0.62,414.72,37.18,47.86,0.8450,1,1
271,7,665.54,480.02,44.66,51.83,0.8946,1,1
271,8,668.90,434.97,103.52,78.01,0.9155,1,1
271,44,632.22,634.31,23.71,44.76,0.8740,1,1
272,1,4.26,440.67,39.05,49.67,0.9044,1,1
272,2,103.87,574.74,16.95,30.71,0.8409,1,1
272,3,-0.45,413.99,35.70,46.86,0.8328,1,1
272,7,658.45,487.68,45.11,50.72,0.8885,1,1
272,8,659.61,440.49,104.08,78.11,0.9130,1,1
272,44,630.38,635.78,22.67,41.03,0.8841,1,1
273,1,3.79,440.16,39.12,50.15,0.8982,1,1
273,2,103.86,574.70,16.91,30.65,0.8434,1,1
273,3,-0.07,413.36,34.49,45.38,0.8263,1,1
273,7,649.92,496.15,43.49,49.13,0.8752,1,1
273,8,651.16,448.40,104.82,78.14,0.9148,1,1
273,44,630.54,632.83,23.47,39.80,0.8844,1,1
274,1,4.04,440.27,38.84,50.06,0.8995,1,1
274,2,103.84,574.75,16.94,30.67,0.8437,1,1
274,3,-0.17,413.33,34.62,45.94,0.8282,1,1
274,7,649.85,496.25,43.37,49.12,0.8753,1,1
274,8,650.99,448.42,105.07,78.18,0.9148,1,1
274,44,630.25,632.85,24.06,39.71,0.8841,1,1
274,50,45.56,583.96,31.88,21.85,0.3891,1,1
275,1,3.48,440.07,38.71,50.26,0.8970,1,1
275,2,103.82,574.75,16.99,30.67,0.8445,1,1
275,3,-0.15,413.25,33.80,45.14,0.8253,1,1
275,7,640.56,503.17,43.65,49.01,0.8435,1,1
275,8,641.28,454.50,106.95,80.30,0.9179,1,1
275,50,44.86,583.91,32.32,22.07,0.4275,1,1
276,1,2.77,439.81,38.62,50.52,0.8896,1,1
276,2,103.77,574.68,17.05,30.77,0.8452,1,1
276,3,-0.76,412.68,34.28,47.23,0.8174,1,1
276,7,628.73,508.73,45.21,51.02,0.6989,1,1
276,8,631.89,462.29,105.45,79.71,0.9112,1,1
276,50,45.35,583.99,31.88,21.73,0.3540,1,1
277,1,3.09,440.03,37.43,48.83,0.8853,1,1
277,2,103.79,574.64,17.02,30.65,0.8451,1,1
277,3,-0.29,412.30,33.02,46.02,0.8180,1,1
277,7,618.10,517.59,44.87,50.16,0.8662,1,1
277,8,620.75,469.06,105.38,81.09,0.9157,1,1
277,50,45.48,584.07,31.69,21.56,0.3628,1,1
278,1,3.29,440.53,36.12,47.53,0.8923,1,1
278,2,103.68,574.64,17.05,30.74,0.8465,1,1
278,3,-0.25,411.58,32.69,46.03,0.8182,1,1
278,7,607.51,525.75,43.18,48.21,0.8274,1,1
278,8,609.78,476.24,105.83,80.14,0.9161,1,1
278,50,44.77,583.91,32.50,22.08,0.2740,1,1
279,1,2.94,440.29,36.02,47.98,0.8908,1,1
279,2,103.76,574.67,16.95,30.51,0.8467,1,1
279,3,-0.25,410.91,32.61,46.40,0.8126,1,1
279,7,593.94,529.75,44.70,49.40,0.8531,1,1
279,8,597.30,480.46,107.46,81.58,0.9128,1,1
279,50,44.96,583.19,32.82,22.35,0.3260,1,1
280,1,3.03,440.28,35.85,47.99,0.8908,1,1
280,2,103.76,574.67,16.96,30.50,0.8468,1,1
280,3,-0.14,410.88,32.42,46.41,0.8126,1,1
280,7,593.59,529.84,44.91,49.39,0.8528,1,1
280,8,597.27,480.49,107.35,81.61,0.9128,1,1
280,50,45.16,582.96,32.82,22.41,0.3280,1,1
280,54,627.43,787.48,28.85,42.15,0.8051,1,1
281,1,2.52,440.02,35.95,48.87,0.8935,1,1
281,2,103.71,574.67,16.95,30.46,0.8467,1,1
281,3,-0.27,410.53,32.61,47.22,0.8118,1,1
281,7,578.65,529.85,46.50,52.16,0.8513,1,1
281,8,583.91,484.53,108.24,83.13,0.9112,1,1
281,50,44.47,582.45,33.85,23.15,0.4184,1,1
281,54,622.47,792.29,29.52,44.49,0.7996,1,1
282,1,1.78,439.68,36.16,50.05,0.8903,1,1
282,2,103.45,574.30,17.11,30.71,0.8461,1,1
282,3,-0.44,409.98,32.76,48.38,0.8163,1,1
282,7,567.90,539.22,42.78,48.49,0.8562,1,1
282,8,570.45,488.93,109.45,82.49,0.9155,1,1
282,50,44.68,581.76,33.75,23.43,0.6702,1,1
282,54,621.41,796.34,30.36,47.14,0.6420,1,1
283,1,1.77,439.97,35.56,47.77,0.8856,1,1
283,2,103.35,573.62,17.35,31.33,0.8443,1,1
283,3,-0.09,409.61,32.22,47.78,0.8251,1,1
283,7,555.69,546.13,41.93,46.87,0.7335,1,1
283,8,557.24,494.83,110.95,83.61,0.9099,1,1
283,50,44.23,580.81,33.63,23.73,0.7678,1,1
283,54,626.57,800.60,29.30,47.82,0.7260,1,1
284,1,0.80,440.80,36.52,47.50,0.8896,1,1
284,2,103.37,573.44,17.23,31.46,0.8444,1,1
284,3,0.39,409.28,31.69,45.93,0.8359,1,1
284,8,544.80,499.90,112.21,84.90,0.9162,1,1
284,50,43.43,580.07,33.30,23.84,0.7003,1,1
284,54,631.50,812.09,27.42,44.91,0.8593,1,1
285,1,0.53,442.25,36.53,46.60,0.8878,1,1
285,2,103.55,573.30,17.00,31.39,0.8419,1,1
285,3,0.09,409.58,32.69,47.14,0.8476,1,1
285,8,532.11,506.18,114.26,86.88,0.9128,1,1
285,50,40.95,578.98,33.35,23.96,0.4086,1,1
285,54,636.80,810.74,29.17,48.53,0.8243,1,1
286,1,0.38,442.27,36.82,46.59,0.8878,1,1
286,2,103.61,573.25,16.91,31.42,0.8419,1,1
286,3,0.05,409.58,32.79,47.16,0.8478,1,1
286,8,532.12,506.21,114.09,86.90,0.9128,1,1
286,50,40.46,578.67,33.25,23.98,0.4043,1,1
286,54,637.10,810.68,28.96,48.63,0.8239,1,1
287,1,1.26,445.51,36.22,43.75,0.8957,1,1
287,2,103.79,573.10,16.76,31.39,0.8408,1,1
287,3,0.11,410.76,33.18,47.40,0.8517,1,1
287,8,521.68,512.59,113.97,85.86,0.9102,1,1
287,50,39.42,578.32,32.44,23.52,0.3323,1,1
287,54,643.31,812.69,31.95,49.16,0.8748,1,1
288,1,2.28,448.44,36.57,41.43,0.8951,1,1
288,2,103.91,572.92,16.77,31.31,0.8409,1,1
288,3,0.39,411.98,33.31,46.54,0.8503,1,1
288,8,509.01,520.10,114.01,87.29,0.9164,1,1
288,54,649.19,813.77,32.12,46.91,0.8415,1,1
289,1,1.98,448.97,37.55,40.99,0.8919,1,1
289,2,103.93,572.93,16.63,30.61,0.8454,1,1
289,3,0.36,412.08,33.65,46.13,0.8452,1,1
289,8,498.05,528.14,114.04,86.39,0.9196,1,1
289,54,655.78,816.39,30.49,43.36,0.6018,1,1
290,1,1.74,448.17,38.63,41.44,0.8978,1,1
290,2,103.84,572.92,16.66,30.28,0.8482,1,1
290,3,0.23,412.04,34.33,46.51,0.8493,1,1
290,8,486.01,536.89,116.69,87.79,0.9155,1,1
291,1,1.46,445.36,39.24,43.43,0.8999,1,1
291,2,103.81,572.90,16.76,30.30,0.8465,1,1
291,3,-0.30,410.48,35.16,48.50,0.8504,1,1
291,8,475.84,546.84,116.84,87.97,0.9140,1,1
292,1,1.69,445.34,38.78,43.43,0.8999,1,1
292,2,103.79,572.96,16.79,30.27,0.8470,1,1
292,3,-0.16,410.44,34.87,48.58,0.8501,1,1
292,8,475.78,546.93,116.79,87.96,0.9140,1,1
293,1,1.70,444.55,38.67,44.01,0.8949,1,1
293,2,103.69,572.71,16.91,30.49,0.8467,1,1
293,3,0.22,410.02,34.03,46.86,0.8562,1,1
293,8,466.97,556.79,116.74,87.84,0.9164,1,1
294,1,1.75,444.73,38.13,43.38,0.8925,1,1
294,2,103.79,573.03,16.84,30.49,0.8416,1,1
294,3,0.33,410.26,33.97,45.97,0.8562,1,1
294,8,456.44,567.59,117.29,88.84,0.9195,1,1
295,1,1.90,444.74,38.30,43.53,0.8911,1,1
295,2,103.77,572.61,16.88,30.87,0.8402,1,1
295,3,0.15,410.33,34.14,45.93,0.8550,1,1
295,8,446.52,577.27,118.54,91.26,0.9092,1,1
295,60,413.09,792.50,27.78,61.70,0.8133,1,1
296,1,2.65,445.34,38.42,43.09,0.8932,1,1
296,2,103.70,572.90,16.84,30.73,0.8372,1,1
296,3,0.54,411.43,34.35,44.94,0.8530,1,1
296,8,437.91,586.27,118.96,90.70,0.9156,1,1
296,60,407.65,804.45,26.55,55.19,0.7954,1,1
297,1,3.08,447.91,38.27,41.06,0.8954,1,1
297,2,103.75,573.19,16.84,30.56,0.8377,1,1
297,3,0.70,412.31,35.24,44.57,0.8493,1,1
297,8,427.48,594.94,120.37,91.10,0.9170,1,1
297,60,404.19,813.00,27.79,51.09,0.8578,1,1
298,1,2.78,447.95,38.90,41.03,0.8954,1,1
298,2,103.74,573.19,16.89,30.55,0.8377,1,1
298,3,0.40,412.32,35.85,44.59,0.8493,1,1
298,8,427.27,595.00,120.66,91.10,0.9170,1,1
298,60,403.52,813.10,29.10,51.04,0.8578,1,1
299,1,3.03,450.25,38.80,39.77,0.8942,1,1
299,2,103.52,572.80,17.38,31.36,0.8400,1,1
299,3,0.61,412.81,36.63,44.34,0.8380,1,1
299,8,417.27,601.65,121.96,92.43,0.9131,1,1
299,60,404.54,824.01,26.68,46.71,0.8261,1,1
300,1,3.22,451.66,38.97,38.82,0.8929,1,1
300,2,103.58,572.59,17.35,31.52,0.8385,1,1
300,3,0.49,412.84,37.79,44.72,0.8414,1,1
300,8,408.10,610.17,121.07,91.40,0.9143,1,1
300,60,409.62,831.24,24.07,41.83,0.6907,1,1
301,1,3.86,453.09,39.32,37.88,0.8840,1,1
301,2,104.02,572.42,16.93,30.48,0.8355,1,1
301,3,0.44,413.24,38.35,44.46,0.8442,1,1
301,8,397.50,617.30,123.71,94.17,0.9224,1,1
301,60,414.64,830.89,25.62,46.65,0.8191,1,1
302,1,3.80,454.60,39.47,36.61,0.8776,1,1
302,2,104.06,572.39,16.96,30.35,0.8384,1,1
302,3,0.29,412.63,39.28,45.65,0.8555,1,1
302,8,385.61,624.93,124.05,94.30,0.9103,1,1
303,1,4.03,455.16,39.86,36.60,0.8702,1,1
303,2,104.19,572.47,16.95,30.30,0.8305,1,1
303,3,0.61,413.43,39.53,45.24,0.8610,1,1
303,8,374.12,632.86,125.33,94.32,0.9157,1,1
304,1,3.93,455.19,40.05,36.57,0.8703,1,1
304,2,104.21,572.44,16.93,30.22,0.8300,1,1
304,3,0.50,413.46,39.79,45.19,0.8611,1,1
304,8,373.87,632.90,125.72,94.33,0.9157,1,1
305,1,5.02,456.45,39.66,36.04,0.8588,1,1
305,2,104.25,572.65,16.87,30.14,0.8288,1,1
305,3,0.61,414.70,40.34,45.19,0.8610,1,1
305,8,360.43,639.98,128.53,95.98,0.9140,1,1
306,1,6.65,457.37,38.96,35.65,0.8506,1,1
306,2,104.38,572.79,16.77,30.02,0.8191,1,1
306,3,0.54,415.83,41.06,45.55,0.8587,1,1
306,8,347.85,647.15,129.02,97.84,0.9154,1,1
307,1,7.64,458.19,38.10,35.14,0.8482,1,1
307,2,104.41,572.84,16.73,30.04,0.8168,1,1
307,3,0.35,417.13,41.79,45.57,0.8623,1,1
307,8,335.95,654.52,129.91,100.17,0.9150,1,1
308,1,9.27,459.59,37.06,34.48,0.8495,1,1
308,2,104.41,572.72,16.70,30.13,0.8162,1,1
308,3,0.08,417.49,42.74,46.43,0.8694,1,1
308,8,323.21,662.73,131.13,103.74,0.9080,1,1
309,1,9.63,460.07,37.25,34.92,0.8659,1,1
309,2,104.43,572.64,16.70,30.33,0.8106,1,1
309,3,0.06,417.97,43.00,46.53,0.8762,1,1
309,8,309.18,673.05,131.45,103.04,0.9059,1,1
310,1,9.75,460.05,37.15,34.95,0.8657,1,1
310,2,104.48,572.70,16.62,30.29,0.8107,1,1
310,3,0.03,418.00,43.09,46.56,0.8766,1,1
310,8,308.85,673.15,131.87,103.01,0.9058,1,1
311,1,10.09,461.24,36.81,34.46,0.8700,1,1
311,2,104.47,572.66,16.63,30.37,0.8092,1,1
311,3,-0.16,418.22,43.30,47.26,0.8809,1,1
311,8,297.43,682.50,130.24,101.79,0.9076,1,1
312,1,10.43,461.90,36.58,33.90,0.8720,1,1
312,2,104.46,572.62,16.63,30.39,0.8120,1,1
312,3,0.03,419.26,42.85,46.75,0.8855,1,1
312,8,283.61,689.56,131.32,104.38,0.9090,1,1
313,1,10.39,462.54,36.96,34.32,0.8840,1,1
313,2,104.43,572.55,16.60,30.39,0.8147,1,1
313,3,0.12,419.73,42.99,46.66,0.8869,1,1
313,8,272.87,697.71,127.18,101.58,0.9148,1,1
314,1,10.91,462.83,36.49,34.06,0.8775,1,1
314,2,104.47,572.55,16.53,30.35,0.8118,1,1
314,3,0.07,419.88,43.16,46.74,0.8879,1,1
314,8,258.70,702.37,125.59,103.00,0.9063,1,1
315,1,10.65,463.31,36.52,34.06,0.8859,1,1
315,2,104.50,572.58,16.50,30.39,0.8108,1,1
315,3,0.22,420.66,43.04,46.07,0.8879,1,1
315,8,241.86,707.59,124.61,101.05,0.9065,1,1
316,1,10.62,463.34,36.56,34.01,0.8864,1,1
316,2,104.52,572.61,16.46,30.35,0.8120,1,1
316,3,0.11,420.68,43.19,46.04,0.8876,1,1
316,8,241.49,707.64,125.08,101.02,0.9065,1,1
317,1,10.85,463.63,36.36,33.89,0.8881,1,1
317,2,104.49,572.64,16.53,30.50,0.8141,1,1
317,3,0.07,421.09,43.17,45.91,0.8870,1,1
317,8,226.57,713.17,124.23,101.38,0.9173,1,1
318,1,10.80,463.68,36.61,34.19,0.8911,1,1
318,2,104.51,572.73,16.52,30.46,0.8126,1,1
318,3,0.03,421.11,43.24,46.02,0.8856,1,1
318,8,211.84,717.34,124.30,101.73,0.9144,1,1
319,1,10.82,463.70,36.63,34.14,0.8906,1,1
319,2,104.53,572.73,16.49,30.47,0.8098,1,1
319,3,0.07,421.10,43.23,45.97,0.8846,1,1
319,8,197.38,725.90,125.01,98.16,0.9098,1,1
320,1,10.60,463.79,37.14,34.39,0.8960,1,1
320,2,104.54,572.73,16.43,30.41,0.8116,1,1
320,3,0.13,421.19,43.18,45.73,0.8853,1,1
320,8,182.38,732.29,123.39,98.49,0.9111,1,1
321,1,10.52,463.76,37.25,34.44,0.8978,1,1
321,2,104.55,572.72,16.40,30.38,0.8108,1,1
321,3,0.08,421.18,43.25,45.79,0.8856,1,1
321,8,166.38,737.46,120.54,101.41,0.9101,1,1
322,1,10.54,463.77,37.24,34.42,0.8975,1,1
322,2,104.57,572.75,16.39,30.36,0.8108,1,1
322,3,0.08,421.19,43.26,45.78,0.8857,1,1
322,8,167.37,737.51,118.27,101.41,0.9101,1,1
323,1,10.57,463.69,37.22,34.33,0.8979,1,1
323,2,104.57,572.76,16.38,30.33,0.8100,1,1
323,3,0.06,421.18,43.26,45.83,0.8857,1,1
323,8,156.93,745.31,116.41,99.51,0.9101,1,1
324,1,10.44,463.59,37.31,34.45,0.8977,1,1
324,2,104.55,572.69,16.42,30.40,0.8112,1,1
324,3,0.10,421.20,43.22,45.71,0.8851,1,1
324,8,144.84,751.52,114.88,102.54,0.9176,1,1
325,1,10.42,463.43,37.26,34.43,0.8971,1,1
325,2,104.56,572.72,16.42,30.39,0.8123,1,1
325,3,-0.03,420.68,43.41,46.22,0.8864,1,1
325,8,133.02,759.76,114.26,102.27,0.9214,1,1
326,1,9.87,462.04,37.94,35.45,0.8971,1,1
326,2,104.54,572.75,16.43,30.39,0.8135,1,1
326,3,0.11,420.30,43.34,46.04,0.8885,1,1
326,8,120.95,766.82,113.89,104.08,0.8977,1,1
327,1,9.74,461.62,38.04,35.61,0.8985,1,1
327,2,104.53,572.65,16.47,30.44,0.8128,1,1
327,3,0.04,419.54,43.60,46.39,0.8877,1,1
327,8,109.25,774.93,114.01,103.39,0.8988,1,1
328,1,9.72,461.64,37.99,35.51,0.8973,1,1
328,2,104.52,572.64,16.49,30.43,0.8141,1,1
328,3,0.07,419.53,43.56,46.38,0.8877,1,1
328,8,108.99,774.98,114.37,103.38,0.8990,1,1
329,1,8.76,461.21,38.68,35.52,0.8945,1,1
329,2,104.50,572.61,16.51,30.43,0.8161,1,1
329,3,0.06,418.81,43.40,46.23,0.8850,1,1
329,8,96.16,783.65,111.53,103.63,0.8860,1,1
330,1,7.74,459.69,40.04,36.86,0.8951,1,1
330,2,104.47,572.58,16.56,30.53,0.8168,1,1
330,3,0.25,418.60,42.56,44.92,0.8761,1,1
330,8,84.78,790.32,110.06,104.38,0.8885,1,1
331,1,7.05,458.19,40.53,37.80,0.8885,1,1
331,2,104.49,572.63,16.57,30.52,0.8159,1,1
331,3,0.18,418.02,42.35,44.48,0.8662,1,1
331,8,74.19,795.74,109.74,104.42,0.8171,1,1
332,1,6.29,456.92,40.59,38.03,0.8787,1,1
332,2,104.51,572.63,16.56,30.48,0.8155,1,1
332,3,0.16,417.45,42.21,44.21,0.8589,1,1
332,8,63.90,800.69,108.17,103.30,0.5592,1,1
333,1,5.43,455.26,40.91,38.91,0.8732,1,1
333,2,104.44,572.52,16.67,30.65,0.8139,1,1
333,3,0.20,416.75,42.01,43.81,0.8531,1,1
333,8,49.68,805.18,108.39,103.81,0.3646,1,1
334,1,5.57,455.24,40.62,38.92,0.8732,1,1
334,2,104.45,572.51,16.67,30.65,0.8137,1,1
334,3,0.16,416.73,42.09,43.80,0.8531,1,1
334,8,46.70,806.11,108.14,103.92,0.3520,1,1
335,1,4.98,454.00,40.57,39.04,0.8734,1,1
335,2,104.37,572.61,16.75,30.78,0.8163,1,1
335,3,0.16,416.04,41.52,43.58,0.8513,1,1
336,1,3.92,453.03,41.09,39.39,0.8768,1,1
336,2,104.33,572.66,16.76,30.74,0.8210,1,1
336,3,-0.04,414.56,41.34,44.25,0.8524,1,1
337,1,3.59,452.25,41.50,39.86,0.8788,1,1
337,2,104.36,572.81,16.73,30.68,0.8296,1,1
337,3,0.09,414.06,40.78,44.14,0.8522,1,1
338,1,3.03,451.17,42.14,40.92,0.8794,1,1
338,2,104.33,572.85,16.78,30.66,0.8359,1,1
338,3,0.29,414.15,39.98,43.38,0.8445,1,1
339,1,2.98,450.98,42.04,41.25,0.8782,1,1
339,2,104.45,573.16,16.71,30.34,0.8361,1,1
339,3,0.16,414.23,39.66,43.35,0.8373,1,1
340,1,3.08,450.98,41.84,41.25,0.8782,1,1
340,2,104.42,573.16,16.77,30.33,0.8367,1,1
340,3,0.29,414.35,39.42,43.18,0.8375,1,1
341,1,2.95,450.67,42.15,41.38,0.8790,1,1
341,2,104.48,573.38,16.65,30.01,0.8366,1,1
341,3,0.15,414.07,39.76,43.47,0.8284,1,1
341,8,-8.20,819.87,103.91,106.83,0.5199,1,1
342,1,2.44,450.68,42.37,41.34,0.8769,1,1
342,2,104.61,573.74,16.47,29.53,0.8320,1,1
342,3,0.19,414.14,39.35,42.87,0.8265,1,1
342,8,-5.08,819.44,89.23,109.14,0.7814,1,1
343,1,2.00,450.61,42.33,41.32,0.8762,1,1
343,2,104.55,573.43,16.56,29.77,0.8240,1,1
343,3,0.09,414.07,39.17,42.71,0.8265,1,1
343,8,-3.89,816.28,79.50,114.44,0.8520,1,1
344,1,1.81,450.33,42.69,42.09,0.8737,1,1
344,2,104.62,573.71,16.41,29.49,0.8172,1,1
344,3,0.07,414.50,38.88,42.46,0.8242,1,1
344,8,-9.36,791.63,81.97,138.41,0.8209,1,1
345,1,1.88,450.31,42.15,42.01,0.8721,1,1
345,2,104.77,574.30,16.19,29.09,0.8139,1,1
345,3,0.32,415.51,38.26,41.39,0.8268,1,1
345,8,-7.38,788.46,70.97,138.90,0.8251,1,1
346,1,2.00,450.30,41.92,42.00,0.8723,1,1
346,2,104.79,574.33,16.17,29.04,0.8125,1,1
346,3,0.25,415.53,38.41,41.33,0.8265,1,1
346,8,-4.35,788.25,64.72,139.00,0.8245,1,1
347,1,1.94,450.97,41.57,41.82,0.8658,1,1
347,2,104.91,574.28,16.07,29.04,0.8115,1,1
347,3,0.39,416.33,37.98,40.34,0.8332,1,1
347,8,-4.18,788.66,54.60,135.54,0.8496,1,1
347,63,28.81,528.17,27.43,27.00,0.6430,1,1
348,1,3.13,451.30,40.85,42.53,0.8737,1,1
348,2,105.24,575.04,15.52,28.11,0.8015,1,1
348,3,0.13,417.33,38.32,40.66,0.8304,1,1
348,8,-4.17,788.91,47.42,132.68,0.8292,1,1
348,63,27.65,519.77,23.35,25.20,0.7954,1,1
349,1,2.62,450.54,41.09,43.71,0.8697,1,1
349,2,105.27,574.85,15.48,28.18,0.8012,1,1
349,3,-0.09,418.00,38.82,41.52,0.8306,1,1
349,8,-6.72,785.90,44.88,138.09,0.7422,1,1
349,63,25.35,514.90,23.50,28.77,0.7743,1,1
350,1,3.79,451.48,39.93,42.94,0.8695,1,1
350,2,105.25,574.82,15.50,28.36,0.7997,1,1
350,3,-0.05,418.81,38.35,41.27,0.8334,1,1
350,8,-9.66,792.29,41.21,132.41,0.4755,1,1
350,63,23.03,509.88,21.68,29.48,0.7442,1,1
351,1,4.02,452.03,39.29,42.27,0.8731,1,1
351,2,105.32,574.94,15.39,28.28,0.7988,1,1
351,3,-0.07,418.97,38.48,41.71,0.8326,1,1
351,63,21.97,505.39,21.01,29.90,0.6134,1,1
352,1,4.03,452.04,39.28,42.25,0.8732,1,1
352,2,105.33,574.93,15.37,28.31,0.7992,1,1
352,3,0.01,418.98,38.34,41.73,0.8327,1,1
352,63,22.30,504.92,20.12,29.93,0.6119,1,1
353,1,3.46,452.93,39.10,41.60,0.8835,1,1
353,2,105.35,575.03,15.33,28.25,0.7980,1,1
353,3,0.20,420.01,38.15,41.36,0.8457,1,1
353,63,21.37,502.97,19.33,29.06,0.2544,1,1
353,66,15.26,558.49,20.83,34.31,0.6940,1,1
354,1,3.35,453.18,38.94,41.57,0.8867,1,1
354,2,105.31,575.00,15.36,28.33,0.7984,1,1
354,3,0.07,420.76,38.70,42.08,0.8531,1,1
354,63,21.51,503.81,18.41,28.00,0.4505,1,1
354,66,15.52,558.34,20.46,33.45,0.6461,1,1
355,1,3.42,453.42,38.61,41.38,0.8889,1,1
355,2,105.34,575.07,15.32,28.27,0.7987,1,1
355,3,0.12,420.86,38.93,42.38,0.8536,1,1
355,63,21.75,503.37,17.94,27.50,0.4194,1,1
355,66,15.51,558.30,20.45,33.15,0.6670,1,1
356,1,3.32,453.13,38.82,41.99,0.8856,1,1
356,2,105.32,575.09,15.32,28.27,0.7976,1,1
356,3,-0.02,420.99,39.36,43.20,0.8548,1,1
356,63,21.73,503.25,17.71,27.45,0.3391,1,1
356,66,15.34,557.65,20.59,33.41,0.6473,1,1
357,1,3.25,453.28,39.10,42.59,0.8878,1,1
357,2,105.38,575.29,15.24,28.10,0.7991,1,1
357,3,0.13,421.23,39.10,42.92,0.8549,1,1
357,63,21.57,503.47,17.40,27.15,0.2590,1,1
357,66,15.56,558.74,20.24,32.23,0.6835,1,1
358,1,3.32,453.30,38.99,42.58,0.8877,1,1
358,2,105.38,575.36,15.24,28.08,0.7977,1,1
358,3,0.11,421.17,39.11,43.02,0.8547,1,1
358,63,21.68,503.62,17.20,27.01,0.2513,1,1
358,66,15.48,558.87,20.48,32.12,0.7057,1,1
359,1,3.31,453.43,39.15,42.88,0.8870,1,1
359,2,105.37,575.16,15.28,28.21,0.7983,1,1
359,3,0.16,421.21,39.09,42.98,0.8522,1,1
359,66,15.36,558.85,20.75,32.28,0.6404,1,1
360,1,3.48,453.20,39.67,43.67,0.8917,1,1
360,2,105.37,575.24,15.30,28.30,0.7912,1,1
360,3,0.22,421.14,39.17,42.92,0.8516,1,1
360,63,21.91,501.80,17.60,27.26,0.5125,1,1
360,66,14.70,559.75,21.22,32.83,0.7198,1,1
361,1,3.94,453.24,40.09,44.35,0.8973,1,1
361,2,105.53,575.62,15.20,27.97,0.8071,1,1
361,3,0.26,420.91,39.09,42.59,0.8531,1,1
361,63,20.17,503.69,17.71,26.93,0.4380,1,1
361,66,13.74,558.58,21.83,33.99,0.6996,1,1
362,1,3.89,452.98,39.85,43.88,0.8922,1,1
362,2,105.53,575.74,15.26,27.77,0.8198,1,1
362,3,0.05,420.63,39.37,43.09,0.8530,1,1
362,63,18.30,503.27,20.19,30.05,0.7174,1,1
362,66,13.96,560.15,21.19,33.03,0.6629,1,1
363,1,3.90,453.20,39.84,43.78,0.9002,1,1
363,2,105.45,575.67,15.39,27.87,0.8197,1,1
363,3,0.18,420.71,39.15,42.74,0.8525,1,1
363,63,17.64,504.01,20.50,30.89,0.6012,1,1
363,66,13.35,559.53,21.58,33.77,0.5497,1,1
364,1,3.89,453.21,39.87,43.77,0.9003,1,1
364,2,105.43,575.66,15.44,27.88,0.8197,1,1
364,3,0.17,420.71,39.18,42.72,0.8526,1,1
364,63,17.66,504.12,20.39,31.01,0.5968,1,1
364,66,13.29,559.34,21.60,33.93,0.5301,1,1
365,1,4.00,452.99,39.76,43.63,0.9013,1,1
365,2,105.38,575.66,15.51,27.92,0.8194,1,1
365,3,-0.32,419.56,39.98,44.46,0.8462,1,1
365,63,17.31,505.88,20.84,32.39,0.5636,1,1
365,66,12.95,558.78,22.08,35.02,0.5983,1,1
366,1,4.18,452.29,40.08,44.38,0.8891,1,1
366,2,105.40,575.62,15.50,27.87,0.8201,1,1
366,3,-0.50,419.52,40.30,46.11,0.8504,1,1
366,63,20.39,509.85,18.95,33.47,0.8380,1,1
366,66,12.66,559.63,21.94,35.00,0.4110,1,1
367,1,4.57,452.69,39.69,43.73,0.8800,1,1
367,2,105.38,575.55,15.56,27.97,0.8234,1,1
367,3,-0.16,419.16,39.56,45.79,0.8466,1,1
367,63,25.02,518.25,16.95,31.53,0.8359,1,1
367,66,11.76,558.72,23.43,37.82,0.4573,1,1
368,1,4.55,453.13,40.07,43.39,0.8903,1,1
368,2,105.06,575.04,15.94,28.61,0.8189,1,1
368,3,-0.17,418.72,39.11,45.79,0.8442,1,1
369,1,4.60,453.73,39.76,42.25,0.8888,1,1
369,2,104.88,574.96,16.12,28.77,0.8223,1,1
369,3,0.05,418.57,38.47,45.09,0.8401,1,1
370,1,4.46,453.71,40.07,42.25,0.8887,1,1
370,2,104.85,574.93,16.18,28.77,0.8225,1,1
370,3,0.07,418.59,38.40,45.03,0.8402,1,1
371,1,4.40,453.33,40.30,42.65,0.8803,1,1
371,2,104.79,575.09,16.25,28.64,0.8283,1,1
371,3,-0.32,418.46,38.95,46.47,0.8422,1,1
372,1,5.09,455.75,39.57,41.47,0.8837,1,1
372,2,104.19,574.03,17.12,30.34,0.8237,1,1
372,3,0.01,417.99,38.70,46.26,0.8549,1,1
373,1,5.27,456.51,39.16,40.53,0.8844,1,1
373,2,104.07,573.40,17.20,31.17,0.8095,1,1
373,3,0.10,418.66,39.33,47.02,0.8666,1,1
374,1,6.07,457.12,38.74,39.01,0.8866,1,1
374,2,104.22,573.34,16.77,30.73,0.8050,1,1
374,3,0.52,420.21,39.65,46.00,0.8792,1,1
375,1,7.16,457.61,38.59,38.33,0.8846,1,1
375,2,104.21,573.09,16.65,30.70,0.8065,1,1
375,3,0.32,420.58,40.25,46.02,0.8805,1,1
375,67,50.57,585.37,33.86,23.28,0.5995,1,1
376,1,7.06,457.62,38.81,38.32,0.8847,1,1
376,2,104.27,573.22,16.54,30.56,0.8061,1,1
376,3,0.20,420.60,40.50,46.00,0.8805,1,1
376,67,50.73,585.39,33.47,23.01,0.6019,1,1
377,1,7.16,459.37,37.96,36.11,0.8881,1,1
377,2,104.35,573.08,16.58,30.58,0.7994,1,1
377,3,0.37,421.47,40.50,45.15,0.8850,1,1
377,67,51.54,585.54,33.17,22.77,0.3525,1,1
378,1,7.51,461.39,38.23,34.54,0.8966,1,1
378,2,104.23,572.93,16.61,30.64,0.8032,1,1
378,3,0.23,421.75,41.06,45.34,0.8859,1,1
378,67,52.07,585.23,34.72,23.93,0.5933,1,1
379,1,7.95,462.55,38.14,33.66,0.8837,1,1
379,2,104.21,572.48,16.71,31.00,0.8128,1,1
379,3,0.04,422.35,41.57,45.91,0.8889,1,1
379,67,51.89,583.87,36.26,25.09,0.5482,1,1
380,1,7.99,462.74,38.71,33.77,0.8806,1,1
380,2,104.20,572.10,16.81,31.24,0.8076,1,1
380,3,0.07,422.72,41.68,45.93,0.8872,1,1
380,67,52.18,582.77,37.25,25.83,0.5822,1,1
381,1,8.47,463.56,38.52,33.43,0.8815,1,1
381,2,104.00,572.26,17.14,31.66,0.8570,1,1
381,3,-0.02,422.81,41.88,46.26,0.8872,1,1
381,67,53.86,580.87,39.00,25.87,0.8059,1,1
382,1,8.46,463.52,38.62,33.51,0.8818,1,1
382,2,103.95,572.21,17.20,31.73,0.8574,1,1
382,3,-0.01,422.81,41.84,46.34,0.8875,1,1
382,67,53.59,580.80,39.65,25.88,0.8079,1,1
383,1,8.20,463.70,39.03,33.60,0.8869,1,1
383,2,103.88,571.32,16.91,30.50,0.8578,1,1
383,3,0.11,423.05,41.64,45.86,0.8866,1,1
383,67,54.68,579.16,39.02,25.17,0.5506,1,1
384,1,8.27,463.61,39.22,33.77,0.8899,1,1
384,2,103.64,571.30,17.10,30.77,0.8538,1,1
384,3,0.09,423.09,41.70,45.75,0.8861,1,1
384,67,53.30,577.21,39.82,25.51,0.3935,1,1
385,1,8.33,463.68,39.16,33.50,0.8895,1,1
385,2,103.54,571.06,17.22,31.11,0.8512,1,1
385,3,0.04,423.02,41.87,45.88,0.8860,1,1
386,1,8.50,463.68,39.18,33.38,0.8899,1,1
386,2,103.23,570.36,17.40,31.86,0.8505,1,1
386,3,0.09,423.03,41.96,45.76,0.8860,1,1
387,1,8.73,463.62,39.26,33.46,0.8910,1,1
387,2,103.25,570.39,17.41,31.99,0.8554,1,1
387,3,0.09,423.05,42.21,45.84,0.8858,1,1
388,1,8.74,463.62,39.27,33.46,0.8910,1,1
388,2,103.26,570.39,17.38,31.98,0.8552,1,1
388,3,0.05,423.05,42.29,45.84,0.8858,1,1
389,1,9.01,463.58,39.05,33.42,0.8949,1,1
389,2,103.04,570.58,17.54,32.31,0.8509,1,1
389,3,0.03,423.09,42.55,46.11,0.8854,1,1
390,1,9.19,463.16,38.96,33.62,0.8953,1,1
390,2,102.92,570.51,17.56,32.41,0.8411,1,1
390,3,0.02,423.03,42.67,46.25,0.8854,1,1
391,1,9.46,462.89,38.79,33.62,0.8982,1,1
391,2,103.54,570.29,17.25,31.47,0.8436,1,1
391,3,0.04,422.90,42.81,46.35,0.8859,1,1
392,1,9.49,462.39,38.88,34.00,0.8974,1,1
392,2,103.88,570.41,17.04,30.82,0.8463,1,1
392,3,-0.00,422.79,42.96,46.64,0.8868,1,1
392,67,56.62,579.14,38.14,23.97,0.5951,1,1
393,1,9.68,462.24,38.72,34.03,0.8960,1,1
393,2,104.11,569.93,16.86,30.13,0.8483,1,1
393,3,0.16,422.60,43.23,46.60,0.8870,1,1
393,67,56.69,579.82,39.89,25.79,0.7267,1,1
394,1,9.72,462.23,38.63,34.04,0.8959,1,1
394,2,104.07,569.92,16.94,30.10,0.8483,1,1
394,3,0.13,422.61,43.41,46.56,0.8870,1,1
394,67,56.94,579.86,39.56,25.88,0.7256,1,1
395,1,9.95,461.95,38.23,33.82,0.8941,1,1
395,2,104.06,570.18,17.02,30.02,0.8530,1,1
395,3,0.10,422.46,43.79,46.84,0.8867,1,1
395,67,55.68,581.49,38.93,25.02,0.7628,1,1
396,1,9.90,461.58,38.19,33.98,0.8977,1,1
396,2,104.00,569.87,17.07,29.96,0.8491,1,1
396,3,0.11,422.25,43.86,46.80,0.8850,1,1
396,67,56.41,583.89,36.27,23.80,0.8229,1,1
397,1,9.97,461.04,38.17,34.12,0.8936,1,1
397,2,104.09,570.12,16.84,30.22,0.8333,1,1
397,3,0.23,421.98,44.03,46.58,0.8832,1,1
397,67,59.00,585.61,36.26,23.97,0.7318,1,1
398,1,10.06,460.70,38.07,34.23,0.8946,1,1
398,2,104.25,570.09,16.58,29.82,0.8281,1,1
398,3,0.20,421.71,44.14,46.41,0.8830,1,1
398,67,61.46,586.69,36.46,23.40,0.7844,1,1
399,1,10.35,459.58,37.98,34.87,0.8909,1,1
399,2,104.42,570.38,16.41,29.50,0.8194,1,1
399,3,0.16,421.24,44.35,46.48,0.8806,1,1
399,67,62.48,588.60,34.08,20.94,0.7798,1,1
400,1,10.49,459.56,37.69,34.90,0.8913,1,1
400,2,104.42,570.42,16.42,29.49,0.8195,1,1
400,3,0.10,421.08,44.55,46.69,0.8806,1,1
400,67,62.08,588.68,34.81,20.83,0.7780,1,1
401,1,10.55,459.14,37.76,35.34,0.8907,1,1
401,2,104.56,570.24,16.57,29.49,0.8252,1,1
401,3,0.16,420.88,44.84,46.87,0.8806,1,1
401,67,60.37,589.59,30.03,17.99,0.3547,1,1
402,1,10.51,459.14,37.87,35.45,0.8921,1,1
402,2,104.12,569.92,16.89,30.26,0.8401,1,1
402,3,0.27,420.93,44.80,46.52,0.8796,1,1
403,1,10.69,458.91,37.78,35.36,0.8840,1,1
403,2,104.05,569.88,16.89,30.41,0.8499,1,1
403,3,0.25,420.92,44.87,46.37,0.8789,1,1
404,1,10.35,458.95,38.29,35.93,0.8943,1,1
404,2,104.09,570.07,16.84,30.41,0.8492,1,1
404,3,0.36,420.86,44.84,45.95,0.8779,1,1
405,1,10.39,459.35,38.49,36.10,0.8983,1,1
405,2,104.19,570.16,16.76,30.31,0.8476,1,1
405,3,0.32,420.80,45.01,45.90,0.8783,1,1
406,1,10.38,459.35,38.47,36.06,0.8980,1,1
406,2,104.20,570.16,16.75,30.31,0.8475,1,1
406,3,0.27,420.78,45.11,45.91,0.8783,1,1
407,1,10.30,459.66,38.55,35.92,0.8993,1,1
407,2,104.33,570.32,16.79,30.49,0.8407,1,1
407,3,0.29,420.84,45.00,45.75,0.8784,1,1
408,1,10.32,460.28,38.55,35.48,0.8985,1,1
408,2,104.42,570.34,16.76,30.50,0.8393,1,1
408,3,0.28,420.76,45.08,45.76,0.8813,1,1
409,1,10.35,460.32,38.72,35.69,0.9005,1,1
409,2,104.74,570.34,16.56,29.90,0.8389,1,1
409,3,0.28,420.75,45.24,45.87,0.8814,1,1
410,1,10.54,460.59,38.54,35.62,0.8993,1,1
410,2,104.76,570.22,16.58,29.78,0.8384,1,1
410,3,0.31,420.89,45.16,45.71,0.8822,1,1
411,1,11.08,460.60,38.07,35.47,0.8941,1,1
411,2,104.45,570.14,16.81,30.41,0.8383,1,1
411,3,0.42,421.25,44.94,45.13,0.8813,1,1
412,1,11.15,460.65,37.93,35.42,0.8943,1,1
412,2,104.67,570.20,16.65,29.94,0.8380,1,1
412,3,0.34,421.26,45.10,45.13,0.8816,1,1
413,1,11.29,460.78,37.76,35.37,0.8941,1,1
413,2,104.69,570.25,16.69,29.97,0.8404,1,1
413,3,0.37,421.55,45.07,44.87,0.8814,1,1
414,1,11.29,460.96,37.71,35.28,0.8938,1,1
414,2,104.77,570.26,16.63,29.87,0.8399,1,1
414,3,0.32,421.58,45.10,44.80,0.8818,1,1
415,1,11.23,460.92,37.68,35.26,0.8941,1,1
415,2,104.77,570.33,16.65,29.90,0.8402,1,1
415,3,0.25,421.58,45.16,44.93,0.8818,1,1
416,1,11.34,461.16,37.52,34.98,0.8929,1,1
416,2,104.69,570.28,16.71,29.96,0.8410,1,1
416,3,0.24,421.57,45.17,45.04,0.8825,1,1
417,1,11.38,461.53,37.24,34.62,0.8911,1,1
417,2,104.63,570.26,16.77,30.09,0.8387,1,1
417,3,0.35,421.97,45.08,44.78,0.8819,1,1
418,1,11.33,461.54,37.30,34.62,0.8921,1,1
418,2,104.62,570.27,16.78,30.10,0.8387,1,1
418,3,0.32,421.99,45.14,44.78,0.8820,1,1
419,1,11.28,461.79,37.30,34.43,0.8917,1,1
419,2,104.58,570.29,16.80,30.10,0.8399,1,1
419,3,0.38,422.33,44.95,44.41,0.8813,1,1
420,1,11.07,461.81,37.55,34.69,0.8943,1,1
420,2,104.55,570.33,16.80,30.01,0.8395,1,1
420,3,0.36,422.48,45.03,44.36,0.8812,1,1
421,1,11.36,462.52,37.53,35.00,0.9008,1,1
421,2,104.77,570.49,16.80,30.20,0.8472,1,1
421,3,0.29,422.66,45.49,44.86,0.8809,1,1
422,1,11.00,462.84,38.03,35.52,0.8936,1,1
422,2,104.95,570.62,16.62,29.87,0.8526,1,1
422,3,0.17,422.44,45.56,45.13,0.8827,1,1
423,1,11.02,462.85,37.99,35.51,0.8937,1,1
423,2,104.94,570.61,16.64,29.89,0.8524,1,1
423,3,0.22,422.44,45.47,45.11,0.8823,1,1
424,1,11.01,462.85,37.98,35.50,0.8934,1,1
424,2,104.94,570.61,16.64,29.89,0.8522,1,1
424,3,0.23,422.44,45.44,45.12,0.8824,1,1
425,1,11.05,463.08,37.98,35.29,0.8944,1,1
425,2,104.96,570.58,16.62,29.87,0.8502,1,1
425,3,0.32,422.49,45.46,45.06,0.8813,1,1
426,1,11.16,463.23,38.14,35.29,0.8953,1,1
426,2,104.97,570.67,16.57,29.82,0.8515,1,1
426,3,0.33,422.46,45.61,45.23,0.8808,1,1
427,1,11.28,463.38,38.23,35.29,0.8956,1,1
427,2,104.80,570.78,16.68,29.92,0.8529,1,1
427,3,0.46,422.73,45.52,44.97,0.8803,1,1
428,1,11.16,463.38,38.46,35.59,0.8947,1,1
428,2,104.85,570.99,16.60,29.83,0.8531,1,1
428,3,0.54,422.71,45.60,44.99,0.8785,1,1
429,1,11.11,463.49,38.55,35.66,0.8947,1,1
429,2,104.92,571.35,16.46,29.62,0.8488,1,1
429,3,0.61,422.96,45.59,44.73,0.8778,1,1
430,1,11.11,463.49,38.55,35.66,0.8949,1,1
430,2,104.92,571.34,16.45,29.63,0.8490,1,1
430,3,0.58,422.94,45.77,44.72,0.8784,1,1
431,1,11.15,463.46,38.70,35.84,0.8935,1,1
431,2,104.97,571.44,16.40,29.48,0.8491,1,1
431,3,0.57,422.93,45.91,44.72,0.8788,1,1
432,1,11.33,463.65,38.62,35.87,0.8926,1,1
432,2,104.93,571.49,16.47,29.45,0.8514,1,1
432,3,0.51,423.11,46.02,44.78,0.8802,1,1
432,67,40.37,580.82,31.28,21.29,0.7345,1,1
433,1,10.94,463.38,39.03,36.50,0.8933,1,1
433,2,104.97,571.62,16.42,29.19,0.8512,1,1
433,3,-0.08,423.24,46.13,45.93,0.8723,1,1
433,67,39.05,577.83,33.08,23.54,0.4242,1,1
434,1,11.02,462.90,39.02,36.87,0.8955,1,1
434,2,105.04,571.69,16.36,28.99,0.8525,1,1
434,3,-0.70,423.43,46.79,48.64,0.8705,1,1
434,67,37.90,572.69,33.52,25.09,0.4249,1,1
435,1,10.92,463.44,39.05,36.92,0.8897,1,1
435,2,105.06,571.78,16.35,29.01,0.8515,1,1
435,3,-0.12,424.00,44.65,47.00,0.8812,1,1
436,1,10.93,463.46,39.03,36.91,0.8898,1,1
436,2,105.07,571.78,16.34,29.01,0.8515,1,1
436,3,0.01,424.01,44.40,46.99,0.8812,1,1
437,1,10.78,463.39,39.22,37.41,0.8918,1,1
437,2,105.02,571.77,16.34,29.08,0.8481,1,1
437,3,-0.10,423.95,44.24,47.26,0.8770,1,1
438,1,9.99,462.82,39.77,38.54,0.8886,1,1
438,2,105.07,571.81,16.32,29.14,0.8510,1,1
438,3,0.16,425.30,43.34,46.01,0.8672,1,1
439,1,8.93,462.70,40.68,39.47,0.8901,1,1
439,2,105.15,571.88,16.23,28.93,0.8506,1,1
439,3,0.41,425.25,42.82,44.60,0.8659,1,1
440,1,8.24,461.66,40.90,40.35,0.8897,1,1
440,2,105.26,571.98,16.14,28.85,0.8504,1,1
440,3,0.24,425.34,43.57,44.99,0.8588,1,1
440,72,31.66,525.21,24.95,28.61,0.8347,1,1
441,1,8.31,460.66,40.43,40.78,0.8844,1,1
441,2,105.42,572.18,15.95,28.54,0.8508,1,1
441,3,0.29,425.48,43.65,44.59,0.8568,1,1
441,72,28.25,520.35,24.42,29.56,0.8639,1,1
442,1,8.50,460.70,40.12,40.89,0.8841,1,1
442,2,105.42,572.14,15.95,28.57,0.8511,1,1
442,3,0.17,425.46,43.90,44.63,0.8575,1,1
442,72,28.45,520.28,23.89,29.59,0.8641,1,1
443,1,8.33,460.41,39.67,40.33,0.8913,1,1
443,2,105.49,572.42,15.83,28.34,0.8500,1,1
443,3,0.12,425.52,43.73,44.39,0.8554,1,1
443,72,27.92,518.99,22.82,27.36,0.8698,1,1
444,1,7.26,459.99,40.56,42.17,0.9011,1,1
444,2,105.57,572.57,15.75,28.25,0.8505,1,1
444,3,-0.05,425.48,43.66,44.66,0.8527,1,1
444,72,26.45,516.12,23.26,28.82,0.8553,1,1
445,1,7.28,459.89,40.29,42.33,0.9061,1,1
445,2,105.62,572.69,15.68,28.13,0.8503,1,1
445,3,-0.03,425.46,43.66,44.96,0.8499,1,1
445,72,25.38,511.17,23.74,32.34,0.8689,1,1
446,1,7.13,459.78,39.83,42.05,0.9065,1,1
446,2,105.62,572.74,15.69,28.15,0.8504,1,1
446,3,-0.26,425.77,43.72,45.61,0.8501,1,1
446,72,25.61,509.38,22.51,31.98,0.8881,1,1
447,1,6.58,458.40,40.20,43.32,0.9036,1,1
447,2,105.70,573.25,15.55,27.68,0.8506,1,1
447,3,-0.08,426.28,43.07,45.19,0.8545,1,1
447,72,25.81,509.08,21.77,31.42,0.8908,1,1
447,73,3.75,561.06,23.75,33.03,0.6599,1,1
448,1,6.71,458.33,39.90,43.37,0.9031,1,1
448,2,105.67,573.26,15.60,27.67,0.8505,1,1
448,3,-0.05,426.29,42.86,45.18,0.8540,1,1
448,72,25.88,509.08,21.64,31.42,0.8910,1,1
448,73,4.00,560.99,23.34,32.95,0.6545,1,1
449,1,6.56,458.00,39.85,43.62,0.9058,1,1
449,2,105.64,573.22,15.64,27.71,0.8502,1,1
449,3,0.10,426.27,42.60,44.79,0.8547,1,1
449,72,25.63,507.77,22.01,31.83,0.8865,1,1
449,73,4.34,561.18,22.89,32.69,0.6805,1,1
450,1,6.54,457.82,39.85,43.53,0.9055,1,1
450,2,105.65,573.30,15.63,27.66,0.8496,1,1
450,3,0.12,426.43,42.32,44.34,0.8551,1,1
450,72,26.08,507.03,21.45,31.42,0.8822,1,1
450,73,4.59,560.47,22.93,33.24,0.7518,1,1
451,1,6.69,457.84,39.98,43.56,0.9049,1,1
451,2,105.68,573.61,15.55,27.39,0.8490,1,1
451,3,0.12,426.43,42.35,44.21,0.8547,1,1
451,72,26.47,506.99,20.92,30.38,0.8850,1,1
451,73,4.71,560.34,22.82,33.33,0.7459,1,1
452,1,6.71,457.77,40.00,43.59,0.9034,1,1
452,2,105.66,573.59,15.58,27.41,0.8485,1,1
452,3,0.10,426.47,42.43,44.16,0.8545,1,1
452,72,26.47,507.01,20.97,30.33,0.8853,1,1
452,73,4.67,559.95,22.97,33.78,0.7340,1,1
